martes, 30 de junio de 2026
Disp E/N	Torr	D	Volt	Tmp nS/div	V/div
1001	1.00	200.23	3.0	195.59	22.9	500	0.050
1002	1.20	200.29	3.0	233.65	24.5	500	0.050
1003	1.40	200.29	3.0	273.33	24.5	500	0.050
1004	1.80	200.29	3.0	353.02	23.1	500	0.050
1005	2.00	200.31	3.0	392.38	23.0	500	0.050
1006	2.30	200.29	3.0	451.58	22.6	500	0.050
1007	2.60	200.29	3.0	510.13	22.8	250	0.100
1008	3.00	200.30	3.0	586.57	23.7	250	0.100
1009	3.30	200.29	3.0	645.77	23.7	250	0.100
1010	3.60	200.29	3.0	703.67	23.7	250	0.100
1011	4.00	200.29	3.0	783.03	23.6	250	0.100
1012	4.50	200.29	3.0	880.29	23.7	250	0.100
1013	5.00	200.30	3.0	977.54	23.9	250	0.100
1014	5.50	200.29	3.0	1074.80	24.0	250	0.100
1015	6.00	200.32	3.0	1172.38	24.1	250	0.100
1016	7.00	200.29	3.0	1366.57	24.2	250	0.100
1017	8.00	200.29	3.0	1560.76	24.4	250	0.100
1018	9.00	200.32	3.0	1755.27	24.5	250	0.100
1019	10.00	200.32	3.0	1958.24	23.3	250	0.100
1020	1.00	181.98	3.0	177.38	23.5	500	0.050
1021	1.20	181.95	3.0	212.83	24.1	500	0.050
1022	1.40	181.95	3.0	247.96	24.0	500	0.050
1023	1.60	181.98	3.0	285.04	23.1	500	0.050
1024	1.80	181.95	3.0	321.15	22.7	500	0.050
1025	2.00	181.95	3.0	356.27	22.7	500	0.050
1026	2.30	181.95	3.0	410.60	22.6	500	0.050
1027	2.60	181.97	3.0	462.64	23.0	500	0.050
1028	3.00	181.98	3.0	533.55	23.6	250	0.100
1029	3.30	181.95	3.0	586.57	23.7	250	0.100
1030	3.60	181.95	3.0	639.59	23.7	250	0.100
1031	4.00	181.95	3.0	710.17	23.8	250	0.100
1032	4.50	181.94	3.0	799.30	23.9	250	0.100
1033	5.00	181.95	3.0	887.44	24.0	250	0.100
1034	5.50	181.94	3.0	975.27	24.1	250	0.100
1035	6.00	181.95	3.0	1064.07	24.1	250	0.100
1036	7.00	181.95	3.0	1241.99	24.2	250	0.100
1037	8.00	181.95	3.0	1418.29	24.2	250	0.100
1038	9.00	181.95	3.0	1595.89	24.3	250	0.100
1039	10.00	181.95	3.0	1772.19	24.4	250	0.100
1040	1.00	162.39	3.0	158.51	24.6	500	0.050
1041	1.20	162.36	3.0	190.06	24.1	500	0.050
1042	1.40	162.35	3.0	221.61	24.7	500	0.050
1043	1.60	162.36	3.0	252.84	24.5	500	0.050
1044	1.80	162.39	3.0	284.71	24.5	500	0.050
1045	2.00	162.38	3.0	316.59	24.2	500	0.050
1046	2.20	162.38	3.0	348.14	24.5	500	0.050
1047	2.30	162.39	3.0	363.76	24.5	500	0.050
1048	2.60	162.36	3.0	410.92	24.3	500	0.050
1049	3.00	162.39	3.0	474.02	24.5	250	0.100
1050	3.30	162.39	3.0	522.16	24.5	250	0.100
1051	3.60	162.39	3.0	570.63	23.9	250	0.100
1052	4.00	162.37	3.0	634.71	23.6	250	0.100
1053	4.50	162.37	3.0	713.75	23.5	250	0.100
1054	5.00	162.38	3.0	793.12	23.5	250	0.100
1055	5.50	162.39	3.0	870.53	24.2	250	0.100
1056	6.00	162.36	3.0	947.95	24.7	250	0.100
1057	7.00	162.39	3.0	1106.35	24.7	250	0.100
1058	8.00	162.36	3.0	1267.36	23.8	250	0.100
1059	9.00	162.39	3.0	1426.42	23.9	250	0.100
1060	10.00	162.39	3.0	1586.78	23.5	250	0.100
1061	12.00	162.38	3.0	1903.60	23.5	250	0.100
1062	1.00	142.64	3.0	138.67	24.6	500	0.050
1063	1.20	142.67	3.0	166.64	24.4	500	0.050
1064	1.40	142.67	3.0	194.29	24.5	500	0.050
1065	1.60	142.67	3.0	222.91	23.9	500	0.050
1066	1.80	142.67	3.0	251.21	23.5	500	0.050
1067	2.00	142.65	3.0	279.19	23.5	500	0.050
1068	2.30	142.67	3.0	320.49	23.4	500	0.050
1069	2.60	142.67	3.0	362.78	23.4	500	0.050
1070	3.00	142.68	3.0	416.78	24.2	500	0.050
1071	3.30	142.64	3.0	458.41	24.5	250	0.100
1072	3.60	142.64	3.0	500.70	24.3	250	0.100
1073	4.00	142.64	3.0	555.02	24.7	250	0.100
1074	4.30	142.65	3.0	596.65	24.7	250	0.100
1075	4.50	142.66	3.0	626.90	23.5	250	0.100
1076	5.00	142.64	3.0	697.49	23.2	250	0.100
1077	5.50	142.67	3.0	767.09	23.2	250	0.100
1078	6.00	142.65	3.0	838.00	23.1	250	0.100
1079	7.00	142.66	3.0	973.97	24.0	250	0.100
1080	8.00	142.64	3.0	1112.21	24.2	250	0.100
1081	9.00	142.64	3.0	1250.45	24.3	250	0.100
1082	10.00	142.64	3.0	1389.01	24.4	250	0.100
1083	12.00	142.64	3.0	1667.77	24.4	250	0.100
1084	14.00	142.64	3.0	1945.23	24.4	250	0.100
1085	1.00	101.71	3.0	99.31	24.2	500	0.050
1086	1.20	101.73	3.0	119.80	23.0	500	0.050
1087	1.40	101.70	3.0	138.99	23.8	500	0.050
1088	1.60	101.73	3.0	158.83	24.3	500	0.050
1089	1.80	101.73	3.0	178.03	24.4	500	0.050
1090	2.00	101.73	3.0	198.52	24.3	500	0.050
1091	2.30	101.73	3.0	227.79	24.4	500	0.050
1092	2.60	101.73	3.0	257.72	24.2	500	0.050
1093	3.00	101.73	3.0	297.73	24.4	500	0.050
1094	3.30	101.73	3.0	326.68	24.4	500	0.050
1095	3.60	101.73	3.0	356.60	24.4	500	0.050
1096	4.00	101.73	3.0	395.96	24.6	250	0.100
1097	4.50	101.70	3.0	446.05	24.5	250	0.100
1098	5.00	101.73	3.0	495.49	24.5	250	0.100
1099	5.50	101.73	3.0	544.61	24.5	250	0.100
1100	6.00	101.70	3.0	595.68	24.0	250	0.100
1101	7.00	101.73	3.0	695.21	23.8	250	0.100
1102	8.00	101.73	3.0	795.39	23.4	250	0.100
1103	9.00	101.73	3.0	895.25	23.4	250	0.100
1104	10.00	101.73	3.0	994.78	23.2	250	0.100
1105	12.00	101.73	3.0	1194.50	23.2	250	0.100
1106	14.00	101.73	3.0	1392.59	23.2	250	0.100
1107	16.00	101.73	3.0	1589.38	23.6	250	0.100
1108	18.00	101.73	3.0	1785.52	24.1	25000000	0.100
1109	4.00	60.84	3.0	236.57	24.6	500	0.050
1110	5.00	60.84	3.0	296.42	24.4	250	0.100
1111	6.00	60.87	3.0	355.62	24.3	250	0.100
1112	7.00	60.84	3.0	415.15	24.3	250	0.100
1113	8.00	60.84	3.0	474.67	24.1	250	0.100
1114	9.00	60.88	3.0	535.50	23.6	250	0.100
1115	10.00	60.86	3.0	595.02	23.2	250	0.100
1116	12.00	60.88	3.0	714.40	23.1	250	0.100
1117	14.00	60.87	3.0	833.45	23.1	250	0.100
1118	16.00	60.88	3.0	952.17	23.3	250	0.100
1119	18.00	60.87	3.0	1068.62	24.1	250	0.100
1120	20.00	60.88	3.0	1186.37	24.3	250	0.100
1121	23.00	60.87	3.0	1364.29	24.4	250	0.100
1122	8.00	31.45	3.0	245.03	24.7	250	0.100
1123	9.00	31.44	3.0	276.58	23.8	250	0.100
1124	10.00	31.44	3.0	307.81	23.3	250	0.100
1125	12.00	31.45	3.0	368.96	23.3	250	0.100
1126	14.00	31.45	3.0	430.11	23.7	250	0.100
1127	16.00	31.45	3.0	490.94	24.0	250	0.100
1128	18.00	31.45	3.0	552.41	24.1	250	0.100
1129	20.00	31.45	3.0	612.91	24.3	250	0.100
1130	23.00	31.43	3.0	704.32	24.3	250	0.100
1131	26.00	31.44	3.0	796.69	24.4	250	0.100
1132	30.00	31.45	3.0	918.35	24.5	250	0.100
1133	33.00	31.44	3.0	1010.07	24.5	250	0.100
1134	12.00	10.29	3.0	120.78	23.2	250	0.100
1135	14.00	10.29	3.0	140.62	24.0	250	0.100
1136	16.00	10.26	3.0	160.46	24.2	250	0.100
1137	18.00	10.29	3.0	180.63	24.3	250	0.100
1138	20.00	10.26	3.0	200.14	24.4	250	0.100
1139	23.00	10.26	3.0	230.07	24.3	250	0.100
1140	26.00	10.27	3.0	259.67	24.5	250	0.100
1141	30.00	10.26	3.0	300.00	24.4	250	0.100
1142	33.00	10.27	3.0	330.90	24.2	250	0.100
1143	36.00	10.26	3.0	359.85	24.3	250	0.100
1144	40.00	10.26	3.0	399.21	24.4	250	0.100
1145	45.00	10.27	3.0	450.28	24.5	250	0.100
1146	50.00	10.26	3.0	499.39	24.5	250	0.100
1147	55.00	10.26	3.0	549.16	24.6	250	0.100
1148	60.00	10.26	3.0	600.88	23.5	250	0.100
