   0   0
   1   -61
   2   -61
   3   -61
   4   -61
   5   -61
   6   -61
   7   -61
   8   -61
   9   -61
   10   -61
   11   -62
   12   -61
   13   -62
   14   -61
   15   -62
   16   -61
   17   -62
   18   -61
   19   -61
   20   -61
   21   -62
   22   -61
   23   -61
   24   -61
   25   -61
   26   -61
   27   -61
   28   -61
   29   -60
   30   -62
   31   -61
   32   -62
   33   -61
   34   -62
   35   -60
   36   -62
   37   -61
   38   -62
   39   -61
   40   -61
   41   -61
   42   -61
   43   -61
   44   -61
   45   -62
   46   -61
   47   -62
   48   -61
   49   -61
   50   -61
   51   -62
   52   -61
   53   -61
   54   -61
   55   -61
   56   -61
   57   -61
   58   -61
   59   -61
   60   -61
   61   -61
   62   -61
   63   -61
   64   -61
   65   -61
   66   -62
   67   -61
   68   -61
   69   -61
   70   -61
   71   -61
   72   -61
   73   -61
   74   -61
   75   -61
   76   -61
   77   -62
   78   -61
   79   -61
   80   -61
   81   -61
   82   -61
   83   -62
   84   -61
   85   -61
   86   -61
   87   -61
   88   -61
   89   -61
   90   -61
   91   -61
   92   -62
   93   -61
   94   -62
   95   -61
   96   -62
   97   -61
   98   -62
   99   -61
   100   -62
   101   -61
   102   -61
   103   -61
   104   -61
   105   -61
   106   -61
   107   -61
   108   -61
   109   -61
   110   -61
   111   -61
   112   -61
   113   -62
   114   -61
   115   -62
   116   -61
   117   -62
   118   -61
   119   -61
   120   -61
   121   -61
   122   -61
   123   -61
   124   -61
   125   -61
   126   -62
   127   -61
   128   -61
   129   -61
   130   -62
   131   -61
   132   -62
   133   -61
   134   -61
   135   -61
   136   -61
   137   -61
   138   -61
   139   -61
   140   -61
   141   -61
   142   -61
   143   -62
   144   -61
   145   -62
   146   -61
   147   -62
   148   -61
   149   -61
   150   -61
   151   -62
   152   -61
   153   -61
   154   -61
   155   -61
   156   -61
   157   -61
   158   -61
   159   -61
   160   -62
   161   -61
   162   -62
   163   -61
   164   -62
   165   -61
   166   -62
   167   -61
   168   -62
   169   -61
   170   -61
   171   -61
   172   -61
   173   -61
   174   -61
   175   -61
   176   -61
   177   -62
   178   -61
   179   -61
   180   -61
   181   -62
   182   -61
   183   -62
   184   -61
   185   -62
   186   -61
   187   -61
   188   -61
   189   -61
   190   -62
   191   -61
   192   -61
   193   -61
   194   -60
   195   -61
   196   -61
   197   -61
   198   -61
   199   -61
   200   -62
   201   -58
   202   -19
   203   31
   204   28
   205   14
   206   3
   207   0
   208   0
   209   2
   210   2
   211   2
   212   1
   213   1
   214   1
   215   1
   216   1
   217   1
   218   1
   219   1
   220   0
   221   0
   222   1
   223   2
   224   1
   225   1
   226   0
   227   1
   228   1
   229   1
   230   1
   231   1
   232   0
   233   1
   234   1
   235   1
   236   1
   237   0
   238   1
   239   1
   240   2
   241   1
   242   1
   243   0
   244   1
   245   1
   246   2
   247   1
   248   1
   249   1
   250   1
   251   1
   252   2
   253   1
   254   1
   255   1
   256   1
   257   1
   258   1
   259   1
   260   1
   261   1
   262   1
   263   1
   264   1
   265   1
   266   1
   267   1
   268   1
   269   1
   270   1
   271   1
   272   1
   273   1
   274   2
   275   1
   276   2
   277   0
   278   1
   279   1
   280   2
   281   1
   282   2
   283   1
   284   1
   285   1
   286   1
   287   1
   288   1
   289   1
   290   0
   291   1
   292   1
   293   2
   294   1
   295   2
   296   1
   297   2
   298   0
   299   2
   300   1
   301   1
   302   1
   303   2
   304   1
   305   1
   306   1
   307   1
   308   1
   309   1
   310   2
   311   1
   312   1
   313   1
   314   1
   315   1
   316   1
   317   1
   318   1
   319   1
   320   1
   321   1
   322   1
   323   1
   324   1
   325   1
   326   1
   327   1
   328   1
   329   1
   330   1
   331   1
   332   1
   333   1
   334   1
   335   1
   336   1
   337   1
   338   1
   339   1
   340   1
   341   1
   342   1
   343   1
   344   1
   345   1
   346   1
   347   1
   348   1
   349   1
   350   1
   351   1
   352   1
   353   1
   354   1
   355   1
   356   0
   357   1
   358   0
   359   1
   360   0
   361   1
   362   0
   363   1
   364   1
   365   1
   366   0
   367   0
   368   0
   369   0
   370   0
   371   0
   372   0
   373   0
   374   0
   375   -1
   376   -1
   377   -1
   378   -1
   379   -2
   380   -2
   381   -3
   382   -3
   383   -4
   384   -4
   385   -4
   386   -6
   387   -6
   388   -7
   389   -7
   390   -9
   391   -9
   392   -11
   393   -11
   394   -13
   395   -14
   396   -16
   397   -17
   398   -18
   399   -20
   400   -21
   401   -23
   402   -24
   403   -26
   404   -27
   405   -29
   406   -30
   407   -32
   408   -32
   409   -35
   410   -36
   411   -38
   412   -39
   413   -41
   414   -41
   415   -43
   416   -44
   417   -45
   418   -46
   419   -48
   420   -49
   421   -49
   422   -51
   423   -51
   424   -52
   425   -52
   426   -54
   427   -54
   428   -55
   429   -55
   430   -56
   431   -56
   432   -57
   433   -57
   434   -57
   435   -58
   436   -58
   437   -58
   438   -59
   439   -59
   440   -59
   441   -59
   442   -59
   443   -60
   444   -59
   445   -60
   446   -59
   447   -60
   448   -60
   449   -60
   450   -60
   451   -60
   452   -60
   453   -60
   454   -61
   455   -60
   456   -61
   457   -60
   458   -61
   459   -60
   460   -61
   461   -60
   462   -61
   463   -61
   464   -61
   465   -61
   466   -60
   467   -61
   468   -60
   469   -61
   470   -60
   471   -61
   472   -60
   473   -61
   474   -60
   475   -61
   476   -60
   477   -61
   478   -60
   479   -61
   480   -60
   481   -61
   482   -61
   483   -61
   484   -61
   485   -61
   486   -61
   487   -60
   488   -61
   489   -61
   490   -61
   491   -61
   492   -61
   493   -61
   494   -61
   495   -61
   496   -61
   497   -61
   498   -61
   499   -61
   500   -61
   501   -61
   502   -61
   503   -61
   504   -61
   505   -61
   506   -61
   507   -61
   508   -61
   509   -61
   510   -61
   511   -61
   512   -61
   513   -61
   514   -61
   515   -61
   516   -61
   517   -61
   518   -61
   519   -60
   520   -62
   521   -61
   522   -61
   523   -61
   524   -61
   525   -61
   526   -61
   527   -61
   528   -61
   529   -61
   530   -61
   531   -61
   532   -61
   533   -61
   534   -61
   535   -61
   536   -60
   537   -61
   538   -61
   539   -61
   540   -60
   541   -61
   542   -61
   543   -62
   544   -61
   545   -61
   546   -61
   547   -61
   548   -61
   549   -61
   550   -61
   551   -61
   552   -61
   553   -61
   554   -61
   555   -61
   556   -61
   557   -61
   558   -61
   559   -61
   560   -61
   561   -61
   562   -61
   563   -61
   564   -61
   565   -61
   566   -61
   567   -61
   568   -61
   569   -61
   570   -61
   571   -61
   572   -61
   573   -61
   574   -61
   575   -61
   576   -61
   577   -61
   578   -61
   579   -61
   580   -61
   581   -61
   582   -61
   583   -61
   584   -62
   585   -61
   586   -61
   587   -61
   588   -61
   589   -61
   590   -61
   591   -61
   592   -61
   593   -61
   594   -61
   595   -61
   596   -61
   597   -61
   598   -61
   599   -61
   600   -61
   601   -61
   602   -61
   603   -61
   604   -61
   605   -61
   606   -61
   607   -61
   608   -61
   609   -61
   610   -61
   611   -61
   612   -61
   613   -61
   614   -61
   615   -61
   616   -61
   617   -61
   618   -61
   619   -61
   620   -61
   621   -61
   622   -61
   623   -61
   624   -61
   625   -61
   626   -61
   627   -61
   628   -61
   629   -61
   630   -61
   631   -61
   632   -61
   633   -61
   634   -61
   635   -61
   636   -61
   637   -61
   638   -61
   639   -61
   640   -61
   641   -61
   642   -61
   643   -61
   644   -61
   645   -61
   646   -61
   647   -61
   648   -62
   649   -61
   650   -61
   651   -60
   652   -62
   653   -61
   654   -62
   655   -61
   656   -61
   657   -61
   658   -61
   659   -61
   660   -61
   661   -61
   662   -61
   663   -61
   664   -61
   665   -61
   666   -61
   667   -61
   668   -61
   669   -61
   670   -61
   671   -61
   672   -61
   673   -61
   674   -61
   675   -61
   676   -61
   677   -61
   678   -61
   679   -61
   680   -61
   681   -61
   682   -61
   683   -61
   684   -61
   685   -61
   686   -61
   687   -61
   688   -61
   689   -61
   690   -61
   691   -61
   692   -61
   693   -61
   694   -61
   695   -61
   696   -61
   697   -61
   698   -61
   699   -61
   700   -61
   701   -61
   702   -61
   703   -61
   704   -61
   705   -61
   706   -61
   707   -61
   708   -61
   709   -61
   710   -61
   711   -61
   712   -62
   713   -61
   714   -61
   715   -61
   716   -61
   717   -61
   718   -61
   719   -61
   720   -61
   721   -61
   722   -61
   723   -61
   724   -61
   725   -61
   726   -61
   727   -61
   728   -61
   729   -61
   730   -61
   731   -61
   732   -61
   733   -61
   734   -61
   735   -61
   736   -61
   737   -61
   738   -61
   739   -61
   740   -61
   741   -61
   742   -61
   743   -61
   744   -61
   745   -61
   746   -61
   747   -61
   748   -61
   749   -61
   750   -61
   751   -61
   752   -61
   753   -61
   754   -61
   755   -61
   756   -61
   757   -61
   758   -61
   759   -62
   760   -61
   761   -62
   762   -61
   763   -61
   764   -61
   765   -61
   766   -61
   767   -61
   768   -61
   769   -61
   770   -61
   771   -61
   772   -61
   773   -61
   774   -61
   775   -61
   776   -61
   777   -61
   778   -61
   779   -61
   780   -61
   781   -61
   782   -61
   783   -61
   784   -61
   785   -61
   786   -61
   787   -61
   788   -61
   789   -61
   790   -61
   791   -61
   792   -61
   793   -61
   794   -61
   795   -61
   796   -61
   797   -61
   798   -61
   799   -61
   800   -61
   801   -61
   802   -61
   803   -61
   804   -61
   805   -61
   806   -61
   807   -61
   808   -61
   809   -61
   810   -61
   811   -61
   812   -61
   813   -61
   814   -61
   815   -61
   816   -61
   817   -61
   818   -61
   819   -61
   820   -61
   821   -61
   822   -61
   823   -61
   824   -61
   825   -61
   826   -61
   827   -61
   828   -61
   829   -61
   830   -61
   831   -61
   832   -61
   833   -61
   834   -61
   835   -61
   836   -61
   837   -61
   838   -61
   839   -61
   840   -61
   841   -61
   842   -61
   843   -61
   844   -61
   845   -61
   846   -61
   847   -61
   848   -61
   849   -61
   850   -61
   851   -61
   852   -61
   853   -61
   854   -61
   855   -61
   856   -61
   857   -61
   858   -61
   859   -61
   860   -61
   861   -61
   862   -61
   863   -61
   864   -61
   865   -61
   866   -61
   867   -61
   868   -61
   869   -61
   870   -61
   871   -61
   872   -61
   873   -61
   874   -61
   875   -61
   876   -61
   877   -61
   878   -61
   879   -61
   880   -61
   881   -61
   882   -61
   883   -61
   884   -61
   885   -61
   886   -61
   887   -62
   888   -61
   889   -62
   890   -61
   891   -61
   892   -61
   893   -62
   894   -61
   895   -62
   896   -61
   897   -61
   898   -61
   899   -61
   900   -61
   901   -61
   902   -61
   903   -61
   904   -61
   905   -61
   906   -61
   907   -61
   908   -61
   909   -61
   910   -62
   911   -61
   912   -61
   913   -61
   914   -61
   915   -61
   916   -61
   917   -61
   918   -61
   919   -61
   920   -61
   921   -61
   922   -61
   923   -61
   924   -61
   925   -61
   926   -61
   927   -61
   928   -61
   929   -61
   930   -61
   931   -61
   932   -61
   933   -61
   934   -61
   935   -61
   936   -61
   937   -61
   938   -61
   939   -61
   940   -61
   941   -61
   942   -61
   943   -61
   944   -61
   945   -61
   946   -61
   947   -61
   948   -61
   949   -61
   950   -61
   951   -61
   952   -61
   953   -62
   954   -61
   955   -61
   956   -61
   957   -62
   958   -61
   959   -61
   960   -61
   961   -61
   962   -61
   963   -61
   964   -61
   965   -61
   966   -61
   967   -61
   968   -61
   969   -61
   970   -61
   971   -61
   972   -62
   973   -61
   974   -61
   975   -61
   976   -61
   977   -61
   978   -61
   979   -61
   980   -61
   981   -61
   982   -61
   983   -61
   984   -61
   985   -61
   986   -61
   987   -61
   988   -61
   989   -61
   990   -61
   991   -61
   992   -61
   993   -61
   994   -61
   995   -61
   996   -61
   997   -61
   998   -61
   999   -60
