   0   0
   1   -61
   2   -62
   3   -61
   4   -61
   5   -61
   6   -61
   7   -61
   8   -61
   9   -62
   10   -61
   11   -62
   12   -60
   13   -62
   14   -60
   15   -62
   16   -61
   17   -62
   18   -61
   19   -61
   20   -61
   21   -61
   22   -61
   23   -61
   24   -61
   25   -61
   26   -62
   27   -61
   28   -62
   29   -61
   30   -62
   31   -61
   32   -62
   33   -61
   34   -62
   35   -61
   36   -61
   37   -61
   38   -61
   39   -61
   40   -61
   41   -61
   42   -61
   43   -62
   44   -61
   45   -62
   46   -61
   47   -62
   48   -61
   49   -62
   50   -61
   51   -62
   52   -61
   53   -61
   54   -61
   55   -61
   56   -61
   57   -61
   58   -62
   59   -61
   60   -62
   61   -60
   62   -62
   63   -60
   64   -62
   65   -61
   66   -62
   67   -61
   68   -62
   69   -61
   70   -61
   71   -61
   72   -61
   73   -62
   74   -61
   75   -62
   76   -61
   77   -62
   78   -60
   79   -62
   80   -60
   81   -62
   82   -61
   83   -62
   84   -61
   85   -61
   86   -61
   87   -61
   88   -61
   89   -61
   90   -62
   91   -61
   92   -62
   93   -61
   94   -62
   95   -61
   96   -62
   97   -61
   98   -62
   99   -61
   100   -62
   101   -61
   102   -62
   103   -61
   104   -61
   105   -61
   106   -61
   107   -61
   108   -61
   109   -62
   110   -61
   111   -62
   112   -61
   113   -62
   114   -61
   115   -62
   116   -61
   117   -62
   118   -61
   119   -61
   120   -61
   121   -61
   122   -61
   123   -61
   124   -62
   125   -61
   126   -62
   127   -61
   128   -62
   129   -61
   130   -62
   131   -60
   132   -62
   133   -61
   134   -61
   135   -61
   136   -61
   137   -61
   138   -61
   139   -61
   140   -61
   141   -61
   142   -61
   143   -62
   144   -61
   145   -62
   146   -61
   147   -62
   148   -61
   149   -61
   150   -61
   151   -61
   152   -61
   153   -61
   154   -61
   155   -61
   156   -61
   157   -61
   158   -61
   159   -61
   160   -62
   161   -61
   162   -62
   163   -61
   164   -62
   165   -61
   166   -61
   167   -61
   168   -61
   169   -61
   170   -61
   171   -61
   172   -61
   173   -62
   174   -61
   175   -62
   176   -61
   177   -62
   178   -60
   179   -62
   180   -61
   181   -62
   182   -61
   183   -61
   184   -61
   185   -61
   186   -61
   187   -61
   188   -61
   189   -61
   190   -62
   191   -61
   192   -61
   193   -61
   194   -61
   195   -60
   196   -62
   197   -61
   198   -62
   199   -60
   200   -62
   201   -59
   202   -31
   203   26
   204   55
   205   60
   206   56
   207   52
   208   51
   209   51
   210   52
   211   53
   212   53
   213   53
   214   53
   215   53
   216   53
   217   53
   218   53
   219   53
   220   53
   221   53
   222   53
   223   54
   224   53
   225   53
   226   52
   227   53
   228   53
   229   53
   230   53
   231   53
   232   52
   233   53
   234   53
   235   53
   236   53
   237   52
   238   53
   239   53
   240   54
   241   53
   242   53
   243   52
   244   52
   245   52
   246   53
   247   52
   248   53
   249   52
   250   52
   251   53
   252   52
   253   53
   254   52
   255   52
   256   52
   257   53
   258   52
   259   52
   260   51
   261   52
   262   52
   263   53
   264   52
   265   52
   266   51
   267   51
   268   52
   269   52
   270   52
   271   51
   272   52
   273   51
   274   52
   275   51
   276   52
   277   50
   278   51
   279   50
   280   51
   281   51
   282   51
   283   51
   284   51
   285   51
   286   51
   287   51
   288   50
   289   51
   290   50
   291   50
   292   50
   293   51
   294   50
   295   51
   296   50
   297   50
   298   50
   299   50
   300   50
   301   50
   302   50
   303   50
   304   50
   305   50
   306   50
   307   49
   308   50
   309   49
   310   50
   311   49
   312   50
   313   49
   314   49
   315   49
   316   49
   317   49
   318   49
   319   49
   320   48
   321   49
   322   49
   323   49
   324   48
   325   49
   326   48
   327   49
   328   48
   329   49
   330   48
   331   48
   332   48
   333   48
   334   48
   335   48
   336   48
   337   48
   338   48
   339   47
   340   48
   341   47
   342   48
   343   47
   344   48
   345   47
   346   48
   347   47
   348   47
   349   47
   350   47
   351   47
   352   47
   353   47
   354   47
   355   47
   356   46
   357   47
   358   46
   359   47
   360   46
   361   47
   362   46
   363   46
   364   46
   365   46
   366   46
   367   46
   368   46
   369   46
   370   46
   371   45
   372   46
   373   45
   374   46
   375   45
   376   45
   377   45
   378   45
   379   44
   380   44
   381   44
   382   43
   383   43
   384   41
   385   40
   386   38
   387   36
   388   33
   389   31
   390   26
   391   23
   392   17
   393   13
   394   7
   395   2
   396   -5
   397   -10
   398   -16
   399   -22
   400   -27
   401   -32
   402   -37
   403   -41
   404   -44
   405   -48
   406   -49
   407   -52
   408   -53
   409   -55
   410   -56
   411   -57
   412   -58
   413   -59
   414   -59
   415   -59
   416   -59
   417   -59
   418   -60
   419   -59
   420   -60
   421   -59
   422   -60
   423   -59
   424   -60
   425   -60
   426   -60
   427   -60
   428   -60
   429   -60
   430   -60
   431   -60
   432   -60
   433   -60
   434   -60
   435   -61
   436   -60
   437   -60
   438   -60
   439   -60
   440   -60
   441   -60
   442   -60
   443   -61
   444   -60
   445   -60
   446   -60
   447   -60
   448   -60
   449   -60
   450   -60
   451   -60
   452   -60
   453   -60
   454   -60
   455   -60
   456   -61
   457   -60
   458   -61
   459   -60
   460   -61
   461   -60
   462   -61
   463   -60
   464   -60
   465   -60
   466   -60
   467   -60
   468   -60
   469   -61
   470   -60
   471   -60
   472   -60
   473   -61
   474   -60
   475   -61
   476   -60
   477   -60
   478   -60
   479   -60
   480   -60
   481   -60
   482   -60
   483   -60
   484   -61
   485   -60
   486   -60
   487   -60
   488   -60
   489   -60
   490   -61
   491   -60
   492   -60
   493   -60
   494   -61
   495   -61
   496   -61
   497   -61
   498   -60
   499   -61
   500   -60
   501   -61
   502   -60
   503   -61
   504   -60
   505   -61
   506   -60
   507   -61
   508   -60
   509   -61
   510   -61
   511   -61
   512   -61
   513   -61
   514   -60
   515   -61
   516   -61
   517   -60
   518   -61
   519   -61
   520   -61
   521   -60
   522   -61
   523   -60
   524   -61
   525   -60
   526   -61
   527   -61
   528   -61
   529   -61
   530   -61
   531   -61
   532   -61
   533   -61
   534   -61
   535   -61
   536   -61
   537   -61
   538   -61
   539   -61
   540   -61
   541   -61
   542   -60
   543   -61
   544   -61
   545   -61
   546   -61
   547   -61
   548   -61
   549   -61
   550   -61
   551   -61
   552   -61
   553   -61
   554   -61
   555   -60
   556   -61
   557   -61
   558   -61
   559   -60
   560   -61
   561   -61
   562   -61
   563   -61
   564   -61
   565   -61
   566   -61
   567   -61
   568   -61
   569   -61
   570   -60
   571   -61
   572   -61
   573   -61
   574   -61
   575   -61
   576   -61
   577   -61
   578   -61
   579   -61
   580   -61
   581   -61
   582   -61
   583   -61
   584   -61
   585   -61
   586   -61
   587   -61
   588   -61
   589   -61
   590   -61
   591   -61
   592   -61
   593   -61
   594   -61
   595   -61
   596   -61
   597   -61
   598   -61
   599   -61
   600   -61
   601   -61
   602   -61
   603   -61
   604   -61
   605   -61
   606   -61
   607   -61
   608   -61
   609   -61
   610   -61
   611   -61
   612   -61
   613   -61
   614   -61
   615   -61
   616   -61
   617   -61
   618   -61
   619   -61
   620   -61
   621   -61
   622   -61
   623   -61
   624   -61
   625   -61
   626   -61
   627   -61
   628   -61
   629   -61
   630   -61
   631   -61
   632   -61
   633   -61
   634   -61
   635   -61
   636   -61
   637   -61
   638   -61
   639   -61
   640   -61
   641   -61
   642   -60
   643   -61
   644   -61
   645   -61
   646   -61
   647   -61
   648   -61
   649   -61
   650   -61
   651   -61
   652   -61
   653   -61
   654   -61
   655   -61
   656   -61
   657   -61
   658   -61
   659   -61
   660   -61
   661   -61
   662   -61
   663   -61
   664   -61
   665   -61
   666   -61
   667   -61
   668   -61
   669   -61
   670   -61
   671   -61
   672   -61
   673   -61
   674   -61
   675   -61
   676   -61
   677   -61
   678   -61
   679   -61
   680   -61
   681   -61
   682   -61
   683   -61
   684   -61
   685   -61
   686   -61
   687   -61
   688   -61
   689   -61
   690   -61
   691   -60
   692   -61
   693   -61
   694   -61
   695   -61
   696   -61
   697   -61
   698   -61
   699   -61
   700   -61
   701   -61
   702   -61
   703   -61
   704   -61
   705   -61
   706   -61
   707   -61
   708   -61
   709   -61
   710   -61
   711   -61
   712   -60
   713   -61
   714   -61
   715   -61
   716   -61
   717   -61
   718   -61
   719   -61
   720   -61
   721   -61
   722   -61
   723   -61
   724   -61
   725   -61
   726   -61
   727   -61
   728   -61
   729   -61
   730   -61
   731   -60
   732   -61
   733   -61
   734   -61
   735   -61
   736   -61
   737   -61
   738   -61
   739   -61
   740   -61
   741   -61
   742   -61
   743   -61
   744   -61
   745   -61
   746   -61
   747   -61
   748   -61
   749   -61
   750   -61
   751   -61
   752   -61
   753   -61
   754   -61
   755   -61
   756   -61
   757   -61
   758   -61
   759   -61
   760   -61
   761   -61
   762   -61
   763   -61
   764   -61
   765   -61
   766   -61
   767   -61
   768   -61
   769   -61
   770   -61
   771   -61
   772   -61
   773   -61
   774   -61
   775   -61
   776   -61
   777   -61
   778   -61
   779   -61
   780   -61
   781   -61
   782   -61
   783   -61
   784   -61
   785   -61
   786   -61
   787   -61
   788   -61
   789   -61
   790   -61
   791   -61
   792   -61
   793   -61
   794   -61
   795   -60
   796   -61
   797   -61
   798   -61
   799   -61
   800   -61
   801   -61
   802   -61
   803   -61
   804   -61
   805   -61
   806   -61
   807   -61
   808   -61
   809   -61
   810   -61
   811   -61
   812   -61
   813   -61
   814   -61
   815   -61
   816   -61
   817   -61
   818   -61
   819   -61
   820   -61
   821   -60
   822   -61
   823   -61
   824   -61
   825   -61
   826   -61
   827   -61
   828   -61
   829   -60
   830   -61
   831   -61
   832   -61
   833   -61
   834   -61
   835   -61
   836   -61
   837   -61
   838   -61
   839   -61
   840   -61
   841   -61
   842   -61
   843   -61
   844   -60
   845   -61
   846   -61
   847   -61
   848   -61
   849   -61
   850   -61
   851   -61
   852   -61
   853   -61
   854   -61
   855   -61
   856   -61
   857   -61
   858   -61
   859   -61
   860   -61
   861   -61
   862   -61
   863   -60
   864   -61
   865   -61
   866   -61
   867   -61
   868   -61
   869   -61
   870   -61
   871   -61
   872   -61
   873   -61
   874   -61
   875   -61
   876   -61
   877   -61
   878   -61
   879   -61
   880   -61
   881   -61
   882   -61
   883   -61
   884   -61
   885   -61
   886   -61
   887   -61
   888   -61
   889   -61
   890   -61
   891   -60
   892   -61
   893   -61
   894   -61
   895   -60
   896   -61
   897   -61
   898   -61
   899   -61
   900   -61
   901   -61
   902   -61
   903   -61
   904   -61
   905   -61
   906   -61
   907   -61
   908   -61
   909   -62
   910   -60
   911   -61
   912   -60
   913   -61
   914   -61
   915   -61
   916   -61
   917   -61
   918   -61
   919   -61
   920   -61
   921   -61
   922   -61
   923   -61
   924   -61
   925   -60
   926   -61
   927   -61
   928   -61
   929   -61
   930   -61
   931   -61
   932   -61
   933   -61
   934   -61
   935   -61
   936   -61
   937   -61
   938   -61
   939   -61
   940   -61
   941   -61
   942   -61
   943   -61
   944   -60
   945   -61
   946   -61
   947   -61
   948   -61
   949   -61
   950   -61
   951   -61
   952   -61
   953   -61
   954   -61
   955   -61
   956   -61
   957   -61
   958   -61
   959   -60
   960   -61
   961   -61
   962   -61
   963   -61
   964   -61
   965   -61
   966   -61
   967   -61
   968   -61
   969   -61
   970   -61
   971   -61
   972   -60
   973   -61
   974   -60
   975   -61
   976   -60
   977   -61
   978   -61
   979   -61
   980   -61
   981   -61
   982   -61
   983   -61
   984   -61
   985   -61
   986   -61
   987   -61
   988   -61
   989   -61
   990   -61
   991   -61
   992   -62
   993   -61
   994   -61
   995   -61
   996   -61
   997   -60
   998   -61
   999   -61
