   0   0
   1   -68
   2   -68
   3   -67
   4   -67
   5   -67
   6   -66
   7   -67
   8   -68
   9   -68
   10   -68
   11   -69
   12   -69
   13   -69
   14   -69
   15   -69
   16   -68
   17   -68
   18   -68
   19   -67
   20   -67
   21   -67
   22   -67
   23   -66
   24   -68
   25   -67
   26   -68
   27   -67
   28   -69
   29   -69
   30   -69
   31   -69
   32   -69
   33   -69
   34   -68
   35   -68
   36   -67
   37   -67
   38   -67
   39   -66
   40   -67
   41   -68
   42   -67
   43   -68
   44   -69
   45   -69
   46   -69
   47   -69
   48   -68
   49   -69
   50   -68
   51   -67
   52   -67
   53   -67
   54   -66
   55   -66
   56   -67
   57   -67
   58   -67
   59   -68
   60   -68
   61   -68
   62   -69
   63   -68
   64   -69
   65   -68
   66   -68
   67   -68
   68   -67
   69   -67
   70   -67
   71   -67
   72   -66
   73   -67
   74   -67
   75   -68
   76   -68
   77   -68
   78   -69
   79   -69
   80   -69
   81   -69
   82   -68
   83   -68
   84   -67
   85   -66
   86   -66
   87   -66
   88   -67
   89   -67
   90   -67
   91   -68
   92   -68
   93   -68
   94   -69
   95   -69
   96   -69
   97   -69
   98   -69
   99   -67
   100   -68
   101   -67
   102   -67
   103   -68
   104   -67
   105   -67
   106   -67
   107   -67
   108   -68
   109   -69
   110   -69
   111   -69
   112   -69
   113   -69
   114   -68
   115   -68
   116   -68
   117   -67
   118   -67
   119   -66
   120   -67
   121   -67
   122   -66
   123   -67
   124   -68
   125   -68
   126   -69
   127   -69
   128   -69
   129   -69
   130   -69
   131   -68
   132   -68
   133   -67
   134   -67
   135   -66
   136   -67
   137   -66
   138   -66
   139   -67
   140   -68
   141   -68
   142   -69
   143   -69
   144   -68
   145   -69
   146   -70
   147   -68
   148   -68
   149   -68
   150   -67
   151   -66
   152   -67
   153   -67
   154   -66
   155   -67
   156   -67
   157   -68
   158   -67
   159   -69
   160   -69
   161   -69
   162   -69
   163   -69
   164   -67
   165   -68
   166   -68
   167   -66
   168   -67
   169   -67
   170   -66
   171   -67
   172   -67
   173   -68
   174   -68
   175   -69
   176   -69
   177   -69
   178   -69
   179   -69
   180   -68
   181   -68
   182   -68
   183   -66
   184   -67
   185   -67
   186   -66
   187   -67
   188   -67
   189   -67
   190   -68
   191   -68
   192   -69
   193   -69
   194   -69
   195   -69
   196   -69
   197   -68
   198   -67
   199   -68
   200   -67
   201   -36
   202   59
   203   34
   204   29
   205   34
   206   35
   207   35
   208   36
   209   37
   210   37
   211   37
   212   39
   213   39
   214   40
   215   41
   216   41
   217   42
   218   42
   219   41
   220   43
   221   42
   222   40
   223   40
   224   40
   225   39
   226   40
   227   39
   228   39
   229   40
   230   40
   231   41
   232   41
   233   41
   234   42
   235   41
   236   41
   237   41
   238   40
   239   38
   240   38
   241   39
   242   38
   243   37
   244   37
   245   37
   246   37
   247   39
   248   39
   249   39
   250   40
   251   39
   252   39
   253   38
   254   38
   255   38
   256   36
   257   36
   258   35
   259   35
   260   34
   261   34
   262   35
   263   35
   264   37
   265   36
   266   36
   267   36
   268   36
   269   36
   270   35
   271   35
   272   33
   273   33
   274   32
   275   32
   276   32
   277   32
   278   32
   279   32
   280   33
   281   33
   282   34
   283   34
   284   34
   285   34
   286   33
   287   32
   288   32
   289   31
   290   30
   291   29
   292   29
   293   29
   294   29
   295   30
   296   30
   297   30
   298   31
   299   31
   300   31
   301   31
   302   30
   303   29
   304   28
   305   29
   306   27
   307   27
   308   27
   309   27
   310   26
   311   27
   312   28
   313   28
   314   28
   315   28
   316   28
   317   29
   318   28
   319   27
   320   27
   321   27
   322   25
   323   25
   324   24
   325   24
   326   24
   327   24
   328   24
   329   25
   330   25
   331   25
   332   25
   333   25
   334   25
   335   24
   336   23
   337   21
   338   20
   339   18
   340   16
   341   15
   342   15
   343   12
   344   11
   345   9
   346   7
   347   5
   348   3
   349   0
   350   -2
   351   -7
   352   -10
   353   -14
   354   -17
   355   -21
   356   -25
   357   -29
   358   -32
   359   -34
   360   -37
   361   -39
   362   -41
   363   -44
   364   -46
   365   -47
   366   -50
   367   -52
   368   -54
   369   -56
   370   -58
   371   -61
   372   -63
   373   -64
   374   -65
   375   -66
   376   -66
   377   -65
   378   -65
   379   -65
   380   -65
   381   -64
   382   -64
   383   -64
   384   -65
   385   -66
   386   -66
   387   -66
   388   -68
   389   -68
   390   -68
   391   -68
   392   -68
   393   -68
   394   -67
   395   -66
   396   -65
   397   -65
   398   -64
   399   -65
   400   -65
   401   -66
   402   -67
   403   -67
   404   -68
   405   -68
   406   -69
   407   -69
   408   -69
   409   -68
   410   -67
   411   -67
   412   -66
   413   -66
   414   -66
   415   -65
   416   -66
   417   -66
   418   -66
   419   -67
   420   -67
   421   -68
   422   -69
   423   -69
   424   -68
   425   -68
   426   -67
   427   -66
   428   -66
   429   -65
   430   -65
   431   -64
   432   -66
   433   -66
   434   -66
   435   -67
   436   -67
   437   -68
   438   -69
   439   -69
   440   -70
   441   -68
   442   -68
   443   -68
   444   -66
   445   -66
   446   -67
   447   -66
   448   -66
   449   -67
   450   -67
   451   -67
   452   -67
   453   -68
   454   -69
   455   -69
   456   -69
   457   -68
   458   -68
   459   -67
   460   -67
   461   -66
   462   -66
   463   -65
   464   -65
   465   -65
   466   -65
   467   -66
   468   -67
   469   -67
   470   -68
   471   -69
   472   -69
   473   -69
   474   -69
   475   -68
   476   -68
   477   -67
   478   -66
   479   -66
   480   -66
   481   -66
   482   -67
   483   -66
   484   -67
   485   -68
   486   -68
   487   -69
   488   -69
   489   -69
   490   -69
   491   -68
   492   -68
   493   -66
   494   -66
   495   -66
   496   -65
   497   -66
   498   -65
   499   -66
   500   -66
   501   -67
   502   -67
   503   -68
   504   -69
   505   -69
   506   -68
   507   -69
   508   -68
   509   -67
   510   -66
   511   -66
   512   -66
   513   -66
   514   -66
   515   -67
   516   -67
   517   -68
   518   -68
   519   -69
   520   -69
   521   -69
   522   -69
   523   -69
   524   -68
   525   -67
   526   -68
   527   -66
   528   -66
   529   -65
   530   -66
   531   -66
   532   -67
   533   -66
   534   -67
   535   -68
   536   -68
   537   -69
   538   -68
   539   -69
   540   -68
   541   -68
   542   -67
   543   -66
   544   -66
   545   -66
   546   -66
   547   -66
   548   -66
   549   -67
   550   -67
   551   -69
   552   -69
   553   -69
   554   -70
   555   -69
   556   -69
   557   -69
   558   -68
   559   -67
   560   -66
   561   -66
   562   -65
   563   -66
   564   -66
   565   -66
   566   -67
   567   -67
   568   -68
   569   -69
   570   -69
   571   -69
   572   -69
   573   -67
   574   -67
   575   -67
   576   -66
   577   -66
   578   -65
   579   -65
   580   -66
   581   -66
   582   -67
   583   -67
   584   -68
   585   -69
   586   -69
   587   -69
   588   -69
   589   -68
   590   -68
   591   -68
   592   -67
   593   -66
   594   -66
   595   -66
   596   -66
   597   -66
   598   -66
   599   -68
   600   -68
   601   -68
   602   -69
   603   -68
   604   -68
   605   -68
   606   -68
   607   -67
   608   -66
   609   -66
   610   -65
   611   -66
   612   -65
   613   -66
   614   -67
   615   -67
   616   -68
   617   -69
   618   -68
   619   -70
   620   -69
   621   -68
   622   -68
   623   -68
   624   -67
   625   -66
   626   -66
   627   -66
   628   -66
   629   -66
   630   -66
   631   -67
   632   -68
   633   -68
   634   -69
   635   -69
   636   -69
   637   -69
   638   -68
   639   -68
   640   -67
   641   -67
   642   -67
   643   -66
   644   -66
   645   -66
   646   -65
   647   -66
   648   -68
   649   -68
   650   -68
   651   -69
   652   -69
   653   -69
   654   -69
   655   -68
   656   -68
   657   -67
   658   -66
   659   -66
   660   -66
   661   -65
   662   -66
   663   -67
   664   -68
   665   -67
   666   -68
   667   -69
   668   -69
   669   -69
   670   -69
   671   -69
   672   -68
   673   -67
   674   -66
   675   -66
   676   -65
   677   -66
   678   -66
   679   -67
   680   -66
   681   -67
   682   -68
   683   -68
   684   -69
   685   -69
   686   -69
   687   -68
   688   -68
   689   -67
   690   -67
   691   -66
   692   -66
   693   -66
   694   -66
   695   -66
   696   -67
   697   -67
   698   -68
   699   -69
   700   -69
   701   -69
   702   -69
   703   -68
   704   -69
   705   -68
   706   -67
   707   -67
   708   -66
   709   -66
   710   -65
   711   -65
   712   -67
   713   -67
   714   -68
   715   -68
   716   -68
   717   -69
   718   -69
   719   -69
   720   -68
   721   -67
   722   -68
   723   -66
   724   -66
   725   -65
   726   -66
   727   -66
   728   -67
   729   -67
   730   -68
   731   -68
   732   -69
   733   -69
   734   -69
   735   -69
   736   -68
   737   -68
   738   -67
   739   -66
   740   -66
   741   -66
   742   -65
   743   -66
   744   -66
   745   -66
   746   -67
   747   -68
   748   -69
   749   -69
   750   -69
   751   -69
   752   -69
   753   -68
   754   -68
   755   -67
   756   -66
   757   -67
   758   -66
   759   -66
   760   -66
   761   -67
   762   -67
   763   -68
   764   -68
   765   -68
   766   -69
   767   -69
   768   -69
   769   -68
   770   -68
   771   -67
   772   -67
   773   -66
   774   -65
   775   -66
   776   -65
   777   -66
   778   -67
   779   -67
   780   -68
   781   -69
   782   -69
   783   -69
   784   -70
   785   -69
   786   -68
   787   -67
   788   -68
   789   -67
   790   -66
   791   -66
   792   -66
   793   -66
   794   -67
   795   -67
   796   -68
   797   -68
   798   -68
   799   -69
   800   -69
   801   -69
   802   -69
   803   -68
   804   -67
   805   -67
   806   -66
   807   -66
   808   -66
   809   -66
   810   -66
   811   -66
   812   -67
   813   -69
   814   -68
   815   -69
   816   -69
   817   -69
   818   -68
   819   -68
   820   -69
   821   -67
   822   -66
   823   -66
   824   -66
   825   -66
   826   -66
   827   -67
   828   -67
   829   -68
   830   -69
   831   -68
   832   -69
   833   -68
   834   -69
   835   -68
   836   -67
   837   -66
   838   -66
   839   -66
   840   -66
   841   -66
   842   -66
   843   -67
   844   -67
   845   -67
   846   -68
   847   -69
   848   -69
   849   -69
   850   -68
   851   -68
   852   -68
   853   -68
   854   -66
   855   -67
   856   -66
   857   -66
   858   -67
   859   -66
   860   -67
   861   -68
   862   -69
   863   -68
   864   -69
   865   -70
   866   -68
   867   -68
   868   -68
   869   -67
   870   -67
   871   -66
   872   -65
   873   -65
   874   -66
   875   -66
   876   -66
   877   -68
   878   -67
   879   -68
   880   -69
   881   -69
   882   -69
   883   -69
   884   -68
   885   -68
   886   -67
   887   -66
   888   -66
   889   -66
   890   -66
   891   -66
   892   -67
   893   -67
   894   -68
   895   -68
   896   -69
   897   -69
   898   -69
   899   -69
   900   -68
   901   -68
   902   -68
   903   -66
   904   -66
   905   -66
   906   -66
   907   -66
   908   -66
   909   -67
   910   -66
   911   -67
   912   -69
   913   -69
   914   -68
   915   -69
   916   -68
   917   -68
   918   -67
   919   -67
   920   -67
   921   -66
   922   -66
   923   -66
   924   -66
   925   -67
   926   -67
   927   -68
   928   -69
   929   -69
   930   -69
   931   -69
   932   -69
   933   -68
   934   -68
   935   -67
   936   -67
   937   -66
   938   -66
   939   -65
   940   -67
   941   -66
   942   -66
   943   -68
   944   -68
   945   -68
   946   -68
   947   -69
   948   -68
   949   -68
   950   -68
   951   -67
   952   -67
   953   -66
   954   -66
   955   -66
   956   -66
   957   -66
   958   -67
   959   -67
   960   -68
   961   -69
   962   -69
   963   -69
   964   -69
   965   -69
   966   -68
   967   -68
   968   -67
   969   -67
   970   -66
   971   -67
   972   -66
   973   -66
   974   -66
   975   -68
   976   -68
   977   -68
   978   -68
   979   -68
   980   -68
   981   -68
   982   -68
   983   -67
   984   -68
   985   -66
   986   -66
   987   -65
   988   -66
   989   -66
   990   -66
   991   -66
   992   -67
   993   -68
   994   -68
   995   -69
   996   -70
   997   -68
   998   -69
   999   -69
