   0   0
   1   -61
   2   -61
   3   -62
   4   -60
   5   -62
   6   -60
   7   -62
   8   -60
   9   -62
   10   -60
   11   -62
   12   -61
   13   -61
   14   -61
   15   -61
   16   -61
   17   -61
   18   -62
   19   -60
   20   -62
   21   -60
   22   -62
   23   -60
   24   -62
   25   -60
   26   -62
   27   -61
   28   -62
   29   -61
   30   -61
   31   -61
   32   -61
   33   -62
   34   -61
   35   -62
   36   -61
   37   -62
   38   -60
   39   -62
   40   -60
   41   -62
   42   -60
   43   -62
   44   -61
   45   -61
   46   -61
   47   -61
   48   -61
   49   -61
   50   -61
   51   -61
   52   -62
   53   -60
   54   -62
   55   -60
   56   -62
   57   -60
   58   -62
   59   -60
   60   -62
   61   -61
   62   -61
   63   -61
   64   -61
   65   -61
   66   -61
   67   -62
   68   -61
   69   -62
   70   -60
   71   -62
   72   -60
   73   -62
   74   -60
   75   -62
   76   -61
   77   -61
   78   -61
   79   -61
   80   -61
   81   -61
   82   -62
   83   -61
   84   -62
   85   -60
   86   -62
   87   -60
   88   -62
   89   -60
   90   -62
   91   -60
   92   -62
   93   -61
   94   -61
   95   -61
   96   -61
   97   -61
   98   -61
   99   -62
   100   -60
   101   -62
   102   -60
   103   -62
   104   -61
   105   -62
   106   -60
   107   -61
   108   -60
   109   -62
   110   -61
   111   -61
   112   -61
   113   -61
   114   -61
   115   -61
   116   -62
   117   -61
   118   -62
   119   -60
   120   -62
   121   -60
   122   -62
   123   -61
   124   -62
   125   -61
   126   -62
   127   -61
   128   -61
   129   -61
   130   -61
   131   -62
   132   -61
   133   -62
   134   -60
   135   -62
   136   -60
   137   -62
   138   -60
   139   -62
   140   -61
   141   -62
   142   -61
   143   -61
   144   -61
   145   -61
   146   -61
   147   -61
   148   -62
   149   -61
   150   -62
   151   -60
   152   -62
   153   -60
   154   -62
   155   -60
   156   -62
   157   -60
   158   -62
   159   -61
   160   -61
   161   -61
   162   -61
   163   -61
   164   -61
   165   -62
   166   -60
   167   -62
   168   -60
   169   -62
   170   -60
   171   -62
   172   -60
   173   -62
   174   -61
   175   -62
   176   -61
   177   -61
   178   -61
   179   -61
   180   -61
   181   -61
   182   -62
   183   -61
   184   -62
   185   -60
   186   -62
   187   -60
   188   -62
   189   -60
   190   -62
   191   -60
   192   -61
   193   -62
   194   -60
   195   -61
   196   -60
   197   -62
   198   -60
   199   -61
   200   -61
   201   -55
   202   26
   203   118
   204   105
   205   56
   206   16
   207   8
   208   7
   209   13
   210   11
   211   15
   212   10
   213   13
   214   9
   215   13
   216   9
   217   13
   218   10
   219   13
   220   10
   221   12
   222   11
   223   13
   224   11
   225   11
   226   11
   227   11
   228   12
   229   11
   230   12
   231   11
   232   12
   233   11
   234   13
   235   11
   236   13
   237   10
   238   13
   239   11
   240   13
   241   12
   242   13
   243   12
   244   11
   245   12
   246   12
   247   13
   248   12
   249   13
   250   11
   251   13
   252   12
   253   13
   254   12
   255   13
   256   12
   257   13
   258   12
   259   13
   260   13
   261   12
   262   13
   263   12
   264   13
   265   12
   266   14
   267   12
   268   14
   269   12
   270   13
   271   12
   272   13
   273   12
   274   13
   275   13
   276   13
   277   13
   278   12
   279   13
   280   12
   281   13
   282   12
   283   14
   284   12
   285   14
   286   12
   287   14
   288   12
   289   13
   290   12
   291   13
   292   13
   293   13
   294   13
   295   13
   296   13
   297   12
   298   14
   299   12
   300   14
   301   12
   302   14
   303   13
   304   14
   305   13
   306   13
   307   13
   308   13
   309   13
   310   13
   311   13
   312   13
   313   14
   314   12
   315   14
   316   12
   317   14
   318   13
   319   14
   320   13
   321   14
   322   13
   323   13
   324   13
   325   13
   326   13
   327   13
   328   14
   329   13
   330   14
   331   12
   332   14
   333   12
   334   14
   335   12
   336   14
   337   12
   338   14
   339   13
   340   13
   341   13
   342   13
   343   13
   344   12
   345   13
   346   12
   347   13
   348   11
   349   13
   350   11
   351   14
   352   12
   353   13
   354   11
   355   12
   356   11
   357   12
   358   11
   359   11
   360   12
   361   11
   362   11
   363   10
   364   11
   365   10
   366   11
   367   9
   368   10
   369   9
   370   9
   371   8
   372   8
   373   8
   374   7
   375   7
   376   6
   377   7
   378   5
   379   6
   380   4
   381   5
   382   3
   383   4
   384   2
   385   3
   386   1
   387   1
   388   0
   389   0
   390   -1
   391   -2
   392   -2
   393   -4
   394   -4
   395   -6
   396   -5
   397   -8
   398   -6
   399   -9
   400   -8
   401   -11
   402   -10
   403   -12
   404   -12
   405   -14
   406   -14
   407   -16
   408   -16
   409   -17
   410   -18
   411   -18
   412   -21
   413   -20
   414   -22
   415   -22
   416   -24
   417   -24
   418   -26
   419   -25
   420   -27
   421   -27
   422   -29
   423   -30
   424   -30
   425   -32
   426   -32
   427   -33
   428   -33
   429   -35
   430   -35
   431   -37
   432   -36
   433   -38
   434   -38
   435   -40
   436   -40
   437   -41
   438   -42
   439   -42
   440   -43
   441   -43
   442   -44
   443   -44
   444   -46
   445   -45
   446   -47
   447   -46
   448   -48
   449   -47
   450   -49
   451   -48
   452   -50
   453   -49
   454   -51
   455   -51
   456   -51
   457   -52
   458   -52
   459   -53
   460   -52
   461   -54
   462   -53
   463   -55
   464   -53
   465   -56
   466   -54
   467   -56
   468   -54
   469   -56
   470   -55
   471   -56
   472   -56
   473   -56
   474   -57
   475   -57
   476   -58
   477   -56
   478   -58
   479   -57
   480   -58
   481   -57
   482   -59
   483   -58
   484   -59
   485   -58
   486   -59
   487   -58
   488   -59
   489   -59
   490   -59
   491   -59
   492   -59
   493   -60
   494   -58
   495   -60
   496   -59
   497   -60
   498   -59
   499   -60
   500   -59
   501   -60
   502   -60
   503   -60
   504   -59
   505   -60
   506   -60
   507   -59
   508   -60
   509   -59
   510   -60
   511   -59
   512   -61
   513   -59
   514   -61
   515   -59
   516   -61
   517   -60
   518   -61
   519   -60
   520   -60
   521   -60
   522   -60
   523   -60
   524   -60
   525   -61
   526   -60
   527   -61
   528   -59
   529   -61
   530   -60
   531   -61
   532   -60
   533   -61
   534   -60
   535   -61
   536   -60
   537   -61
   538   -60
   539   -60
   540   -61
   541   -60
   542   -61
   543   -60
   544   -61
   545   -60
   546   -61
   547   -60
   548   -61
   549   -60
   550   -61
   551   -60
   552   -61
   553   -60
   554   -61
   555   -60
   556   -60
   557   -61
   558   -60
   559   -61
   560   -60
   561   -61
   562   -60
   563   -61
   564   -60
   565   -61
   566   -60
   567   -61
   568   -60
   569   -61
   570   -61
   571   -60
   572   -61
   573   -60
   574   -61
   575   -60
   576   -61
   577   -60
   578   -61
   579   -60
   580   -61
   581   -60
   582   -61
   583   -60
   584   -61
   585   -60
   586   -61
   587   -61
   588   -60
   589   -61
   590   -60
   591   -61
   592   -60
   593   -61
   594   -60
   595   -61
   596   -60
   597   -62
   598   -60
   599   -61
   600   -60
   601   -61
   602   -60
   603   -61
   604   -60
   605   -60
   606   -61
   607   -60
   608   -61
   609   -60
   610   -61
   611   -60
   612   -61
   613   -60
   614   -61
   615   -60
   616   -61
   617   -60
   618   -61
   619   -61
   620   -61
   621   -61
   622   -60
   623   -61
   624   -60
   625   -61
   626   -60
   627   -61
   628   -60
   629   -61
   630   -60
   631   -61
   632   -60
   633   -61
   634   -60
   635   -61
   636   -61
   637   -60
   638   -61
   639   -60
   640   -61
   641   -60
   642   -61
   643   -60
   644   -61
   645   -60
   646   -61
   647   -60
   648   -61
   649   -60
   650   -61
   651   -60
   652   -61
   653   -61
   654   -61
   655   -61
   656   -60
   657   -61
   658   -60
   659   -62
   660   -60
   661   -61
   662   -60
   663   -61
   664   -60
   665   -61
   666   -60
   667   -61
   668   -60
   669   -61
   670   -61
   671   -60
   672   -61
   673   -60
   674   -61
   675   -60
   676   -61
   677   -60
   678   -61
   679   -60
   680   -61
   681   -60
   682   -61
   683   -60
   684   -61
   685   -61
   686   -60
   687   -61
   688   -60
   689   -61
   690   -60
   691   -61
   692   -60
   693   -62
   694   -60
   695   -61
   696   -60
   697   -61
   698   -60
   699   -61
   700   -61
   701   -61
   702   -60
   703   -61
   704   -61
   705   -61
   706   -61
   707   -60
   708   -61
   709   -60
   710   -61
   711   -60
   712   -61
   713   -60
   714   -61
   715   -60
   716   -61
   717   -60
   718   -61
   719   -61
   720   -60
   721   -61
   722   -60
   723   -61
   724   -60
   725   -61
   726   -60
   727   -62
   728   -60
   729   -61
   730   -60
   731   -61
   732   -60
   733   -61
   734   -61
   735   -61
   736   -61
   737   -60
   738   -61
   739   -60
   740   -61
   741   -60
   742   -62
   743   -60
   744   -62
   745   -60
   746   -61
   747   -60
   748   -61
   749   -60
   750   -61
   751   -61
   752   -61
   753   -61
   754   -60
   755   -61
   756   -60
   757   -62
   758   -60
   759   -61
   760   -60
   761   -61
   762   -60
   763   -61
   764   -60
   765   -61
   766   -60
   767   -61
   768   -61
   769   -60
   770   -61
   771   -60
   772   -61
   773   -60
   774   -61
   775   -60
   776   -61
   777   -60
   778   -61
   779   -60
   780   -61
   781   -61
   782   -61
   783   -60
   784   -61
   785   -61
   786   -61
   787   -61
   788   -60
   789   -61
   790   -60
   791   -61
   792   -60
   793   -61
   794   -60
   795   -61
   796   -60
   797   -61
   798   -61
   799   -61
   800   -61
   801   -60
   802   -61
   803   -60
   804   -61
   805   -60
   806   -61
   807   -60
   808   -62
   809   -60
   810   -62
   811   -60
   812   -61
   813   -60
   814   -61
   815   -61
   816   -61
   817   -61
   818   -61
   819   -61
   820   -61
   821   -61
   822   -60
   823   -61
   824   -60
   825   -61
   826   -60
   827   -61
   828   -60
   829   -61
   830   -60
   831   -61
   832   -60
   833   -61
   834   -61
   835   -61
   836   -61
   837   -60
   838   -61
   839   -60
   840   -61
   841   -60
   842   -61
   843   -60
   844   -61
   845   -60
   846   -61
   847   -61
   848   -61
   849   -61
   850   -61
   851   -61
   852   -60
   853   -61
   854   -60
   855   -62
   856   -60
   857   -61
   858   -60
   859   -62
   860   -60
   861   -61
   862   -60
   863   -61
   864   -60
   865   -61
   866   -61
   867   -61
   868   -61
   869   -61
   870   -61
   871   -60
   872   -62
   873   -60
   874   -61
   875   -60
   876   -62
   877   -60
   878   -61
   879   -60
   880   -61
   881   -60
   882   -61
   883   -61
   884   -61
   885   -61
   886   -60
   887   -61
   888   -60
   889   -61
   890   -60
   891   -62
   892   -60
   893   -61
   894   -60
   895   -61
   896   -60
   897   -61
   898   -61
   899   -61
   900   -61
   901   -60
   902   -61
   903   -61
   904   -61
   905   -60
   906   -61
   907   -60
   908   -61
   909   -60
   910   -61
   911   -60
   912   -61
   913   -61
   914   -61
   915   -61
   916   -61
   917   -61
   918   -60
   919   -61
   920   -60
   921   -61
   922   -60
   923   -61
   924   -60
   925   -62
   926   -60
   927   -61
   928   -60
   929   -61
   930   -61
   931   -61
   932   -61
   933   -61
   934   -61
   935   -61
   936   -61
   937   -60
   938   -61
   939   -60
   940   -61
   941   -60
   942   -61
   943   -60
   944   -61
   945   -61
   946   -61
   947   -61
   948   -61
   949   -61
   950   -61
   951   -61
   952   -61
   953   -61
   954   -60
   955   -61
   956   -60
   957   -61
   958   -60
   959   -61
   960   -60
   961   -61
   962   -60
   963   -61
   964   -61
   965   -61
   966   -61
   967   -60
   968   -61
   969   -60
   970   -61
   971   -60
   972   -61
   973   -60
   974   -61
   975   -61
   976   -62
   977   -60
   978   -61
   979   -61
   980   -61
   981   -61
   982   -61
   983   -61
   984   -60
   985   -61
   986   -60
   987   -62
   988   -60
   989   -61
   990   -60
   991   -61
   992   -60
   993   -61
   994   -60
   995   -61
   996   -61
   997   -61
   998   -61
   999   -61
