   0   0
   1   -65
   2   -66
   3   -67
   4   -69
   5   -69
   6   -70
   7   -70
   8   -70
   9   -69
   10   -69
   11   -68
   12   -67
   13   -65
   14   -65
   15   -65
   16   -65
   17   -65
   18   -66
   19   -67
   20   -68
   21   -69
   22   -69
   23   -70
   24   -70
   25   -70
   26   -69
   27   -68
   28   -67
   29   -66
   30   -65
   31   -65
   32   -65
   33   -65
   34   -65
   35   -66
   36   -67
   37   -68
   38   -69
   39   -70
   40   -70
   41   -70
   42   -70
   43   -69
   44   -67
   45   -67
   46   -66
   47   -65
   48   -65
   49   -65
   50   -65
   51   -66
   52   -68
   53   -68
   54   -69
   55   -69
   56   -70
   57   -70
   58   -69
   59   -69
   60   -68
   61   -66
   62   -66
   63   -65
   64   -64
   65   -64
   66   -65
   67   -65
   68   -67
   69   -67
   70   -68
   71   -69
   72   -69
   73   -70
   74   -70
   75   -69
   76   -68
   77   -67
   78   -67
   79   -65
   80   -65
   81   -65
   82   -65
   83   -65
   84   -66
   85   -68
   86   -68
   87   -69
   88   -69
   89   -70
   90   -70
   91   -69
   92   -68
   93   -68
   94   -66
   95   -65
   96   -65
   97   -65
   98   -64
   99   -65
   100   -66
   101   -67
   102   -68
   103   -69
   104   -69
   105   -70
   106   -70
   107   -69
   108   -68
   109   -67
   110   -67
   111   -66
   112   -65
   113   -65
   114   -65
   115   -65
   116   -66
   117   -67
   118   -68
   119   -69
   120   -70
   121   -70
   122   -70
   123   -69
   124   -70
   125   -68
   126   -67
   127   -66
   128   -65
   129   -65
   130   -64
   131   -64
   132   -65
   133   -66
   134   -67
   135   -68
   136   -69
   137   -70
   138   -70
   139   -69
   140   -70
   141   -68
   142   -67
   143   -67
   144   -65
   145   -65
   146   -65
   147   -65
   148   -66
   149   -66
   150   -67
   151   -67
   152   -69
   153   -70
   154   -71
   155   -71
   156   -70
   157   -69
   158   -68
   159   -67
   160   -66
   161   -65
   162   -65
   163   -65
   164   -65
   165   -65
   166   -66
   167   -67
   168   -68
   169   -69
   170   -70
   171   -70
   172   -69
   173   -69
   174   -68
   175   -68
   176   -66
   177   -65
   178   -64
   179   -64
   180   -65
   181   -65
   182   -65
   183   -67
   184   -68
   185   -69
   186   -70
   187   -70
   188   -70
   189   -70
   190   -69
   191   -68
   192   -67
   193   -66
   194   -65
   195   -65
   196   -65
   197   -65
   198   -65
   199   -66
   200   -68
   201   -40
   202   20
   203   -30
   204   -34
   205   -28
   206   -26
   207   -26
   208   -24
   209   -22
   210   -23
   211   -22
   212   -20
   213   -21
   214   -22
   215   -22
   216   -23
   217   -24
   218   -25
   219   -25
   220   -25
   221   -25
   222   -25
   223   -24
   224   -22
   225   -22
   226   -21
   227   -21
   228   -20
   229   -20
   230   -22
   231   -21
   232   -22
   233   -23
   234   -24
   235   -25
   236   -25
   237   -24
   238   -25
   239   -24
   240   -22
   241   -21
   242   -21
   243   -20
   244   -19
   245   -20
   246   -20
   247   -21
   248   -22
   249   -23
   250   -24
   251   -25
   252   -26
   253   -25
   254   -26
   255   -25
   256   -24
   257   -23
   258   -22
   259   -22
   260   -21
   261   -21
   262   -21
   263   -22
   264   -22
   265   -24
   266   -25
   267   -25
   268   -25
   269   -26
   270   -26
   271   -25
   272   -24
   273   -23
   274   -22
   275   -22
   276   -21
   277   -20
   278   -21
   279   -22
   280   -22
   281   -23
   282   -25
   283   -26
   284   -26
   285   -27
   286   -27
   287   -27
   288   -26
   289   -25
   290   -23
   291   -23
   292   -22
   293   -22
   294   -22
   295   -22
   296   -23
   297   -24
   298   -25
   299   -26
   300   -27
   301   -27
   302   -27
   303   -28
   304   -26
   305   -26
   306   -25
   307   -23
   308   -23
   309   -23
   310   -22
   311   -22
   312   -22
   313   -24
   314   -24
   315   -25
   316   -27
   317   -28
   318   -28
   319   -28
   320   -27
   321   -27
   322   -26
   323   -25
   324   -24
   325   -24
   326   -23
   327   -23
   328   -24
   329   -24
   330   -26
   331   -26
   332   -28
   333   -28
   334   -28
   335   -29
   336   -28
   337   -28
   338   -27
   339   -27
   340   -25
   341   -25
   342   -24
   343   -24
   344   -24
   345   -25
   346   -25
   347   -27
   348   -27
   349   -28
   350   -29
   351   -30
   352   -29
   353   -29
   354   -28
   355   -28
   356   -27
   357   -26
   358   -25
   359   -26
   360   -26
   361   -27
   362   -28
   363   -29
   364   -29
   365   -31
   366   -32
   367   -33
   368   -33
   369   -33
   370   -33
   371   -33
   372   -32
   373   -32
   374   -33
   375   -32
   376   -33
   377   -35
   378   -36
   379   -38
   380   -39
   381   -40
   382   -43
   383   -43
   384   -45
   385   -44
   386   -46
   387   -46
   388   -45
   389   -46
   390   -46
   391   -45
   392   -47
   393   -49
   394   -50
   395   -52
   396   -53
   397   -55
   398   -56
   399   -58
   400   -59
   401   -59
   402   -59
   403   -61
   404   -59
   405   -59
   406   -59
   407   -58
   408   -58
   409   -59
   410   -60
   411   -61
   412   -62
   413   -64
   414   -65
   415   -66
   416   -67
   417   -67
   418   -66
   419   -67
   420   -66
   421   -66
   422   -65
   423   -65
   424   -64
   425   -64
   426   -64
   427   -64
   428   -65
   429   -66
   430   -67
   431   -68
   432   -69
   433   -69
   434   -69
   435   -68
   436   -68
   437   -67
   438   -66
   439   -66
   440   -65
   441   -65
   442   -64
   443   -65
   444   -66
   445   -66
   446   -67
   447   -68
   448   -68
   449   -69
   450   -69
   451   -69
   452   -68
   453   -68
   454   -67
   455   -65
   456   -66
   457   -65
   458   -65
   459   -65
   460   -65
   461   -67
   462   -66
   463   -68
   464   -68
   465   -68
   466   -69
   467   -69
   468   -68
   469   -67
   470   -67
   471   -66
   472   -66
   473   -65
   474   -65
   475   -65
   476   -66
   477   -67
   478   -67
   479   -68
   480   -68
   481   -69
   482   -68
   483   -69
   484   -69
   485   -68
   486   -67
   487   -67
   488   -66
   489   -66
   490   -65
   491   -65
   492   -66
   493   -66
   494   -67
   495   -68
   496   -68
   497   -69
   498   -69
   499   -69
   500   -69
   501   -67
   502   -68
   503   -66
   504   -66
   505   -65
   506   -65
   507   -65
   508   -65
   509   -66
   510   -66
   511   -67
   512   -68
   513   -69
   514   -69
   515   -70
   516   -69
   517   -68
   518   -68
   519   -66
   520   -66
   521   -66
   522   -65
   523   -65
   524   -66
   525   -65
   526   -66
   527   -67
   528   -68
   529   -69
   530   -69
   531   -68
   532   -69
   533   -69
   534   -68
   535   -67
   536   -66
   537   -66
   538   -66
   539   -65
   540   -65
   541   -66
   542   -66
   543   -66
   544   -67
   545   -68
   546   -68
   547   -68
   548   -69
   549   -69
   550   -68
   551   -68
   552   -67
   553   -67
   554   -66
   555   -66
   556   -65
   557   -66
   558   -66
   559   -67
   560   -67
   561   -68
   562   -68
   563   -68
   564   -70
   565   -69
   566   -69
   567   -68
   568   -68
   569   -67
   570   -66
   571   -66
   572   -65
   573   -65
   574   -66
   575   -65
   576   -66
   577   -68
   578   -68
   579   -68
   580   -69
   581   -68
   582   -68
   583   -68
   584   -67
   585   -67
   586   -67
   587   -65
   588   -66
   589   -66
   590   -66
   591   -66
   592   -67
   593   -67
   594   -68
   595   -68
   596   -68
   597   -69
   598   -68
   599   -68
   600   -67
   601   -68
   602   -67
   603   -66
   604   -66
   605   -66
   606   -66
   607   -66
   608   -67
   609   -67
   610   -68
   611   -68
   612   -67
   613   -68
   614   -67
   615   -68
   616   -67
   617   -66
   618   -67
   619   -65
   620   -65
   621   -65
   622   -66
   623   -66
   624   -66
   625   -67
   626   -68
   627   -68
   628   -69
   629   -69
   630   -68
   631   -68
   632   -68
   633   -67
   634   -67
   635   -67
   636   -66
   637   -66
   638   -65
   639   -66
   640   -66
   641   -67
   642   -67
   643   -68
   644   -68
   645   -68
   646   -68
   647   -68
   648   -68
   649   -67
   650   -67
   651   -66
   652   -66
   653   -65
   654   -66
   655   -66
   656   -66
   657   -66
   658   -67
   659   -68
   660   -68
   661   -68
   662   -68
   663   -69
   664   -68
   665   -68
   666   -68
   667   -66
   668   -66
   669   -67
   670   -66
   671   -67
   672   -67
   673   -67
   674   -67
   675   -67
   676   -68
   677   -68
   678   -68
   679   -68
   680   -68
   681   -67
   682   -67
   683   -67
   684   -67
   685   -66
   686   -66
   687   -66
   688   -66
   689   -66
   690   -67
   691   -67
   692   -68
   693   -68
   694   -68
   695   -68
   696   -68
   697   -68
   698   -68
   699   -68
   700   -67
   701   -67
   702   -67
   703   -67
   704   -67
   705   -66
   706   -67
   707   -68
   708   -68
   709   -68
   710   -68
   711   -68
   712   -67
   713   -67
   714   -68
   715   -67
   716   -66
   717   -67
   718   -66
   719   -66
   720   -66
   721   -66
   722   -67
   723   -67
   724   -67
   725   -67
   726   -67
   727   -67
   728   -68
   729   -68
   730   -67
   731   -67
   732   -67
   733   -67
   734   -66
   735   -67
   736   -67
   737   -67
   738   -67
   739   -67
   740   -67
   741   -68
   742   -68
   743   -68
   744   -68
   745   -68
   746   -67
   747   -67
   748   -67
   749   -66
   750   -67
   751   -65
   752   -66
   753   -66
   754   -67
   755   -67
   756   -67
   757   -67
   758   -68
   759   -68
   760   -67
   761   -68
   762   -67
   763   -67
   764   -67
   765   -67
   766   -66
   767   -67
   768   -66
   769   -67
   770   -66
   771   -67
   772   -68
   773   -67
   774   -68
   775   -69
   776   -68
   777   -68
   778   -68
   779   -67
   780   -67
   781   -67
   782   -66
   783   -66
   784   -67
   785   -66
   786   -66
   787   -66
   788   -67
   789   -67
   790   -68
   791   -68
   792   -68
   793   -68
   794   -67
   795   -67
   796   -67
   797   -66
   798   -67
   799   -66
   800   -66
   801   -66
   802   -67
   803   -67
   804   -67
   805   -67
   806   -68
   807   -68
   808   -68
   809   -68
   810   -68
   811   -68
   812   -67
   813   -67
   814   -66
   815   -67
   816   -67
   817   -66
   818   -66
   819   -67
   820   -66
   821   -68
   822   -67
   823   -67
   824   -68
   825   -67
   826   -67
   827   -67
   828   -67
   829   -66
   830   -67
   831   -66
   832   -67
   833   -67
   834   -67
   835   -67
   836   -67
   837   -67
   838   -68
   839   -68
   840   -68
   841   -67
   842   -68
   843   -67
   844   -67
   845   -67
   846   -67
   847   -66
   848   -67
   849   -67
   850   -66
   851   -68
   852   -67
   853   -68
   854   -68
   855   -68
   856   -67
   857   -67
   858   -68
   859   -67
   860   -66
   861   -66
   862   -66
   863   -66
   864   -66
   865   -66
   866   -67
   867   -67
   868   -67
   869   -68
   870   -68
   871   -67
   872   -67
   873   -68
   874   -68
   875   -67
   876   -67
   877   -67
   878   -67
   879   -66
   880   -66
   881   -66
   882   -67
   883   -67
   884   -68
   885   -68
   886   -68
   887   -67
   888   -68
   889   -68
   890   -68
   891   -67
   892   -67
   893   -67
   894   -66
   895   -66
   896   -66
   897   -66
   898   -66
   899   -67
   900   -67
   901   -67
   902   -68
   903   -68
   904   -68
   905   -68
   906   -68
   907   -68
   908   -68
   909   -67
   910   -67
   911   -67
   912   -66
   913   -66
   914   -66
   915   -67
   916   -66
   917   -67
   918   -67
   919   -68
   920   -67
   921   -68
   922   -68
   923   -68
   924   -67
   925   -68
   926   -67
   927   -67
   928   -66
   929   -67
   930   -67
   931   -66
   932   -67
   933   -67
   934   -67
   935   -68
   936   -67
   937   -67
   938   -68
   939   -67
   940   -67
   941   -67
   942   -67
   943   -66
   944   -67
   945   -66
   946   -66
   947   -67
   948   -67
   949   -68
   950   -67
   951   -67
   952   -67
   953   -68
   954   -68
   955   -68
   956   -67
   957   -67
   958   -67
   959   -66
   960   -66
   961   -66
   962   -66
   963   -66
   964   -66
   965   -67
   966   -67
   967   -68
   968   -68
   969   -68
   970   -68
   971   -68
   972   -68
   973   -67
   974   -67
   975   -66
   976   -66
   977   -66
   978   -66
   979   -66
   980   -66
   981   -67
   982   -67
   983   -68
   984   -68
   985   -68
   986   -68
   987   -67
   988   -67
   989   -67
   990   -67
   991   -66
   992   -66
   993   -66
   994   -66
   995   -67
   996   -67
   997   -67
   998   -67
   999   -68
