   0   0
   1   -69
   2   -68
   3   -67
   4   -66
   5   -67
   6   -66
   7   -66
   8   -67
   9   -67
   10   -67
   11   -68
   12   -69
   13   -69
   14   -70
   15   -69
   16   -69
   17   -69
   18   -68
   19   -68
   20   -67
   21   -67
   22   -67
   23   -67
   24   -67
   25   -68
   26   -67
   27   -68
   28   -68
   29   -69
   30   -69
   31   -69
   32   -69
   33   -68
   34   -68
   35   -67
   36   -66
   37   -67
   38   -67
   39   -66
   40   -66
   41   -67
   42   -67
   43   -68
   44   -69
   45   -69
   46   -69
   47   -69
   48   -69
   49   -68
   50   -68
   51   -68
   52   -67
   53   -67
   54   -66
   55   -67
   56   -67
   57   -67
   58   -67
   59   -69
   60   -68
   61   -69
   62   -69
   63   -69
   64   -70
   65   -69
   66   -68
   67   -68
   68   -67
   69   -67
   70   -66
   71   -66
   72   -66
   73   -66
   74   -67
   75   -68
   76   -67
   77   -68
   78   -69
   79   -69
   80   -69
   81   -69
   82   -69
   83   -68
   84   -68
   85   -67
   86   -67
   87   -66
   88   -66
   89   -67
   90   -67
   91   -67
   92   -68
   93   -68
   94   -69
   95   -69
   96   -70
   97   -69
   98   -69
   99   -69
   100   -68
   101   -67
   102   -66
   103   -66
   104   -66
   105   -66
   106   -67
   107   -66
   108   -67
   109   -68
   110   -69
   111   -69
   112   -69
   113   -69
   114   -69
   115   -69
   116   -69
   117   -68
   118   -67
   119   -67
   120   -66
   121   -67
   122   -66
   123   -67
   124   -67
   125   -68
   126   -69
   127   -69
   128   -69
   129   -69
   130   -69
   131   -69
   132   -69
   133   -68
   134   -68
   135   -67
   136   -67
   137   -66
   138   -66
   139   -67
   140   -67
   141   -67
   142   -68
   143   -68
   144   -69
   145   -69
   146   -69
   147   -68
   148   -69
   149   -68
   150   -68
   151   -67
   152   -67
   153   -66
   154   -66
   155   -67
   156   -68
   157   -67
   158   -68
   159   -69
   160   -69
   161   -69
   162   -70
   163   -69
   164   -69
   165   -69
   166   -68
   167   -67
   168   -67
   169   -66
   170   -67
   171   -66
   172   -67
   173   -68
   174   -68
   175   -68
   176   -68
   177   -69
   178   -69
   179   -69
   180   -69
   181   -69
   182   -68
   183   -67
   184   -67
   185   -67
   186   -67
   187   -67
   188   -67
   189   -67
   190   -68
   191   -68
   192   -69
   193   -69
   194   -69
   195   -69
   196   -69
   197   -69
   198   -68
   199   -68
   200   -67
   201   -39
   202   25
   203   -24
   204   -29
   205   -23
   206   -22
   207   -24
   208   -23
   209   -22
   210   -23
   211   -24
   212   -21
   213   -22
   214   -22
   215   -21
   216   -21
   217   -20
   218   -19
   219   -20
   220   -18
   221   -19
   222   -21
   223   -20
   224   -21
   225   -22
   226   -22
   227   -21
   228   -22
   229   -22
   230   -21
   231   -21
   232   -19
   233   -19
   234   -20
   235   -19
   236   -19
   237   -19
   238   -20
   239   -20
   240   -21
   241   -21
   242   -22
   243   -22
   244   -22
   245   -23
   246   -23
   247   -22
   248   -21
   249   -21
   250   -21
   251   -21
   252   -20
   253   -21
   254   -21
   255   -21
   256   -21
   257   -23
   258   -23
   259   -23
   260   -23
   261   -24
   262   -24
   263   -23
   264   -22
   265   -23
   266   -22
   267   -21
   268   -21
   269   -22
   270   -22
   271   -22
   272   -23
   273   -23
   274   -24
   275   -24
   276   -24
   277   -24
   278   -25
   279   -24
   280   -25
   281   -24
   282   -23
   283   -23
   284   -23
   285   -23
   286   -24
   287   -23
   288   -24
   289   -24
   290   -25
   291   -26
   292   -25
   293   -26
   294   -26
   295   -26
   296   -26
   297   -25
   298   -25
   299   -25
   300   -24
   301   -25
   302   -24
   303   -25
   304   -25
   305   -25
   306   -25
   307   -26
   308   -26
   309   -26
   310   -27
   311   -27
   312   -26
   313   -26
   314   -26
   315   -26
   316   -25
   317   -25
   318   -26
   319   -26
   320   -26
   321   -27
   322   -27
   323   -27
   324   -28
   325   -29
   326   -28
   327   -28
   328   -28
   329   -27
   330   -27
   331   -28
   332   -27
   333   -27
   334   -26
   335   -27
   336   -27
   337   -27
   338   -28
   339   -29
   340   -28
   341   -28
   342   -29
   343   -29
   344   -29
   345   -29
   346   -29
   347   -28
   348   -29
   349   -28
   350   -28
   351   -28
   352   -28
   353   -29
   354   -29
   355   -30
   356   -30
   357   -30
   358   -30
   359   -31
   360   -31
   361   -31
   362   -31
   363   -30
   364   -31
   365   -30
   366   -29
   367   -30
   368   -29
   369   -29
   370   -30
   371   -30
   372   -30
   373   -31
   374   -32
   375   -31
   376   -32
   377   -31
   378   -31
   379   -31
   380   -31
   381   -31
   382   -30
   383   -30
   384   -30
   385   -31
   386   -31
   387   -31
   388   -32
   389   -32
   390   -33
   391   -33
   392   -33
   393   -33
   394   -34
   395   -33
   396   -33
   397   -33
   398   -33
   399   -32
   400   -33
   401   -33
   402   -32
   403   -32
   404   -33
   405   -34
   406   -35
   407   -35
   408   -35
   409   -36
   410   -36
   411   -36
   412   -35
   413   -36
   414   -36
   415   -37
   416   -37
   417   -37
   418   -38
   419   -39
   420   -40
   421   -40
   422   -41
   423   -43
   424   -43
   425   -44
   426   -44
   427   -45
   428   -46
   429   -46
   430   -46
   431   -47
   432   -48
   433   -48
   434   -49
   435   -51
   436   -50
   437   -52
   438   -53
   439   -53
   440   -54
   441   -55
   442   -56
   443   -56
   444   -56
   445   -57
   446   -57
   447   -58
   448   -58
   449   -58
   450   -60
   451   -60
   452   -61
   453   -61
   454   -62
   455   -62
   456   -63
   457   -64
   458   -65
   459   -65
   460   -64
   461   -65
   462   -64
   463   -65
   464   -65
   465   -64
   466   -65
   467   -66
   468   -66
   469   -66
   470   -67
   471   -67
   472   -67
   473   -68
   474   -67
   475   -67
   476   -67
   477   -67
   478   -67
   479   -66
   480   -66
   481   -66
   482   -66
   483   -66
   484   -67
   485   -67
   486   -67
   487   -68
   488   -68
   489   -68
   490   -68
   491   -68
   492   -69
   493   -68
   494   -68
   495   -68
   496   -67
   497   -67
   498   -67
   499   -67
   500   -67
   501   -67
   502   -67
   503   -68
   504   -68
   505   -67
   506   -68
   507   -68
   508   -68
   509   -68
   510   -67
   511   -68
   512   -67
   513   -67
   514   -66
   515   -66
   516   -67
   517   -67
   518   -67
   519   -67
   520   -67
   521   -67
   522   -68
   523   -68
   524   -67
   525   -67
   526   -67
   527   -67
   528   -68
   529   -67
   530   -68
   531   -67
   532   -67
   533   -68
   534   -68
   535   -67
   536   -68
   537   -69
   538   -68
   539   -67
   540   -68
   541   -67
   542   -68
   543   -67
   544   -67
   545   -67
   546   -67
   547   -68
   548   -67
   549   -67
   550   -67
   551   -67
   552   -68
   553   -67
   554   -67
   555   -68
   556   -67
   557   -68
   558   -68
   559   -67
   560   -67
   561   -67
   562   -67
   563   -67
   564   -67
   565   -68
   566   -68
   567   -68
   568   -68
   569   -67
   570   -68
   571   -68
   572   -68
   573   -68
   574   -67
   575   -68
   576   -68
   577   -67
   578   -67
   579   -67
   580   -68
   581   -67
   582   -67
   583   -67
   584   -68
   585   -67
   586   -67
   587   -68
   588   -67
   589   -68
   590   -68
   591   -67
   592   -67
   593   -67
   594   -67
   595   -67
   596   -68
   597   -67
   598   -68
   599   -68
   600   -68
   601   -68
   602   -68
   603   -68
   604   -68
   605   -68
   606   -68
   607   -68
   608   -67
   609   -68
   610   -67
   611   -67
   612   -67
   613   -67
   614   -67
   615   -67
   616   -67
   617   -68
   618   -67
   619   -68
   620   -68
   621   -67
   622   -68
   623   -68
   624   -67
   625   -67
   626   -67
   627   -67
   628   -67
   629   -68
   630   -68
   631   -67
   632   -68
   633   -68
   634   -68
   635   -68
   636   -68
   637   -68
   638   -68
   639   -68
   640   -68
   641   -67
   642   -68
   643   -67
   644   -67
   645   -67
   646   -68
   647   -67
   648   -67
   649   -68
   650   -68
   651   -67
   652   -67
   653   -67
   654   -67
   655   -67
   656   -67
   657   -67
   658   -67
   659   -67
   660   -67
   661   -67
   662   -68
   663   -68
   664   -67
   665   -68
   666   -68
   667   -68
   668   -68
   669   -68
   670   -68
   671   -68
   672   -67
   673   -67
   674   -68
   675   -67
   676   -67
   677   -68
   678   -67
   679   -68
   680   -68
   681   -67
   682   -68
   683   -68
   684   -67
   685   -67
   686   -67
   687   -67
   688   -67
   689   -67
   690   -66
   691   -67
   692   -67
   693   -67
   694   -67
   695   -67
   696   -68
   697   -67
   698   -68
   699   -68
   700   -68
   701   -68
   702   -68
   703   -67
   704   -68
   705   -68
   706   -67
   707   -67
   708   -68
   709   -67
   710   -68
   711   -68
   712   -67
   713   -68
   714   -68
   715   -68
   716   -68
   717   -68
   718   -67
   719   -68
   720   -67
   721   -68
   722   -67
   723   -67
   724   -67
   725   -66
   726   -67
   727   -67
   728   -68
   729   -68
   730   -68
   731   -68
   732   -68
   733   -68
   734   -68
   735   -68
   736   -68
   737   -68
   738   -67
   739   -68
   740   -67
   741   -67
   742   -67
   743   -68
   744   -68
   745   -68
   746   -68
   747   -68
   748   -68
   749   -68
   750   -68
   751   -67
   752   -67
   753   -67
   754   -67
   755   -67
   756   -67
   757   -67
   758   -67
   759   -67
   760   -67
   761   -68
   762   -67
   763   -67
   764   -68
   765   -68
   766   -68
   767   -68
   768   -68
   769   -67
   770   -68
   771   -67
   772   -67
   773   -67
   774   -67
   775   -67
   776   -68
   777   -68
   778   -68
   779   -68
   780   -68
   781   -68
   782   -68
   783   -68
   784   -68
   785   -67
   786   -66
   787   -67
   788   -67
   789   -67
   790   -66
   791   -67
   792   -67
   793   -67
   794   -68
   795   -68
   796   -68
   797   -68
   798   -69
   799   -67
   800   -67
   801   -68
   802   -67
   803   -67
   804   -67
   805   -67
   806   -68
   807   -67
   808   -68
   809   -69
   810   -68
   811   -68
   812   -69
   813   -68
   814   -68
   815   -68
   816   -68
   817   -67
   818   -67
   819   -67
   820   -67
   821   -67
   822   -67
   823   -67
   824   -67
   825   -68
   826   -67
   827   -68
   828   -68
   829   -68
   830   -68
   831   -68
   832   -67
   833   -67
   834   -68
   835   -68
   836   -67
   837   -66
   838   -67
   839   -67
   840   -67
   841   -67
   842   -68
   843   -68
   844   -68
   845   -68
   846   -68
   847   -69
   848   -69
   849   -68
   850   -68
   851   -67
   852   -68
   853   -67
   854   -68
   855   -67
   856   -66
   857   -67
   858   -67
   859   -68
   860   -68
   861   -68
   862   -68
   863   -69
   864   -68
   865   -68
   866   -68
   867   -67
   868   -67
   869   -67
   870   -67
   871   -67
   872   -67
   873   -67
   874   -67
   875   -67
   876   -68
   877   -68
   878   -68
   879   -68
   880   -68
   881   -68
   882   -69
   883   -67
   884   -68
   885   -67
   886   -66
   887   -67
   888   -67
   889   -67
   890   -67
   891   -67
   892   -68
   893   -68
   894   -68
   895   -68
   896   -69
   897   -68
   898   -68
   899   -67
   900   -67
   901   -67
   902   -67
   903   -67
   904   -66
   905   -67
   906   -67
   907   -68
   908   -68
   909   -68
   910   -68
   911   -69
   912   -68
   913   -69
   914   -69
   915   -68
   916   -68
   917   -67
   918   -67
   919   -67
   920   -67
   921   -67
   922   -67
   923   -67
   924   -67
   925   -68
   926   -68
   927   -68
   928   -68
   929   -69
   930   -68
   931   -67
   932   -68
   933   -67
   934   -66
   935   -67
   936   -66
   937   -67
   938   -66
   939   -68
   940   -68
   941   -68
   942   -68
   943   -68
   944   -69
   945   -69
   946   -69
   947   -68
   948   -67
   949   -67
   950   -67
   951   -67
   952   -66
   953   -67
   954   -67
   955   -67
   956   -67
   957   -68
   958   -68
   959   -68
   960   -69
   961   -68
   962   -69
   963   -68
   964   -68
   965   -68
   966   -67
   967   -66
   968   -66
   969   -67
   970   -66
   971   -67
   972   -67
   973   -67
   974   -68
   975   -68
   976   -69
   977   -69
   978   -69
   979   -69
   980   -68
   981   -68
   982   -67
   983   -67
   984   -67
   985   -67
   986   -66
   987   -66
   988   -66
   989   -67
   990   -68
   991   -68
   992   -68
   993   -69
   994   -69
   995   -68
   996   -68
   997   -68
   998   -68
   999   -67
