   0   0
   1   -68
   2   -67
   3   -67
   4   -65
   5   -66
   6   -66
   7   -66
   8   -66
   9   -66
   10   -68
   11   -68
   12   -69
   13   -70
   14   -70
   15   -69
   16   -68
   17   -69
   18   -68
   19   -66
   20   -66
   21   -66
   22   -65
   23   -66
   24   -66
   25   -66
   26   -67
   27   -67
   28   -68
   29   -68
   30   -69
   31   -69
   32   -69
   33   -69
   34   -67
   35   -67
   36   -66
   37   -65
   38   -66
   39   -65
   40   -66
   41   -67
   42   -67
   43   -68
   44   -69
   45   -69
   46   -70
   47   -70
   48   -69
   49   -69
   50   -68
   51   -68
   52   -66
   53   -66
   54   -66
   55   -66
   56   -66
   57   -66
   58   -66
   59   -67
   60   -68
   61   -69
   62   -69
   63   -69
   64   -69
   65   -69
   66   -68
   67   -67
   68   -67
   69   -66
   70   -65
   71   -66
   72   -65
   73   -66
   74   -67
   75   -67
   76   -68
   77   -69
   78   -70
   79   -70
   80   -70
   81   -70
   82   -69
   83   -69
   84   -68
   85   -66
   86   -65
   87   -66
   88   -66
   89   -65
   90   -66
   91   -67
   92   -67
   93   -68
   94   -68
   95   -69
   96   -69
   97   -69
   98   -69
   99   -68
   100   -67
   101   -66
   102   -66
   103   -65
   104   -65
   105   -65
   106   -66
   107   -66
   108   -67
   109   -68
   110   -69
   111   -70
   112   -70
   113   -69
   114   -70
   115   -69
   116   -68
   117   -68
   118   -66
   119   -66
   120   -66
   121   -65
   122   -65
   123   -66
   124   -67
   125   -68
   126   -68
   127   -68
   128   -69
   129   -69
   130   -69
   131   -69
   132   -67
   133   -67
   134   -66
   135   -65
   136   -65
   137   -65
   138   -65
   139   -65
   140   -66
   141   -68
   142   -68
   143   -68
   144   -70
   145   -70
   146   -70
   147   -69
   148   -69
   149   -68
   150   -66
   151   -67
   152   -66
   153   -65
   154   -65
   155   -66
   156   -66
   157   -67
   158   -67
   159   -68
   160   -69
   161   -69
   162   -70
   163   -70
   164   -69
   165   -67
   166   -68
   167   -66
   168   -66
   169   -65
   170   -65
   171   -65
   172   -65
   173   -66
   174   -68
   175   -68
   176   -69
   177   -69
   178   -70
   179   -70
   180   -69
   181   -68
   182   -68
   183   -67
   184   -66
   185   -65
   186   -65
   187   -65
   188   -66
   189   -67
   190   -67
   191   -68
   192   -69
   193   -69
   194   -69
   195   -70
   196   -69
   197   -69
   198   -67
   199   -68
   200   -67
   201   -36
   202   59
   203   41
   204   37
   205   40
   206   42
   207   42
   208   42
   209   41
   210   42
   211   42
   212   44
   213   42
   214   44
   215   46
   216   46
   217   47
   218   48
   219   48
   220   49
   221   48
   222   46
   223   47
   224   46
   225   45
   226   44
   227   44
   228   43
   229   44
   230   44
   231   45
   232   46
   233   47
   234   47
   235   47
   236   48
   237   47
   238   47
   239   45
   240   45
   241   44
   242   43
   243   42
   244   42
   245   42
   246   43
   247   43
   248   44
   249   45
   250   44
   251   45
   252   46
   253   44
   254   44
   255   44
   256   42
   257   42
   258   40
   259   40
   260   40
   261   40
   262   39
   263   40
   264   41
   265   42
   266   42
   267   42
   268   42
   269   43
   270   42
   271   42
   272   41
   273   40
   274   38
   275   38
   276   37
   277   37
   278   36
   279   38
   280   37
   281   39
   282   39
   283   39
   284   40
   285   40
   286   39
   287   39
   288   38
   289   37
   290   36
   291   35
   292   35
   293   34
   294   34
   295   34
   296   34
   297   36
   298   36
   299   37
   300   37
   301   38
   302   38
   303   37
   304   37
   305   36
   306   35
   307   34
   308   32
   309   32
   310   32
   311   32
   312   32
   313   33
   314   33
   315   35
   316   35
   317   35
   318   35
   319   34
   320   34
   321   33
   322   31
   323   31
   324   29
   325   28
   326   26
   327   25
   328   24
   329   23
   330   22
   331   21
   332   18
   333   16
   334   14
   335   10
   336   7
   337   3
   338   -3
   339   -7
   340   -12
   341   -16
   342   -21
   343   -25
   344   -28
   345   -32
   346   -35
   347   -37
   348   -40
   349   -43
   350   -45
   351   -47
   352   -50
   353   -53
   354   -56
   355   -58
   356   -60
   357   -62
   358   -64
   359   -65
   360   -66
   361   -66
   362   -65
   363   -66
   364   -65
   365   -65
   366   -64
   367   -64
   368   -64
   369   -65
   370   -66
   371   -65
   372   -66
   373   -67
   374   -68
   375   -68
   376   -69
   377   -68
   378   -68
   379   -67
   380   -66
   381   -66
   382   -65
   383   -64
   384   -65
   385   -65
   386   -65
   387   -66
   388   -67
   389   -68
   390   -68
   391   -69
   392   -69
   393   -69
   394   -68
   395   -68
   396   -67
   397   -66
   398   -65
   399   -64
   400   -64
   401   -64
   402   -65
   403   -66
   404   -66
   405   -67
   406   -68
   407   -68
   408   -69
   409   -69
   410   -69
   411   -68
   412   -67
   413   -66
   414   -66
   415   -64
   416   -65
   417   -64
   418   -65
   419   -66
   420   -67
   421   -67
   422   -68
   423   -69
   424   -69
   425   -70
   426   -69
   427   -68
   428   -68
   429   -67
   430   -66
   431   -65
   432   -65
   433   -65
   434   -65
   435   -65
   436   -66
   437   -66
   438   -68
   439   -67
   440   -68
   441   -69
   442   -69
   443   -68
   444   -68
   445   -67
   446   -66
   447   -66
   448   -65
   449   -65
   450   -65
   451   -65
   452   -66
   453   -67
   454   -67
   455   -68
   456   -69
   457   -70
   458   -70
   459   -69
   460   -69
   461   -68
   462   -67
   463   -66
   464   -66
   465   -65
   466   -66
   467   -64
   468   -65
   469   -66
   470   -66
   471   -68
   472   -68
   473   -68
   474   -69
   475   -69
   476   -68
   477   -68
   478   -67
   479   -66
   480   -66
   481   -66
   482   -65
   483   -65
   484   -66
   485   -65
   486   -67
   487   -68
   488   -69
   489   -69
   490   -69
   491   -69
   492   -69
   493   -69
   494   -68
   495   -67
   496   -67
   497   -66
   498   -65
   499   -65
   500   -65
   501   -66
   502   -66
   503   -66
   504   -67
   505   -68
   506   -69
   507   -69
   508   -68
   509   -68
   510   -68
   511   -67
   512   -66
   513   -65
   514   -65
   515   -65
   516   -65
   517   -65
   518   -66
   519   -66
   520   -68
   521   -68
   522   -69
   523   -69
   524   -69
   525   -69
   526   -68
   527   -68
   528   -67
   529   -66
   530   -65
   531   -66
   532   -65
   533   -65
   534   -66
   535   -66
   536   -67
   537   -69
   538   -69
   539   -69
   540   -68
   541   -68
   542   -69
   543   -68
   544   -67
   545   -66
   546   -65
   547   -65
   548   -65
   549   -65
   550   -66
   551   -66
   552   -67
   553   -67
   554   -69
   555   -69
   556   -70
   557   -69
   558   -69
   559   -68
   560   -68
   561   -67
   562   -66
   563   -66
   564   -65
   565   -65
   566   -66
   567   -66
   568   -66
   569   -68
   570   -69
   571   -69
   572   -69
   573   -70
   574   -69
   575   -69
   576   -68
   577   -67
   578   -66
   579   -65
   580   -65
   581   -65
   582   -65
   583   -65
   584   -66
   585   -67
   586   -67
   587   -68
   588   -69
   589   -70
   590   -69
   591   -69
   592   -68
   593   -68
   594   -67
   595   -66
   596   -66
   597   -65
   598   -66
   599   -65
   600   -66
   601   -67
   602   -67
   603   -69
   604   -69
   605   -69
   606   -69
   607   -69
   608   -67
   609   -67
   610   -67
   611   -66
   612   -65
   613   -65
   614   -65
   615   -65
   616   -65
   617   -66
   618   -67
   619   -67
   620   -69
   621   -69
   622   -69
   623   -69
   624   -68
   625   -68
   626   -68
   627   -67
   628   -66
   629   -65
   630   -66
   631   -66
   632   -65
   633   -67
   634   -67
   635   -69
   636   -69
   637   -69
   638   -69
   639   -69
   640   -69
   641   -68
   642   -66
   643   -67
   644   -66
   645   -65
   646   -65
   647   -66
   648   -65
   649   -65
   650   -67
   651   -68
   652   -68
   653   -69
   654   -69
   655   -69
   656   -70
   657   -69
   658   -68
   659   -67
   660   -67
   661   -66
   662   -65
   663   -65
   664   -65
   665   -67
   666   -67
   667   -67
   668   -68
   669   -69
   670   -70
   671   -69
   672   -69
   673   -69
   674   -67
   675   -67
   676   -67
   677   -65
   678   -65
   679   -66
   680   -65
   681   -65
   682   -66
   683   -67
   684   -68
   685   -68
   686   -69
   687   -69
   688   -70
   689   -68
   690   -68
   691   -68
   692   -67
   693   -66
   694   -65
   695   -65
   696   -65
   697   -66
   698   -66
   699   -67
   700   -67
   701   -69
   702   -68
   703   -69
   704   -69
   705   -68
   706   -69
   707   -68
   708   -67
   709   -66
   710   -66
   711   -65
   712   -65
   713   -65
   714   -65
   715   -67
   716   -67
   717   -67
   718   -68
   719   -69
   720   -69
   721   -69
   722   -68
   723   -68
   724   -67
   725   -67
   726   -66
   727   -66
   728   -65
   729   -66
   730   -65
   731   -66
   732   -66
   733   -67
   734   -69
   735   -69
   736   -69
   737   -69
   738   -69
   739   -69
   740   -68
   741   -67
   742   -67
   743   -66
   744   -65
   745   -65
   746   -65
   747   -65
   748   -66
   749   -67
   750   -68
   751   -68
   752   -69
   753   -69
   754   -69
   755   -68
   756   -68
   757   -68
   758   -66
   759   -66
   760   -66
   761   -65
   762   -65
   763   -65
   764   -66
   765   -67
   766   -68
   767   -69
   768   -69
   769   -69
   770   -69
   771   -70
   772   -69
   773   -67
   774   -67
   775   -66
   776   -65
   777   -65
   778   -65
   779   -66
   780   -65
   781   -66
   782   -68
   783   -68
   784   -68
   785   -69
   786   -69
   787   -69
   788   -68
   789   -68
   790   -67
   791   -66
   792   -66
   793   -65
   794   -65
   795   -65
   796   -66
   797   -66
   798   -67
   799   -68
   800   -68
   801   -69
   802   -70
   803   -70
   804   -68
   805   -68
   806   -68
   807   -67
   808   -66
   809   -65
   810   -65
   811   -65
   812   -65
   813   -66
   814   -66
   815   -68
   816   -68
   817   -69
   818   -69
   819   -69
   820   -69
   821   -68
   822   -68
   823   -66
   824   -66
   825   -66
   826   -65
   827   -64
   828   -65
   829   -65
   830   -67
   831   -67
   832   -68
   833   -69
   834   -69
   835   -70
   836   -70
   837   -68
   838   -68
   839   -68
   840   -66
   841   -66
   842   -65
   843   -65
   844   -65
   845   -65
   846   -66
   847   -67
   848   -67
   849   -68
   850   -69
   851   -70
   852   -69
   853   -68
   854   -68
   855   -67
   856   -67
   857   -66
   858   -65
   859   -65
   860   -65
   861   -65
   862   -66
   863   -67
   864   -68
   865   -68
   866   -69
   867   -69
   868   -69
   869   -69
   870   -69
   871   -68
   872   -67
   873   -67
   874   -65
   875   -65
   876   -66
   877   -66
   878   -65
   879   -66
   880   -67
   881   -68
   882   -68
   883   -69
   884   -69
   885   -69
   886   -68
   887   -67
   888   -67
   889   -68
   890   -65
   891   -65
   892   -64
   893   -65
   894   -65
   895   -66
   896   -67
   897   -68
   898   -68
   899   -68
   900   -69
   901   -69
   902   -69
   903   -69
   904   -68
   905   -67
   906   -67
   907   -66
   908   -66
   909   -65
   910   -65
   911   -65
   912   -67
   913   -68
   914   -68
   915   -69
   916   -68
   917   -69
   918   -68
   919   -69
   920   -67
   921   -67
   922   -66
   923   -66
   924   -65
   925   -65
   926   -65
   927   -65
   928   -67
   929   -67
   930   -68
   931   -68
   932   -69
   933   -69
   934   -69
   935   -68
   936   -68
   937   -68
   938   -66
   939   -66
   940   -65
   941   -65
   942   -65
   943   -65
   944   -66
   945   -67
   946   -67
   947   -68
   948   -68
   949   -69
   950   -69
   951   -69
   952   -69
   953   -68
   954   -67
   955   -67
   956   -65
   957   -65
   958   -65
   959   -65
   960   -65
   961   -65
   962   -66
   963   -68
   964   -68
   965   -69
   966   -69
   967   -69
   968   -69
   969   -68
   970   -68
   971   -67
   972   -66
   973   -66
   974   -65
   975   -65
   976   -65
   977   -66
   978   -67
   979   -67
   980   -69
   981   -69
   982   -70
   983   -69
   984   -69
   985   -69
   986   -67
   987   -67
   988   -66
   989   -65
   990   -65
   991   -65
   992   -65
   993   -65
   994   -66
   995   -67
   996   -67
   997   -68
   998   -69
   999   -69
