   0   0
   1   -61
   2   -61
   3   -61
   4   -61
   5   -61
   6   -61
   7   -61
   8   -61
   9   -61
   10   -62
   11   -61
   12   -62
   13   -61
   14   -61
   15   -61
   16   -61
   17   -61
   18   -61
   19   -61
   20   -61
   21   -61
   22   -61
   23   -61
   24   -61
   25   -61
   26   -61
   27   -62
   28   -61
   29   -61
   30   -61
   31   -61
   32   -61
   33   -61
   34   -61
   35   -61
   36   -61
   37   -61
   38   -61
   39   -61
   40   -62
   41   -61
   42   -61
   43   -61
   44   -62
   45   -61
   46   -61
   47   -61
   48   -61
   49   -61
   50   -61
   51   -61
   52   -61
   53   -61
   54   -61
   55   -62
   56   -61
   57   -61
   58   -60
   59   -61
   60   -61
   61   -62
   62   -61
   63   -62
   64   -61
   65   -62
   66   -61
   67   -61
   68   -61
   69   -61
   70   -61
   71   -61
   72   -61
   73   -61
   74   -61
   75   -61
   76   -61
   77   -61
   78   -61
   79   -61
   80   -61
   81   -61
   82   -61
   83   -61
   84   -61
   85   -61
   86   -61
   87   -61
   88   -61
   89   -62
   90   -61
   91   -62
   92   -61
   93   -61
   94   -61
   95   -62
   96   -61
   97   -61
   98   -61
   99   -61
   100   -61
   101   -61
   102   -61
   103   -61
   104   -61
   105   -61
   106   -61
   107   -61
   108   -62
   109   -61
   110   -61
   111   -61
   112   -62
   113   -61
   114   -61
   115   -61
   116   -61
   117   -61
   118   -61
   119   -61
   120   -61
   121   -62
   122   -61
   123   -62
   124   -60
   125   -62
   126   -61
   127   -62
   128   -61
   129   -62
   130   -61
   131   -61
   132   -61
   133   -61
   134   -61
   135   -61
   136   -61
   137   -61
   138   -61
   139   -61
   140   -61
   141   -60
   142   -61
   143   -61
   144   -61
   145   -61
   146   -61
   147   -61
   148   -61
   149   -61
   150   -61
   151   -61
   152   -61
   153   -62
   154   -61
   155   -61
   156   -61
   157   -62
   158   -61
   159   -61
   160   -61
   161   -61
   162   -61
   163   -61
   164   -61
   165   -61
   166   -61
   167   -61
   168   -61
   169   -61
   170   -61
   171   -61
   172   -61
   173   -61
   174   -62
   175   -61
   176   -62
   177   -61
   178   -62
   179   -61
   180   -61
   181   -61
   182   -61
   183   -61
   184   -61
   185   -61
   186   -61
   187   -61
   188   -60
   189   -61
   190   -61
   191   -62
   192   -60
   193   -62
   194   -60
   195   -61
   196   -61
   197   -62
   198   -61
   199   -61
   200   -62
   201   -59
   202   -24
   203   42
   204   69
   205   75
   206   69
   207   68
   208   65
   209   67
   210   67
   211   70
   212   68
   213   69
   214   68
   215   70
   216   70
   217   70
   218   70
   219   70
   220   70
   221   69
   222   71
   223   70
   224   71
   225   70
   226   70
   227   70
   228   71
   229   70
   230   71
   231   70
   232   70
   233   70
   234   70
   235   71
   236   70
   237   70
   238   70
   239   71
   240   70
   241   71
   242   70
   243   70
   244   69
   245   70
   246   70
   247   71
   248   70
   249   70
   250   70
   251   70
   252   71
   253   70
   254   70
   255   69
   256   70
   257   69
   258   71
   259   69
   260   70
   261   69
   262   70
   263   70
   264   70
   265   69
   266   69
   267   69
   268   69
   269   70
   270   69
   271   70
   272   69
   273   70
   274   69
   275   70
   276   68
   277   69
   278   68
   279   69
   280   68
   281   69
   282   69
   283   68
   284   69
   285   68
   286   69
   287   68
   288   69
   289   68
   290   69
   291   67
   292   69
   293   68
   294   69
   295   68
   296   68
   297   68
   298   68
   299   68
   300   67
   301   68
   302   67
   303   68
   304   67
   305   68
   306   67
   307   68
   308   67
   309   68
   310   67
   311   68
   312   67
   313   67
   314   67
   315   67
   316   67
   317   66
   318   67
   319   66
   320   68
   321   66
   322   67
   323   66
   324   67
   325   66
   326   67
   327   66
   328   67
   329   66
   330   66
   331   66
   332   65
   333   66
   334   65
   335   66
   336   65
   337   66
   338   65
   339   66
   340   65
   341   66
   342   65
   343   65
   344   65
   345   65
   346   65
   347   65
   348   65
   349   65
   350   65
   351   64
   352   65
   353   64
   354   65
   355   64
   356   65
   357   63
   358   65
   359   63
   360   64
   361   64
   362   64
   363   64
   364   63
   365   64
   366   63
   367   64
   368   63
   369   64
   370   63
   371   64
   372   62
   373   63
   374   62
   375   63
   376   62
   377   62
   378   61
   379   61
   380   61
   381   60
   382   59
   383   57
   384   56
   385   53
   386   52
   387   47
   388   45
   389   40
   390   37
   391   31
   392   27
   393   20
   394   15
   395   9
   396   3
   397   -3
   398   -10
   399   -14
   400   -21
   401   -25
   402   -31
   403   -34
   404   -40
   405   -42
   406   -46
   407   -47
   408   -51
   409   -51
   410   -54
   411   -55
   412   -56
   413   -57
   414   -57
   415   -58
   416   -58
   417   -59
   418   -58
   419   -60
   420   -59
   421   -60
   422   -59
   423   -60
   424   -59
   425   -60
   426   -59
   427   -60
   428   -59
   429   -60
   430   -60
   431   -59
   432   -60
   433   -59
   434   -60
   435   -59
   436   -60
   437   -59
   438   -60
   439   -60
   440   -60
   441   -59
   442   -60
   443   -60
   444   -60
   445   -60
   446   -60
   447   -60
   448   -59
   449   -60
   450   -60
   451   -61
   452   -59
   453   -61
   454   -59
   455   -61
   456   -60
   457   -61
   458   -59
   459   -60
   460   -60
   461   -60
   462   -60
   463   -60
   464   -60
   465   -60
   466   -61
   467   -60
   468   -61
   469   -59
   470   -61
   471   -59
   472   -61
   473   -60
   474   -61
   475   -60
   476   -60
   477   -60
   478   -60
   479   -60
   480   -60
   481   -60
   482   -60
   483   -61
   484   -60
   485   -61
   486   -60
   487   -61
   488   -59
   489   -61
   490   -60
   491   -61
   492   -60
   493   -61
   494   -60
   495   -60
   496   -61
   497   -60
   498   -61
   499   -60
   500   -61
   501   -60
   502   -61
   503   -60
   504   -61
   505   -60
   506   -61
   507   -60
   508   -61
   509   -60
   510   -61
   511   -60
   512   -60
   513   -61
   514   -60
   515   -61
   516   -60
   517   -61
   518   -60
   519   -61
   520   -60
   521   -61
   522   -60
   523   -61
   524   -60
   525   -61
   526   -61
   527   -61
   528   -60
   529   -60
   530   -61
   531   -60
   532   -61
   533   -60
   534   -61
   535   -60
   536   -61
   537   -60
   538   -61
   539   -60
   540   -61
   541   -60
   542   -61
   543   -61
   544   -61
   545   -61
   546   -60
   547   -61
   548   -60
   549   -61
   550   -60
   551   -61
   552   -60
   553   -61
   554   -60
   555   -61
   556   -60
   557   -61
   558   -60
   559   -61
   560   -61
   561   -61
   562   -61
   563   -60
   564   -61
   565   -60
   566   -62
   567   -60
   568   -61
   569   -60
   570   -61
   571   -60
   572   -61
   573   -60
   574   -61
   575   -60
   576   -61
   577   -61
   578   -61
   579   -61
   580   -60
   581   -61
   582   -60
   583   -61
   584   -60
   585   -61
   586   -60
   587   -61
   588   -60
   589   -61
   590   -60
   591   -61
   592   -60
   593   -61
   594   -61
   595   -60
   596   -61
   597   -60
   598   -61
   599   -60
   600   -61
   601   -60
   602   -61
   603   -60
   604   -61
   605   -60
   606   -61
   607   -61
   608   -61
   609   -61
   610   -61
   611   -61
   612   -60
   613   -61
   614   -60
   615   -62
   616   -60
   617   -61
   618   -60
   619   -61
   620   -60
   621   -61
   622   -60
   623   -61
   624   -60
   625   -61
   626   -61
   627   -61
   628   -61
   629   -60
   630   -61
   631   -60
   632   -61
   633   -60
   634   -62
   635   -60
   636   -61
   637   -60
   638   -61
   639   -60
   640   -61
   641   -60
   642   -61
   643   -61
   644   -61
   645   -61
   646   -60
   647   -61
   648   -60
   649   -61
   650   -60
   651   -62
   652   -60
   653   -61
   654   -60
   655   -61
   656   -60
   657   -61
   658   -61
   659   -61
   660   -61
   661   -61
   662   -61
   663   -60
   664   -61
   665   -60
   666   -61
   667   -60
   668   -61
   669   -60
   670   -61
   671   -60
   672   -61
   673   -60
   674   -61
   675   -61
   676   -61
   677   -61
   678   -60
   679   -61
   680   -60
   681   -61
   682   -60
   683   -61
   684   -60
   685   -61
   686   -60
   687   -61
   688   -60
   689   -61
   690   -61
   691   -61
   692   -61
   693   -60
   694   -61
   695   -60
   696   -62
   697   -60
   698   -62
   699   -60
   700   -62
   701   -60
   702   -61
   703   -60
   704   -61
   705   -60
   706   -61
   707   -61
   708   -61
   709   -61
   710   -61
   711   -61
   712   -60
   713   -61
   714   -60
   715   -61
   716   -60
   717   -61
   718   -60
   719   -62
   720   -60
   721   -61
   722   -60
   723   -61
   724   -61
   725   -61
   726   -61
   727   -60
   728   -61
   729   -60
   730   -61
   731   -60
   732   -61
   733   -60
   734   -61
   735   -60
   736   -61
   737   -61
   738   -61
   739   -61
   740   -61
   741   -61
   742   -60
   743   -61
   744   -60
   745   -61
   746   -60
   747   -61
   748   -60
   749   -61
   750   -60
   751   -62
   752   -60
   753   -61
   754   -60
   755   -61
   756   -61
   757   -61
   758   -61
   759   -61
   760   -61
   761   -60
   762   -61
   763   -60
   764   -62
   765   -60
   766   -62
   767   -60
   768   -61
   769   -60
   770   -61
   771   -60
   772   -61
   773   -60
   774   -61
   775   -61
   776   -61
   777   -61
   778   -60
   779   -61
   780   -60
   781   -62
   782   -60
   783   -61
   784   -60
   785   -61
   786   -60
   787   -61
   788   -60
   789   -61
   790   -61
   791   -61
   792   -61
   793   -61
   794   -61
   795   -60
   796   -61
   797   -60
   798   -61
   799   -60
   800   -61
   801   -60
   802   -61
   803   -60
   804   -61
   805   -61
   806   -61
   807   -61
   808   -60
   809   -61
   810   -60
   811   -61
   812   -60
   813   -61
   814   -60
   815   -61
   816   -60
   817   -62
   818   -60
   819   -61
   820   -60
   821   -61
   822   -61
   823   -61
   824   -61
   825   -61
   826   -61
   827   -60
   828   -62
   829   -60
   830   -62
   831   -60
   832   -62
   833   -60
   834   -61
   835   -60
   836   -61
   837   -60
   838   -61
   839   -61
   840   -61
   841   -61
   842   -60
   843   -61
   844   -60
   845   -62
   846   -60
   847   -62
   848   -60
   849   -62
   850   -60
   851   -61
   852   -60
   853   -61
   854   -61
   855   -61
   856   -61
   857   -61
   858   -61
   859   -60
   860   -61
   861   -60
   862   -62
   863   -60
   864   -62
   865   -60
   866   -61
   867   -60
   868   -61
   869   -60
   870   -61
   871   -61
   872   -61
   873   -61
   874   -60
   875   -61
   876   -60
   877   -61
   878   -60
   879   -61
   880   -60
   881   -62
   882   -60
   883   -62
   884   -60
   885   -61
   886   -60
   887   -61
   888   -61
   889   -61
   890   -61
   891   -60
   892   -61
   893   -60
   894   -61
   895   -60
   896   -61
   897   -60
   898   -62
   899   -60
   900   -61
   901   -60
   902   -61
   903   -60
   904   -61
   905   -61
   906   -61
   907   -61
   908   -60
   909   -61
   910   -60
   911   -61
   912   -60
   913   -61
   914   -60
   915   -61
   916   -60
   917   -61
   918   -60
   919   -61
   920   -61
   921   -61
   922   -61
   923   -60
   924   -61
   925   -60
   926   -61
   927   -60
   928   -61
   929   -60
   930   -61
   931   -60
   932   -62
   933   -60
   934   -61
   935   -60
   936   -61
   937   -61
   938   -60
   939   -61
   940   -60
   941   -61
   942   -60
   943   -62
   944   -60
   945   -62
   946   -60
   947   -62
   948   -60
   949   -62
   950   -60
   951   -61
   952   -60
   953   -61
   954   -61
   955   -61
   956   -61
   957   -60
   958   -61
   959   -60
   960   -61
   961   -60
   962   -61
   963   -60
   964   -62
   965   -60
   966   -61
   967   -60
   968   -61
   969   -61
   970   -61
   971   -61
   972   -60
   973   -61
   974   -61
   975   -62
   976   -60
   977   -61
   978   -60
   979   -62
   980   -60
   981   -62
   982   -60
   983   -61
   984   -60
   985   -61
   986   -61
   987   -61
   988   -61
   989   -60
   990   -61
   991   -60
   992   -62
   993   -60
   994   -61
   995   -60
   996   -62
   997   -60
   998   -61
   999   -60
