   0   0
   1   -60
   2   -61
   3   -61
   4   -61
   5   -62
   6   -61
   7   -62
   8   -60
   9   -62
   10   -60
   11   -62
   12   -60
   13   -62
   14   -60
   15   -62
   16   -60
   17   -62
   18   -60
   19   -61
   20   -61
   21   -61
   22   -62
   23   -60
   24   -62
   25   -60
   26   -62
   27   -60
   28   -62
   29   -60
   30   -62
   31   -60
   32   -62
   33   -60
   34   -61
   35   -61
   36   -61
   37   -61
   38   -61
   39   -62
   40   -60
   41   -62
   42   -60
   43   -62
   44   -60
   45   -62
   46   -60
   47   -62
   48   -60
   49   -62
   50   -60
   51   -61
   52   -61
   53   -61
   54   -61
   55   -60
   56   -62
   57   -60
   58   -62
   59   -60
   60   -62
   61   -60
   62   -62
   63   -60
   64   -62
   65   -60
   66   -62
   67   -61
   68   -61
   69   -61
   70   -61
   71   -62
   72   -61
   73   -62
   74   -60
   75   -62
   76   -60
   77   -62
   78   -60
   79   -62
   80   -60
   81   -62
   82   -60
   83   -61
   84   -61
   85   -61
   86   -62
   87   -61
   88   -62
   89   -60
   90   -62
   91   -60
   92   -62
   93   -60
   94   -63
   95   -60
   96   -62
   97   -60
   98   -62
   99   -60
   100   -61
   101   -61
   102   -61
   103   -62
   104   -60
   105   -62
   106   -60
   107   -62
   108   -60
   109   -62
   110   -60
   111   -62
   112   -60
   113   -62
   114   -60
   115   -62
   116   -60
   117   -61
   118   -61
   119   -61
   120   -61
   121   -60
   122   -62
   123   -60
   124   -63
   125   -60
   126   -62
   127   -60
   128   -62
   129   -60
   130   -62
   131   -60
   132   -62
   133   -61
   134   -61
   135   -61
   136   -61
   137   -61
   138   -60
   139   -62
   140   -60
   141   -62
   142   -60
   143   -62
   144   -60
   145   -62
   146   -60
   147   -62
   148   -61
   149   -61
   150   -61
   151   -61
   152   -61
   153   -60
   154   -62
   155   -60
   156   -62
   157   -60
   158   -62
   159   -60
   160   -62
   161   -60
   162   -62
   163   -60
   164   -62
   165   -61
   166   -61
   167   -61
   168   -61
   169   -62
   170   -60
   171   -62
   172   -60
   173   -62
   174   -60
   175   -62
   176   -60
   177   -62
   178   -60
   179   -62
   180   -60
   181   -62
   182   -61
   183   -61
   184   -61
   185   -61
   186   -62
   187   -61
   188   -62
   189   -60
   190   -62
   191   -60
   192   -62
   193   -60
   194   -61
   195   -60
   196   -61
   197   -61
   198   -62
   199   -61
   200   -62
   201   -61
   202   -52
   203   -38
   204   -32
   205   -35
   206   -34
   207   -37
   208   -34
   209   -36
   210   -33
   211   -35
   212   -33
   213   -34
   214   -32
   215   -32
   216   -31
   217   -30
   218   -31
   219   -29
   220   -30
   221   -28
   222   -29
   223   -26
   224   -28
   225   -25
   226   -27
   227   -24
   228   -25
   229   -23
   230   -24
   231   -22
   232   -22
   233   -21
   234   -20
   235   -20
   236   -19
   237   -20
   238   -17
   239   -18
   240   -14
   241   -17
   242   -13
   243   -15
   244   -12
   245   -13
   246   -11
   247   -11
   248   -9
   249   -9
   250   -8
   251   -7
   252   -7
   253   -4
   254   -5
   255   -2
   256   -4
   257   0
   258   -1
   259   2
   260   1
   261   4
   262   3
   263   5
   264   6
   265   7
   266   9
   267   9
   268   11
   269   11
   270   14
   271   14
   272   17
   273   16
   274   20
   275   19
   276   22
   277   21
   278   24
   279   25
   280   27
   281   28
   282   30
   283   31
   284   32
   285   34
   286   34
   287   38
   288   37
   289   40
   290   39
   291   42
   292   41
   293   44
   294   43
   295   45
   296   44
   297   45
   298   44
   299   43
   300   43
   301   41
   302   42
   303   39
   304   39
   305   35
   306   35
   307   30
   308   30
   309   25
   310   24
   311   19
   312   17
   313   13
   314   9
   315   6
   316   2
   317   -1
   318   -6
   319   -8
   320   -13
   321   -14
   322   -19
   323   -20
   324   -25
   325   -26
   326   -30
   327   -32
   328   -35
   329   -36
   330   -38
   331   -40
   332   -42
   333   -44
   334   -44
   335   -47
   336   -46
   337   -50
   338   -49
   339   -51
   340   -50
   341   -53
   342   -51
   343   -54
   344   -53
   345   -54
   346   -54
   347   -54
   348   -55
   349   -54
   350   -56
   351   -55
   352   -56
   353   -54
   354   -57
   355   -55
   356   -57
   357   -55
   358   -57
   359   -55
   360   -57
   361   -55
   362   -57
   363   -56
   364   -56
   365   -56
   366   -56
   367   -57
   368   -55
   369   -57
   370   -55
   371   -57
   372   -55
   373   -57
   374   -55
   375   -57
   376   -55
   377   -56
   378   -55
   379   -56
   380   -56
   381   -56
   382   -56
   383   -56
   384   -57
   385   -55
   386   -57
   387   -55
   388   -57
   389   -55
   390   -57
   391   -55
   392   -57
   393   -55
   394   -56
   395   -56
   396   -56
   397   -56
   398   -55
   399   -56
   400   -55
   401   -57
   402   -55
   403   -57
   404   -55
   405   -57
   406   -54
   407   -57
   408   -55
   409   -56
   410   -55
   411   -56
   412   -55
   413   -55
   414   -56
   415   -55
   416   -56
   417   -55
   418   -57
   419   -55
   420   -57
   421   -54
   422   -57
   423   -55
   424   -57
   425   -55
   426   -56
   427   -55
   428   -56
   429   -56
   430   -56
   431   -56
   432   -55
   433   -56
   434   -55
   435   -57
   436   -55
   437   -57
   438   -55
   439   -57
   440   -55
   441   -57
   442   -55
   443   -56
   444   -55
   445   -56
   446   -56
   447   -56
   448   -56
   449   -55
   450   -57
   451   -55
   452   -57
   453   -55
   454   -57
   455   -55
   456   -57
   457   -55
   458   -57
   459   -55
   460   -57
   461   -56
   462   -56
   463   -56
   464   -56
   465   -56
   466   -55
   467   -57
   468   -55
   469   -57
   470   -55
   471   -57
   472   -55
   473   -57
   474   -56
   475   -57
   476   -55
   477   -56
   478   -56
   479   -56
   480   -56
   481   -56
   482   -57
   483   -55
   484   -57
   485   -55
   486   -57
   487   -55
   488   -57
   489   -55
   490   -57
   491   -56
   492   -57
   493   -56
   494   -56
   495   -56
   496   -56
   497   -57
   498   -56
   499   -57
   500   -56
   501   -57
   502   -55
   503   -57
   504   -55
   505   -57
   506   -55
   507   -57
   508   -56
   509   -57
   510   -56
   511   -56
   512   -56
   513   -56
   514   -57
   515   -56
   516   -57
   517   -56
   518   -57
   519   -55
   520   -57
   521   -56
   522   -57
   523   -56
   524   -57
   525   -56
   526   -57
   527   -57
   528   -56
   529   -57
   530   -56
   531   -57
   532   -56
   533   -57
   534   -56
   535   -58
   536   -55
   537   -57
   538   -56
   539   -58
   540   -56
   541   -57
   542   -56
   543   -57
   544   -57
   545   -56
   546   -57
   547   -56
   548   -57
   549   -56
   550   -58
   551   -56
   552   -58
   553   -56
   554   -57
   555   -56
   556   -58
   557   -56
   558   -57
   559   -56
   560   -57
   561   -57
   562   -57
   563   -57
   564   -56
   565   -57
   566   -56
   567   -58
   568   -56
   569   -58
   570   -56
   571   -58
   572   -56
   573   -58
   574   -56
   575   -57
   576   -56
   577   -57
   578   -57
   579   -57
   580   -57
   581   -56
   582   -57
   583   -56
   584   -57
   585   -56
   586   -58
   587   -56
   588   -58
   589   -56
   590   -57
   591   -56
   592   -57
   593   -57
   594   -57
   595   -57
   596   -57
   597   -57
   598   -56
   599   -58
   600   -56
   601   -58
   602   -56
   603   -58
   604   -56
   605   -58
   606   -57
   607   -57
   608   -57
   609   -57
   610   -57
   611   -56
   612   -57
   613   -56
   614   -57
   615   -56
   616   -58
   617   -56
   618   -58
   619   -56
   620   -58
   621   -56
   622   -58
   623   -56
   624   -57
   625   -57
   626   -57
   627   -57
   628   -57
   629   -58
   630   -56
   631   -57
   632   -56
   633   -58
   634   -56
   635   -58
   636   -56
   637   -58
   638   -57
   639   -58
   640   -57
   641   -57
   642   -57
   643   -57
   644   -57
   645   -57
   646   -57
   647   -56
   648   -58
   649   -56
   650   -58
   651   -56
   652   -58
   653   -56
   654   -58
   655   -57
   656   -58
   657   -57
   658   -57
   659   -57
   660   -57
   661   -58
   662   -57
   663   -58
   664   -56
   665   -58
   666   -56
   667   -58
   668   -56
   669   -58
   670   -56
   671   -58
   672   -56
   673   -58
   674   -57
   675   -57
   676   -57
   677   -57
   678   -57
   679   -57
   680   -58
   681   -57
   682   -58
   683   -56
   684   -58
   685   -56
   686   -58
   687   -56
   688   -58
   689   -57
   690   -58
   691   -57
   692   -57
   693   -58
   694   -57
   695   -58
   696   -57
   697   -58
   698   -57
   699   -58
   700   -56
   701   -58
   702   -57
   703   -58
   704   -57
   705   -58
   706   -57
   707   -57
   708   -57
   709   -57
   710   -58
   711   -57
   712   -58
   713   -57
   714   -58
   715   -57
   716   -58
   717   -56
   718   -58
   719   -57
   720   -58
   721   -57
   722   -58
   723   -57
   724   -57
   725   -57
   726   -57
   727   -58
   728   -57
   729   -58
   730   -57
   731   -58
   732   -57
   733   -58
   734   -57
   735   -58
   736   -57
   737   -58
   738   -57
   739   -58
   740   -58
   741   -57
   742   -58
   743   -57
   744   -58
   745   -57
   746   -58
   747   -57
   748   -58
   749   -57
   750   -59
   751   -57
   752   -58
   753   -57
   754   -58
   755   -57
   756   -58
   757   -58
   758   -58
   759   -58
   760   -58
   761   -58
   762   -57
   763   -58
   764   -57
   765   -58
   766   -57
   767   -58
   768   -57
   769   -58
   770   -57
   771   -58
   772   -57
   773   -58
   774   -58
   775   -57
   776   -58
   777   -57
   778   -58
   779   -57
   780   -59
   781   -57
   782   -58
   783   -56
   784   -58
   785   -57
   786   -58
   787   -57
   788   -58
   789   -57
   790   -58
   791   -58
   792   -57
   793   -58
   794   -57
   795   -58
   796   -57
   797   -59
   798   -57
   799   -58
   800   -57
   801   -58
   802   -57
   803   -58
   804   -57
   805   -58
   806   -57
   807   -58
   808   -58
   809   -58
   810   -58
   811   -57
   812   -58
   813   -57
   814   -58
   815   -57
   816   -59
   817   -57
   818   -58
   819   -57
   820   -58
   821   -57
   822   -58
   823   -58
   824   -58
   825   -58
   826   -58
   827   -58
   828   -57
   829   -58
   830   -57
   831   -58
   832   -57
   833   -58
   834   -58
   835   -58
   836   -57
   837   -58
   838   -58
   839   -58
   840   -58
   841   -58
   842   -58
   843   -57
   844   -58
   845   -57
   846   -58
   847   -57
   848   -58
   849   -57
   850   -58
   851   -57
   852   -58
   853   -58
   854   -58
   855   -58
   856   -58
   857   -58
   858   -57
   859   -58
   860   -57
   861   -59
   862   -57
   863   -59
   864   -57
   865   -59
   866   -57
   867   -58
   868   -57
   869   -58
   870   -58
   871   -58
   872   -58
   873   -58
   874   -58
   875   -57
   876   -58
   877   -57
   878   -59
   879   -57
   880   -59
   881   -57
   882   -59
   883   -57
   884   -59
   885   -57
   886   -58
   887   -58
   888   -58
   889   -58
   890   -58
   891   -58
   892   -58
   893   -58
   894   -57
   895   -58
   896   -57
   897   -59
   898   -57
   899   -58
   900   -58
   901   -58
   902   -58
   903   -58
   904   -58
   905   -58
   906   -58
   907   -57
   908   -58
   909   -57
   910   -58
   911   -57
   912   -59
   913   -57
   914   -59
   915   -57
   916   -58
   917   -58
   918   -59
   919   -58
   920   -58
   921   -58
   922   -58
   923   -58
   924   -58
   925   -59
   926   -57
   927   -58
   928   -57
   929   -59
   930   -57
   931   -59
   932   -57
   933   -59
   934   -57
   935   -59
   936   -58
   937   -58
   938   -58
   939   -58
   940   -58
   941   -57
   942   -59
   943   -58
   944   -59
   945   -58
   946   -59
   947   -57
   948   -59
   949   -57
   950   -58
   951   -58
   952   -58
   953   -58
   954   -58
   955   -58
   956   -58
   957   -58
   958   -58
   959   -59
   960   -57
   961   -59
   962   -57
   963   -59
   964   -58
   965   -59
   966   -58
   967   -58
   968   -58
   969   -58
   970   -58
   971   -58
   972   -58
   973   -58
   974   -59
   975   -57
   976   -59
   977   -57
   978   -59
   979   -57
   980   -59
   981   -57
   982   -59
   983   -58
   984   -59
   985   -58
   986   -58
   987   -58
   988   -58
   989   -58
   990   -58
   991   -59
   992   -57
   993   -59
   994   -57
   995   -59
   996   -57
   997   -59
   998   -57
   999   -59
