   0   0
   1   -67
   2   -68
   3   -67
   4   -68
   5   -68
   6   -68
   7   -68
   8   -68
   9   -68
   10   -68
   11   -68
   12   -68
   13   -68
   14   -68
   15   -67
   16   -67
   17   -67
   18   -67
   19   -67
   20   -67
   21   -68
   22   -68
   23   -68
   24   -68
   25   -68
   26   -68
   27   -69
   28   -68
   29   -68
   30   -68
   31   -68
   32   -68
   33   -67
   34   -67
   35   -67
   36   -67
   37   -68
   38   -68
   39   -68
   40   -68
   41   -68
   42   -68
   43   -68
   44   -68
   45   -68
   46   -68
   47   -68
   48   -67
   49   -67
   50   -67
   51   -67
   52   -67
   53   -68
   54   -68
   55   -68
   56   -68
   57   -68
   58   -68
   59   -68
   60   -68
   61   -68
   62   -68
   63   -68
   64   -68
   65   -68
   66   -67
   67   -67
   68   -68
   69   -68
   70   -68
   71   -68
   72   -68
   73   -68
   74   -68
   75   -68
   76   -68
   77   -68
   78   -68
   79   -68
   80   -67
   81   -67
   82   -67
   83   -67
   84   -67
   85   -67
   86   -67
   87   -67
   88   -68
   89   -68
   90   -68
   91   -68
   92   -68
   93   -68
   94   -68
   95   -68
   96   -68
   97   -68
   98   -68
   99   -67
   100   -67
   101   -67
   102   -68
   103   -68
   104   -68
   105   -68
   106   -68
   107   -68
   108   -68
   109   -68
   110   -68
   111   -68
   112   -68
   113   -67
   114   -67
   115   -67
   116   -67
   117   -67
   118   -67
   119   -68
   120   -68
   121   -68
   122   -68
   123   -68
   124   -68
   125   -68
   126   -68
   127   -68
   128   -68
   129   -68
   130   -67
   131   -67
   132   -67
   133   -67
   134   -67
   135   -67
   136   -68
   137   -68
   138   -68
   139   -69
   140   -69
   141   -69
   142   -68
   143   -68
   144   -68
   145   -68
   146   -68
   147   -67
   148   -67
   149   -67
   150   -67
   151   -67
   152   -67
   153   -68
   154   -68
   155   -68
   156   -68
   157   -68
   158   -68
   159   -68
   160   -68
   161   -68
   162   -68
   163   -67
   164   -67
   165   -67
   166   -68
   167   -67
   168   -68
   169   -68
   170   -68
   171   -68
   172   -68
   173   -68
   174   -68
   175   -68
   176   -68
   177   -68
   178   -68
   179   -68
   180   -68
   181   -67
   182   -67
   183   -67
   184   -68
   185   -67
   186   -68
   187   -68
   188   -68
   189   -68
   190   -68
   191   -68
   192   -68
   193   -68
   194   -68
   195   -68
   196   -67
   197   -67
   198   -67
   199   -68
   200   -68
   201   -43
   202   10
   203   -46
   204   -52
   205   -45
   206   -44
   207   -45
   208   -44
   209   -43
   210   -44
   211   -44
   212   -42
   213   -43
   214   -43
   215   -42
   216   -42
   217   -43
   218   -42
   219   -43
   220   -42
   221   -42
   222   -44
   223   -43
   224   -43
   225   -43
   226   -43
   227   -42
   228   -43
   229   -42
   230   -43
   231   -42
   232   -42
   233   -42
   234   -43
   235   -42
   236   -43
   237   -43
   238   -43
   239   -44
   240   -44
   241   -43
   242   -43
   243   -43
   244   -43
   245   -43
   246   -43
   247   -43
   248   -42
   249   -43
   250   -43
   251   -44
   252   -43
   253   -43
   254   -43
   255   -44
   256   -44
   257   -44
   258   -44
   259   -43
   260   -44
   261   -43
   262   -43
   263   -43
   264   -43
   265   -43
   266   -43
   267   -43
   268   -44
   269   -44
   270   -44
   271   -44
   272   -44
   273   -45
   274   -45
   275   -45
   276   -44
   277   -44
   278   -44
   279   -44
   280   -44
   281   -44
   282   -44
   283   -44
   284   -44
   285   -45
   286   -45
   287   -45
   288   -45
   289   -45
   290   -46
   291   -45
   292   -45
   293   -45
   294   -45
   295   -45
   296   -45
   297   -45
   298   -45
   299   -45
   300   -45
   301   -45
   302   -45
   303   -45
   304   -46
   305   -46
   306   -46
   307   -46
   308   -46
   309   -46
   310   -46
   311   -46
   312   -45
   313   -45
   314   -45
   315   -45
   316   -46
   317   -46
   318   -46
   319   -46
   320   -46
   321   -47
   322   -46
   323   -46
   324   -47
   325   -47
   326   -46
   327   -46
   328   -46
   329   -46
   330   -46
   331   -46
   332   -46
   333   -46
   334   -46
   335   -47
   336   -47
   337   -47
   338   -47
   339   -47
   340   -47
   341   -47
   342   -47
   343   -47
   344   -47
   345   -47
   346   -47
   347   -47
   348   -47
   349   -47
   350   -47
   351   -47
   352   -48
   353   -48
   354   -48
   355   -48
   356   -48
   357   -48
   358   -48
   359   -48
   360   -48
   361   -48
   362   -47
   363   -47
   364   -47
   365   -48
   366   -48
   367   -48
   368   -48
   369   -48
   370   -48
   371   -48
   372   -49
   373   -49
   374   -49
   375   -48
   376   -48
   377   -48
   378   -48
   379   -48
   380   -48
   381   -48
   382   -48
   383   -48
   384   -48
   385   -49
   386   -49
   387   -49
   388   -49
   389   -49
   390   -50
   391   -49
   392   -49
   393   -49
   394   -49
   395   -49
   396   -49
   397   -49
   398   -49
   399   -49
   400   -49
   401   -49
   402   -49
   403   -50
   404   -50
   405   -50
   406   -50
   407   -50
   408   -50
   409   -50
   410   -50
   411   -49
   412   -49
   413   -49
   414   -49
   415   -49
   416   -49
   417   -50
   418   -50
   419   -50
   420   -51
   421   -51
   422   -51
   423   -50
   424   -50
   425   -51
   426   -50
   427   -50
   428   -50
   429   -50
   430   -50
   431   -50
   432   -50
   433   -50
   434   -50
   435   -50
   436   -51
   437   -51
   438   -51
   439   -51
   440   -51
   441   -51
   442   -51
   443   -51
   444   -50
   445   -51
   446   -50
   447   -50
   448   -50
   449   -51
   450   -51
   451   -51
   452   -52
   453   -51
   454   -52
   455   -52
   456   -52
   457   -52
   458   -52
   459   -51
   460   -51
   461   -51
   462   -51
   463   -51
   464   -51
   465   -51
   466   -52
   467   -52
   468   -52
   469   -53
   470   -53
   471   -53
   472   -53
   473   -53
   474   -53
   475   -53
   476   -53
   477   -53
   478   -52
   479   -53
   480   -53
   481   -53
   482   -53
   483   -53
   484   -54
   485   -54
   486   -54
   487   -54
   488   -55
   489   -56
   490   -55
   491   -55
   492   -55
   493   -55
   494   -56
   495   -55
   496   -56
   497   -56
   498   -56
   499   -57
   500   -57
   501   -58
   502   -58
   503   -59
   504   -59
   505   -59
   506   -59
   507   -59
   508   -59
   509   -59
   510   -59
   511   -60
   512   -60
   513   -60
   514   -60
   515   -61
   516   -61
   517   -61
   518   -62
   519   -62
   520   -63
   521   -63
   522   -63
   523   -63
   524   -63
   525   -63
   526   -63
   527   -63
   528   -63
   529   -62
   530   -63
   531   -64
   532   -64
   533   -64
   534   -65
   535   -65
   536   -66
   537   -66
   538   -66
   539   -66
   540   -66
   541   -66
   542   -66
   543   -65
   544   -66
   545   -66
   546   -66
   547   -66
   548   -66
   549   -66
   550   -66
   551   -67
   552   -67
   553   -68
   554   -67
   555   -67
   556   -67
   557   -67
   558   -67
   559   -67
   560   -67
   561   -66
   562   -66
   563   -66
   564   -67
   565   -67
   566   -67
   567   -67
   568   -68
   569   -68
   570   -68
   571   -68
   572   -68
   573   -68
   574   -68
   575   -67
   576   -67
   577   -67
   578   -67
   579   -67
   580   -67
   581   -67
   582   -68
   583   -68
   584   -68
   585   -68
   586   -68
   587   -68
   588   -68
   589   -68
   590   -68
   591   -68
   592   -67
   593   -67
   594   -67
   595   -67
   596   -67
   597   -67
   598   -67
   599   -67
   600   -68
   601   -68
   602   -68
   603   -68
   604   -68
   605   -68
   606   -68
   607   -68
   608   -67
   609   -67
   610   -67
   611   -67
   612   -67
   613   -67
   614   -67
   615   -68
   616   -68
   617   -68
   618   -68
   619   -68
   620   -68
   621   -68
   622   -68
   623   -68
   624   -67
   625   -68
   626   -67
   627   -67
   628   -67
   629   -67
   630   -67
   631   -67
   632   -68
   633   -68
   634   -68
   635   -68
   636   -68
   637   -68
   638   -68
   639   -68
   640   -68
   641   -67
   642   -67
   643   -67
   644   -67
   645   -67
   646   -67
   647   -67
   648   -67
   649   -68
   650   -68
   651   -69
   652   -69
   653   -69
   654   -69
   655   -68
   656   -68
   657   -67
   658   -68
   659   -67
   660   -67
   661   -67
   662   -67
   663   -67
   664   -67
   665   -68
   666   -68
   667   -68
   668   -68
   669   -69
   670   -68
   671   -68
   672   -68
   673   -68
   674   -67
   675   -67
   676   -67
   677   -67
   678   -67
   679   -67
   680   -67
   681   -67
   682   -68
   683   -68
   684   -69
   685   -68
   686   -68
   687   -68
   688   -68
   689   -67
   690   -67
   691   -67
   692   -67
   693   -66
   694   -67
   695   -67
   696   -67
   697   -67
   698   -67
   699   -68
   700   -68
   701   -68
   702   -68
   703   -68
   704   -68
   705   -68
   706   -67
   707   -67
   708   -67
   709   -67
   710   -67
   711   -67
   712   -67
   713   -67
   714   -68
   715   -68
   716   -68
   717   -69
   718   -69
   719   -69
   720   -68
   721   -68
   722   -68
   723   -68
   724   -67
   725   -67
   726   -66
   727   -67
   728   -67
   729   -67
   730   -67
   731   -68
   732   -68
   733   -68
   734   -69
   735   -68
   736   -69
   737   -68
   738   -68
   739   -68
   740   -67
   741   -67
   742   -67
   743   -66
   744   -67
   745   -67
   746   -67
   747   -68
   748   -68
   749   -68
   750   -68
   751   -69
   752   -69
   753   -69
   754   -68
   755   -68
   756   -67
   757   -67
   758   -67
   759   -66
   760   -67
   761   -67
   762   -67
   763   -67
   764   -68
   765   -68
   766   -68
   767   -68
   768   -68
   769   -68
   770   -68
   771   -68
   772   -67
   773   -67
   774   -67
   775   -67
   776   -67
   777   -67
   778   -67
   779   -67
   780   -68
   781   -68
   782   -69
   783   -68
   784   -69
   785   -68
   786   -68
   787   -68
   788   -68
   789   -67
   790   -67
   791   -67
   792   -66
   793   -66
   794   -67
   795   -67
   796   -67
   797   -68
   798   -68
   799   -69
   800   -68
   801   -69
   802   -68
   803   -68
   804   -67
   805   -67
   806   -67
   807   -66
   808   -66
   809   -67
   810   -66
   811   -67
   812   -67
   813   -68
   814   -68
   815   -68
   816   -69
   817   -69
   818   -69
   819   -68
   820   -68
   821   -68
   822   -67
   823   -67
   824   -66
   825   -67
   826   -66
   827   -66
   828   -67
   829   -67
   830   -68
   831   -68
   832   -68
   833   -69
   834   -69
   835   -68
   836   -68
   837   -68
   838   -67
   839   -67
   840   -67
   841   -67
   842   -66
   843   -67
   844   -67
   845   -68
   846   -67
   847   -68
   848   -69
   849   -69
   850   -69
   851   -69
   852   -69
   853   -68
   854   -67
   855   -67
   856   -67
   857   -67
   858   -66
   859   -67
   860   -67
   861   -67
   862   -68
   863   -68
   864   -69
   865   -69
   866   -69
   867   -69
   868   -68
   869   -68
   870   -68
   871   -67
   872   -67
   873   -67
   874   -66
   875   -66
   876   -67
   877   -67
   878   -68
   879   -68
   880   -68
   881   -69
   882   -69
   883   -69
   884   -69
   885   -68
   886   -68
   887   -67
   888   -67
   889   -66
   890   -67
   891   -66
   892   -66
   893   -67
   894   -67
   895   -67
   896   -68
   897   -69
   898   -68
   899   -69
   900   -69
   901   -68
   902   -68
   903   -67
   904   -67
   905   -66
   906   -66
   907   -66
   908   -66
   909   -66
   910   -67
   911   -68
   912   -68
   913   -68
   914   -69
   915   -69
   916   -69
   917   -69
   918   -68
   919   -67
   920   -67
   921   -67
   922   -67
   923   -66
   924   -66
   925   -66
   926   -67
   927   -67
   928   -68
   929   -68
   930   -68
   931   -69
   932   -69
   933   -69
   934   -68
   935   -68
   936   -67
   937   -67
   938   -66
   939   -66
   940   -66
   941   -66
   942   -67
   943   -67
   944   -68
   945   -68
   946   -69
   947   -69
   948   -69
   949   -69
   950   -69
   951   -68
   952   -68
   953   -67
   954   -67
   955   -67
   956   -66
   957   -66
   958   -67
   959   -67
   960   -68
   961   -68
   962   -68
   963   -69
   964   -69
   965   -69
   966   -69
   967   -68
   968   -68
   969   -67
   970   -67
   971   -66
   972   -66
   973   -66
   974   -66
   975   -66
   976   -67
   977   -68
   978   -68
   979   -69
   980   -69
   981   -69
   982   -69
   983   -69
   984   -68
   985   -68
   986   -67
   987   -66
   988   -66
   989   -66
   990   -66
   991   -67
   992   -67
   993   -68
   994   -68
   995   -68
   996   -69
   997   -69
   998   -69
   999   -69
