   0   0
   1   -67
   2   -67
   3   -68
   4   -69
   5   -69
   6   -69
   7   -70
   8   -69
   9   -69
   10   -69
   11   -67
   12   -67
   13   -67
   14   -66
   15   -66
   16   -66
   17   -67
   18   -67
   19   -68
   20   -68
   21   -69
   22   -69
   23   -70
   24   -69
   25   -69
   26   -69
   27   -68
   28   -68
   29   -67
   30   -66
   31   -66
   32   -66
   33   -67
   34   -67
   35   -67
   36   -68
   37   -69
   38   -69
   39   -70
   40   -69
   41   -69
   42   -69
   43   -68
   44   -68
   45   -67
   46   -67
   47   -67
   48   -66
   49   -67
   50   -67
   51   -67
   52   -68
   53   -69
   54   -69
   55   -70
   56   -70
   57   -69
   58   -70
   59   -69
   60   -68
   61   -67
   62   -67
   63   -66
   64   -67
   65   -66
   66   -66
   67   -67
   68   -67
   69   -68
   70   -69
   71   -69
   72   -69
   73   -69
   74   -69
   75   -69
   76   -68
   77   -68
   78   -67
   79   -66
   80   -66
   81   -66
   82   -67
   83   -67
   84   -68
   85   -68
   86   -69
   87   -69
   88   -69
   89   -70
   90   -69
   91   -70
   92   -69
   93   -68
   94   -67
   95   -67
   96   -67
   97   -66
   98   -66
   99   -67
   100   -67
   101   -68
   102   -69
   103   -69
   104   -69
   105   -69
   106   -70
   107   -69
   108   -68
   109   -68
   110   -68
   111   -66
   112   -66
   113   -66
   114   -66
   115   -66
   116   -66
   117   -68
   118   -68
   119   -69
   120   -69
   121   -70
   122   -70
   123   -70
   124   -70
   125   -68
   126   -68
   127   -67
   128   -67
   129   -67
   130   -66
   131   -66
   132   -66
   133   -67
   134   -68
   135   -68
   136   -69
   137   -69
   138   -69
   139   -70
   140   -69
   141   -69
   142   -68
   143   -67
   144   -67
   145   -67
   146   -65
   147   -66
   148   -66
   149   -67
   150   -67
   151   -68
   152   -68
   153   -69
   154   -70
   155   -70
   156   -69
   157   -70
   158   -68
   159   -68
   160   -67
   161   -67
   162   -66
   163   -67
   164   -66
   165   -66
   166   -67
   167   -68
   168   -68
   169   -69
   170   -69
   171   -70
   172   -70
   173   -70
   174   -68
   175   -68
   176   -68
   177   -67
   178   -66
   179   -67
   180   -66
   181   -66
   182   -67
   183   -68
   184   -68
   185   -69
   186   -69
   187   -69
   188   -69
   189   -69
   190   -69
   191   -69
   192   -67
   193   -67
   194   -67
   195   -66
   196   -66
   197   -66
   198   -66
   199   -68
   200   -69
   201   -39
   202   28
   203   -18
   204   -20
   205   -15
   206   -13
   207   -14
   208   -12
   209   -11
   210   -10
   211   -9
   212   -8
   213   -9
   214   -8
   215   -9
   216   -9
   217   -10
   218   -10
   219   -11
   220   -10
   221   -11
   222   -12
   223   -10
   224   -10
   225   -9
   226   -8
   227   -7
   228   -8
   229   -7
   230   -8
   231   -8
   232   -9
   233   -9
   234   -10
   235   -11
   236   -11
   237   -12
   238   -11
   239   -12
   240   -11
   241   -10
   242   -10
   243   -9
   244   -8
   245   -9
   246   -9
   247   -9
   248   -9
   249   -10
   250   -11
   251   -13
   252   -12
   253   -12
   254   -13
   255   -12
   256   -12
   257   -12
   258   -11
   259   -10
   260   -10
   261   -10
   262   -10
   263   -10
   264   -11
   265   -11
   266   -12
   267   -13
   268   -13
   269   -14
   270   -14
   271   -15
   272   -14
   273   -13
   274   -13
   275   -13
   276   -12
   277   -12
   278   -12
   279   -11
   280   -12
   281   -13
   282   -13
   283   -14
   284   -14
   285   -15
   286   -15
   287   -16
   288   -16
   289   -15
   290   -15
   291   -15
   292   -14
   293   -13
   294   -13
   295   -13
   296   -13
   297   -14
   298   -15
   299   -14
   300   -16
   301   -16
   302   -17
   303   -17
   304   -17
   305   -16
   306   -16
   307   -16
   308   -16
   309   -15
   310   -15
   311   -15
   312   -15
   313   -15
   314   -15
   315   -17
   316   -17
   317   -18
   318   -18
   319   -19
   320   -18
   321   -18
   322   -18
   323   -17
   324   -17
   325   -16
   326   -16
   327   -16
   328   -16
   329   -17
   330   -16
   331   -17
   332   -19
   333   -18
   334   -19
   335   -20
   336   -21
   337   -20
   338   -20
   339   -20
   340   -19
   341   -18
   342   -18
   343   -18
   344   -17
   345   -18
   346   -18
   347   -19
   348   -19
   349   -20
   350   -21
   351   -22
   352   -22
   353   -22
   354   -22
   355   -22
   356   -21
   357   -20
   358   -20
   359   -19
   360   -19
   361   -19
   362   -19
   363   -20
   364   -20
   365   -21
   366   -22
   367   -22
   368   -22
   369   -23
   370   -23
   371   -22
   372   -23
   373   -22
   374   -21
   375   -21
   376   -21
   377   -21
   378   -21
   379   -21
   380   -22
   381   -23
   382   -24
   383   -26
   384   -26
   385   -27
   386   -27
   387   -28
   388   -27
   389   -27
   390   -27
   391   -27
   392   -27
   393   -27
   394   -28
   395   -29
   396   -30
   397   -31
   398   -33
   399   -34
   400   -36
   401   -37
   402   -38
   403   -39
   404   -40
   405   -40
   406   -42
   407   -42
   408   -42
   409   -43
   410   -43
   411   -45
   412   -47
   413   -48
   414   -49
   415   -51
   416   -53
   417   -54
   418   -56
   419   -57
   420   -57
   421   -58
   422   -58
   423   -58
   424   -58
   425   -58
   426   -59
   427   -59
   428   -60
   429   -61
   430   -62
   431   -63
   432   -64
   433   -65
   434   -66
   435   -66
   436   -66
   437   -66
   438   -66
   439   -66
   440   -65
   441   -65
   442   -65
   443   -65
   444   -65
   445   -66
   446   -65
   447   -67
   448   -68
   449   -68
   450   -68
   451   -69
   452   -69
   453   -69
   454   -69
   455   -68
   456   -68
   457   -66
   458   -66
   459   -66
   460   -67
   461   -66
   462   -66
   463   -67
   464   -67
   465   -68
   466   -68
   467   -69
   468   -69
   469   -69
   470   -68
   471   -68
   472   -68
   473   -66
   474   -66
   475   -66
   476   -65
   477   -65
   478   -66
   479   -66
   480   -67
   481   -67
   482   -69
   483   -69
   484   -69
   485   -69
   486   -69
   487   -69
   488   -68
   489   -67
   490   -67
   491   -66
   492   -66
   493   -66
   494   -66
   495   -66
   496   -67
   497   -67
   498   -68
   499   -69
   500   -69
   501   -69
   502   -69
   503   -69
   504   -68
   505   -67
   506   -67
   507   -66
   508   -66
   509   -65
   510   -66
   511   -65
   512   -67
   513   -67
   514   -68
   515   -69
   516   -69
   517   -69
   518   -69
   519   -69
   520   -68
   521   -68
   522   -68
   523   -67
   524   -66
   525   -66
   526   -66
   527   -66
   528   -67
   529   -67
   530   -68
   531   -68
   532   -69
   533   -69
   534   -69
   535   -69
   536   -69
   537   -68
   538   -67
   539   -67
   540   -67
   541   -66
   542   -65
   543   -66
   544   -66
   545   -67
   546   -67
   547   -68
   548   -68
   549   -69
   550   -69
   551   -69
   552   -69
   553   -68
   554   -68
   555   -67
   556   -67
   557   -65
   558   -66
   559   -66
   560   -67
   561   -67
   562   -67
   563   -67
   564   -68
   565   -69
   566   -69
   567   -69
   568   -69
   569   -69
   570   -69
   571   -68
   572   -67
   573   -66
   574   -67
   575   -66
   576   -66
   577   -66
   578   -67
   579   -67
   580   -68
   581   -68
   582   -69
   583   -69
   584   -69
   585   -69
   586   -68
   587   -68
   588   -67
   589   -67
   590   -66
   591   -66
   592   -66
   593   -66
   594   -67
   595   -67
   596   -68
   597   -68
   598   -69
   599   -69
   600   -69
   601   -69
   602   -69
   603   -68
   604   -68
   605   -67
   606   -66
   607   -66
   608   -66
   609   -66
   610   -66
   611   -67
   612   -68
   613   -68
   614   -69
   615   -69
   616   -69
   617   -69
   618   -70
   619   -68
   620   -68
   621   -67
   622   -66
   623   -67
   624   -66
   625   -66
   626   -66
   627   -67
   628   -67
   629   -67
   630   -68
   631   -69
   632   -69
   633   -69
   634   -70
   635   -69
   636   -69
   637   -68
   638   -67
   639   -67
   640   -65
   641   -67
   642   -65
   643   -66
   644   -67
   645   -67
   646   -68
   647   -69
   648   -69
   649   -69
   650   -69
   651   -70
   652   -67
   653   -68
   654   -67
   655   -67
   656   -66
   657   -66
   658   -65
   659   -66
   660   -66
   661   -67
   662   -68
   663   -69
   664   -68
   665   -69
   666   -70
   667   -69
   668   -69
   669   -68
   670   -68
   671   -67
   672   -66
   673   -66
   674   -66
   675   -66
   676   -66
   677   -66
   678   -68
   679   -68
   680   -68
   681   -69
   682   -69
   683   -70
   684   -70
   685   -68
   686   -68
   687   -67
   688   -67
   689   -66
   690   -66
   691   -66
   692   -66
   693   -66
   694   -67
   695   -68
   696   -68
   697   -69
   698   -69
   699   -70
   700   -68
   701   -68
   702   -69
   703   -67
   704   -67
   705   -66
   706   -67
   707   -66
   708   -66
   709   -66
   710   -67
   711   -67
   712   -68
   713   -68
   714   -69
   715   -69
   716   -69
   717   -69
   718   -68
   719   -67
   720   -67
   721   -66
   722   -66
   723   -66
   724   -66
   725   -67
   726   -66
   727   -67
   728   -68
   729   -69
   730   -69
   731   -70
   732   -69
   733   -70
   734   -69
   735   -68
   736   -68
   737   -66
   738   -66
   739   -66
   740   -66
   741   -66
   742   -66
   743   -67
   744   -67
   745   -68
   746   -69
   747   -69
   748   -69
   749   -69
   750   -69
   751   -69
   752   -68
   753   -67
   754   -67
   755   -67
   756   -66
   757   -66
   758   -67
   759   -66
   760   -67
   761   -68
   762   -68
   763   -69
   764   -70
   765   -69
   766   -69
   767   -69
   768   -69
   769   -67
   770   -67
   771   -67
   772   -66
   773   -66
   774   -66
   775   -67
   776   -66
   777   -67
   778   -69
   779   -69
   780   -69
   781   -69
   782   -69
   783   -69
   784   -68
   785   -68
   786   -67
   787   -66
   788   -66
   789   -65
   790   -66
   791   -67
   792   -67
   793   -68
   794   -68
   795   -68
   796   -69
   797   -69
   798   -69
   799   -69
   800   -68
   801   -68
   802   -68
   803   -67
   804   -67
   805   -66
   806   -66
   807   -66
   808   -66
   809   -67
   810   -68
   811   -69
   812   -68
   813   -68
   814   -69
   815   -69
   816   -68
   817   -68
   818   -67
   819   -67
   820   -67
   821   -66
   822   -66
   823   -66
   824   -66
   825   -67
   826   -67
   827   -68
   828   -69
   829   -69
   830   -69
   831   -69
   832   -69
   833   -68
   834   -68
   835   -67
   836   -66
   837   -66
   838   -66
   839   -66
   840   -66
   841   -66
   842   -67
   843   -67
   844   -68
   845   -69
   846   -69
   847   -69
   848   -69
   849   -69
   850   -68
   851   -67
   852   -67
   853   -66
   854   -66
   855   -65
   856   -66
   857   -66
   858   -67
   859   -67
   860   -68
   861   -68
   862   -69
   863   -69
   864   -70
   865   -69
   866   -69
   867   -68
   868   -68
   869   -67
   870   -67
   871   -66
   872   -66
   873   -67
   874   -67
   875   -67
   876   -67
   877   -68
   878   -69
   879   -69
   880   -69
   881   -69
   882   -68
   883   -68
   884   -66
   885   -67
   886   -67
   887   -66
   888   -66
   889   -66
   890   -66
   891   -67
   892   -67
   893   -68
   894   -69
   895   -69
   896   -69
   897   -69
   898   -68
   899   -69
   900   -68
   901   -67
   902   -67
   903   -66
   904   -67
   905   -66
   906   -66
   907   -66
   908   -68
   909   -68
   910   -69
   911   -68
   912   -69
   913   -69
   914   -69
   915   -68
   916   -68
   917   -67
   918   -66
   919   -67
   920   -66
   921   -66
   922   -65
   923   -67
   924   -67
   925   -67
   926   -68
   927   -69
   928   -69
   929   -69
   930   -69
   931   -69
   932   -69
   933   -68
   934   -67
   935   -67
   936   -67
   937   -66
   938   -66
   939   -66
   940   -67
   941   -67
   942   -68
   943   -68
   944   -69
   945   -70
   946   -69
   947   -68
   948   -69
   949   -68
   950   -67
   951   -67
   952   -66
   953   -66
   954   -66
   955   -66
   956   -66
   957   -68
   958   -67
   959   -68
   960   -69
   961   -69
   962   -68
   963   -69
   964   -69
   965   -68
   966   -67
   967   -68
   968   -67
   969   -67
   970   -66
   971   -66
   972   -67
   973   -67
   974   -68
   975   -68
   976   -68
   977   -69
   978   -69
   979   -69
   980   -69
   981   -69
   982   -68
   983   -67
   984   -66
   985   -66
   986   -66
   987   -66
   988   -66
   989   -67
   990   -67
   991   -68
   992   -68
   993   -69
   994   -69
   995   -69
   996   -69
   997   -68
   998   -68
   999   -68
