   0   0
   1   -61
   2   -61
   3   -61
   4   -62
   5   -60
   6   -62
   7   -60
   8   -62
   9   -60
   10   -62
   11   -60
   12   -61
   13   -61
   14   -61
   15   -61
   16   -61
   17   -61
   18   -61
   19   -62
   20   -60
   21   -62
   22   -60
   23   -62
   24   -60
   25   -62
   26   -60
   27   -62
   28   -60
   29   -62
   30   -61
   31   -61
   32   -61
   33   -61
   34   -61
   35   -61
   36   -62
   37   -60
   38   -62
   39   -60
   40   -62
   41   -60
   42   -62
   43   -60
   44   -62
   45   -61
   46   -61
   47   -61
   48   -61
   49   -61
   50   -61
   51   -61
   52   -60
   53   -61
   54   -60
   55   -62
   56   -60
   57   -62
   58   -60
   59   -62
   60   -61
   61   -62
   62   -61
   63   -61
   64   -61
   65   -61
   66   -61
   67   -61
   68   -61
   69   -60
   70   -62
   71   -60
   72   -62
   73   -60
   74   -62
   75   -60
   76   -62
   77   -61
   78   -61
   79   -61
   80   -61
   81   -61
   82   -61
   83   -62
   84   -61
   85   -61
   86   -60
   87   -62
   88   -60
   89   -62
   90   -60
   91   -62
   92   -60
   93   -62
   94   -61
   95   -62
   96   -61
   97   -61
   98   -61
   99   -61
   100   -61
   101   -60
   102   -62
   103   -60
   104   -62
   105   -60
   106   -62
   107   -60
   108   -62
   109   -60
   110   -62
   111   -61
   112   -62
   113   -61
   114   -61
   115   -61
   116   -61
   117   -61
   118   -61
   119   -62
   120   -60
   121   -62
   122   -60
   123   -62
   124   -60
   125   -62
   126   -60
   127   -61
   128   -61
   129   -61
   130   -61
   131   -61
   132   -61
   133   -60
   134   -62
   135   -60
   136   -62
   137   -60
   138   -62
   139   -60
   140   -62
   141   -60
   142   -62
   143   -61
   144   -61
   145   -61
   146   -61
   147   -61
   148   -61
   149   -61
   150   -60
   151   -62
   152   -60
   153   -62
   154   -60
   155   -62
   156   -60
   157   -62
   158   -60
   159   -62
   160   -61
   161   -62
   162   -61
   163   -61
   164   -61
   165   -61
   166   -61
   167   -61
   168   -62
   169   -60
   170   -61
   171   -60
   172   -62
   173   -60
   174   -62
   175   -60
   176   -61
   177   -60
   178   -61
   179   -61
   180   -61
   181   -61
   182   -61
   183   -61
   184   -60
   185   -62
   186   -61
   187   -62
   188   -60
   189   -61
   190   -61
   191   -62
   192   -60
   193   -62
   194   -60
   195   -61
   196   -61
   197   -61
   198   -61
   199   -60
   200   -63
   201   -57
   202   -22
   203   35
   204   45
   205   46
   206   38
   207   39
   208   36
   209   40
   210   39
   211   42
   212   41
   213   42
   214   41
   215   43
   216   43
   217   43
   218   44
   219   43
   220   44
   221   43
   222   45
   223   44
   224   45
   225   43
   226   45
   227   44
   228   45
   229   44
   230   44
   231   45
   232   44
   233   45
   234   44
   235   45
   236   44
   237   45
   238   44
   239   46
   240   45
   241   46
   242   44
   243   45
   244   44
   245   45
   246   45
   247   45
   248   45
   249   44
   250   45
   251   44
   252   46
   253   44
   254   45
   255   44
   256   45
   257   44
   258   45
   259   44
   260   45
   261   45
   262   45
   263   45
   264   45
   265   45
   266   44
   267   45
   268   44
   269   45
   270   44
   271   46
   272   44
   273   45
   274   44
   275   45
   276   44
   277   44
   278   44
   279   44
   280   44
   281   44
   282   45
   283   44
   284   44
   285   43
   286   45
   287   43
   288   45
   289   43
   290   44
   291   43
   292   44
   293   44
   294   44
   295   44
   296   44
   297   44
   298   43
   299   44
   300   43
   301   44
   302   43
   303   45
   304   43
   305   44
   306   43
   307   44
   308   43
   309   44
   310   44
   311   43
   312   43
   313   43
   314   44
   315   43
   316   44
   317   43
   318   44
   319   42
   320   44
   321   43
   322   44
   323   43
   324   43
   325   43
   326   43
   327   43
   328   43
   329   43
   330   42
   331   43
   332   42
   333   43
   334   42
   335   43
   336   42
   337   43
   338   42
   339   43
   340   42
   341   43
   342   42
   343   42
   344   42
   345   42
   346   42
   347   42
   348   42
   349   41
   350   42
   351   41
   352   43
   353   41
   354   43
   355   41
   356   42
   357   41
   358   42
   359   41
   360   42
   361   42
   362   41
   363   42
   364   41
   365   42
   366   41
   367   42
   368   41
   369   42
   370   40
   371   42
   372   40
   373   41
   374   40
   375   40
   376   40
   377   39
   378   39
   379   38
   380   38
   381   36
   382   36
   383   33
   384   33
   385   30
   386   30
   387   26
   388   25
   389   21
   390   19
   391   15
   392   12
   393   8
   394   5
   395   1
   396   -3
   397   -6
   398   -11
   399   -14
   400   -19
   401   -21
   402   -26
   403   -28
   404   -33
   405   -34
   406   -38
   407   -40
   408   -43
   409   -45
   410   -47
   411   -49
   412   -50
   413   -52
   414   -53
   415   -55
   416   -54
   417   -57
   418   -56
   419   -58
   420   -57
   421   -59
   422   -58
   423   -59
   424   -59
   425   -59
   426   -59
   427   -59
   428   -60
   429   -59
   430   -60
   431   -59
   432   -60
   433   -59
   434   -61
   435   -59
   436   -61
   437   -59
   438   -61
   439   -59
   440   -61
   441   -60
   442   -60
   443   -60
   444   -60
   445   -60
   446   -60
   447   -61
   448   -59
   449   -61
   450   -59
   451   -61
   452   -59
   453   -61
   454   -60
   455   -61
   456   -59
   457   -60
   458   -60
   459   -60
   460   -60
   461   -60
   462   -60
   463   -60
   464   -61
   465   -59
   466   -61
   467   -59
   468   -61
   469   -59
   470   -61
   471   -59
   472   -61
   473   -60
   474   -61
   475   -60
   476   -60
   477   -60
   478   -60
   479   -60
   480   -60
   481   -61
   482   -60
   483   -61
   484   -60
   485   -61
   486   -60
   487   -61
   488   -60
   489   -61
   490   -60
   491   -60
   492   -60
   493   -61
   494   -60
   495   -60
   496   -61
   497   -60
   498   -61
   499   -60
   500   -61
   501   -60
   502   -61
   503   -60
   504   -61
   505   -60
   506   -61
   507   -60
   508   -61
   509   -61
   510   -60
   511   -60
   512   -60
   513   -61
   514   -60
   515   -61
   516   -60
   517   -61
   518   -60
   519   -61
   520   -60
   521   -61
   522   -60
   523   -61
   524   -60
   525   -61
   526   -61
   527   -60
   528   -61
   529   -60
   530   -61
   531   -60
   532   -61
   533   -60
   534   -61
   535   -60
   536   -61
   537   -60
   538   -61
   539   -60
   540   -61
   541   -60
   542   -61
   543   -61
   544   -61
   545   -61
   546   -60
   547   -61
   548   -60
   549   -61
   550   -60
   551   -61
   552   -60
   553   -61
   554   -60
   555   -61
   556   -60
   557   -61
   558   -60
   559   -61
   560   -61
   561   -60
   562   -61
   563   -60
   564   -61
   565   -60
   566   -61
   567   -60
   568   -61
   569   -60
   570   -61
   571   -60
   572   -61
   573   -60
   574   -61
   575   -61
   576   -61
   577   -61
   578   -60
   579   -61
   580   -60
   581   -61
   582   -60
   583   -61
   584   -60
   585   -61
   586   -60
   587   -61
   588   -60
   589   -61
   590   -61
   591   -61
   592   -61
   593   -60
   594   -61
   595   -60
   596   -61
   597   -60
   598   -61
   599   -60
   600   -61
   601   -60
   602   -61
   603   -60
   604   -61
   605   -60
   606   -61
   607   -60
   608   -61
   609   -61
   610   -60
   611   -61
   612   -60
   613   -61
   614   -60
   615   -61
   616   -60
   617   -62
   618   -60
   619   -61
   620   -60
   621   -61
   622   -60
   623   -61
   624   -61
   625   -61
   626   -61
   627   -60
   628   -61
   629   -60
   630   -61
   631   -60
   632   -61
   633   -60
   634   -61
   635   -60
   636   -61
   637   -60
   638   -61
   639   -60
   640   -61
   641   -61
   642   -61
   643   -61
   644   -60
   645   -61
   646   -60
   647   -61
   648   -60
   649   -61
   650   -60
   651   -61
   652   -60
   653   -61
   654   -60
   655   -61
   656   -61
   657   -61
   658   -61
   659   -60
   660   -61
   661   -60
   662   -61
   663   -60
   664   -62
   665   -60
   666   -61
   667   -60
   668   -62
   669   -60
   670   -61
   671   -60
   672   -61
   673   -61
   674   -61
   675   -61
   676   -61
   677   -61
   678   -60
   679   -61
   680   -60
   681   -62
   682   -60
   683   -61
   684   -60
   685   -61
   686   -60
   687   -61
   688   -60
   689   -61
   690   -61
   691   -61
   692   -61
   693   -61
   694   -61
   695   -60
   696   -61
   697   -60
   698   -61
   699   -60
   700   -62
   701   -60
   702   -61
   703   -60
   704   -61
   705   -61
   706   -61
   707   -61
   708   -61
   709   -61
   710   -61
   711   -61
   712   -60
   713   -61
   714   -60
   715   -62
   716   -60
   717   -61
   718   -60
   719   -61
   720   -60
   721   -61
   722   -61
   723   -61
   724   -61
   725   -61
   726   -61
   727   -60
   728   -61
   729   -60
   730   -62
   731   -60
   732   -62
   733   -60
   734   -62
   735   -60
   736   -61
   737   -60
   738   -61
   739   -60
   740   -61
   741   -61
   742   -61
   743   -61
   744   -60
   745   -61
   746   -60
   747   -61
   748   -60
   749   -62
   750   -60
   751   -62
   752   -60
   753   -61
   754   -60
   755   -61
   756   -61
   757   -61
   758   -61
   759   -60
   760   -61
   761   -60
   762   -61
   763   -60
   764   -61
   765   -60
   766   -61
   767   -60
   768   -61
   769   -60
   770   -61
   771   -60
   772   -61
   773   -61
   774   -61
   775   -61
   776   -60
   777   -61
   778   -60
   779   -61
   780   -60
   781   -62
   782   -60
   783   -62
   784   -60
   785   -61
   786   -60
   787   -61
   788   -61
   789   -61
   790   -61
   791   -61
   792   -61
   793   -60
   794   -61
   795   -60
   796   -62
   797   -60
   798   -62
   799   -60
   800   -62
   801   -60
   802   -61
   803   -60
   804   -61
   805   -60
   806   -61
   807   -61
   808   -61
   809   -61
   810   -60
   811   -61
   812   -60
   813   -62
   814   -60
   815   -61
   816   -60
   817   -61
   818   -60
   819   -61
   820   -60
   821   -61
   822   -60
   823   -61
   824   -61
   825   -61
   826   -61
   827   -60
   828   -61
   829   -60
   830   -61
   831   -60
   832   -61
   833   -60
   834   -61
   835   -61
   836   -61
   837   -61
   838   -61
   839   -61
   840   -61
   841   -61
   842   -60
   843   -61
   844   -60
   845   -61
   846   -60
   847   -62
   848   -60
   849   -62
   850   -60
   851   -61
   852   -60
   853   -61
   854   -61
   855   -61
   856   -61
   857   -60
   858   -61
   859   -60
   860   -61
   861   -60
   862   -61
   863   -60
   864   -61
   865   -60
   866   -62
   867   -60
   868   -61
   869   -60
   870   -61
   871   -61
   872   -61
   873   -61
   874   -61
   875   -61
   876   -60
   877   -61
   878   -60
   879   -61
   880   -60
   881   -61
   882   -61
   883   -61
   884   -60
   885   -61
   886   -61
   887   -61
   888   -61
   889   -61
   890   -61
   891   -60
   892   -61
   893   -60
   894   -61
   895   -60
   896   -61
   897   -60
   898   -61
   899   -60
   900   -61
   901   -61
   902   -61
   903   -61
   904   -61
   905   -61
   906   -60
   907   -62
   908   -60
   909   -61
   910   -60
   911   -61
   912   -60
   913   -62
   914   -60
   915   -62
   916   -60
   917   -61
   918   -60
   919   -61
   920   -61
   921   -61
   922   -61
   923   -61
   924   -61
   925   -61
   926   -61
   927   -60
   928   -62
   929   -60
   930   -61
   931   -60
   932   -61
   933   -60
   934   -61
   935   -61
   936   -61
   937   -60
   938   -61
   939   -61
   940   -60
   941   -61
   942   -60
   943   -61
   944   -60
   945   -62
   946   -60
   947   -61
   948   -60
   949   -61
   950   -60
   951   -61
   952   -61
   953   -61
   954   -61
   955   -60
   956   -61
   957   -60
   958   -61
   959   -60
   960   -62
   961   -60
   962   -62
   963   -60
   964   -61
   965   -60
   966   -61
   967   -60
   968   -61
   969   -61
   970   -61
   971   -61
   972   -60
   973   -61
   974   -60
   975   -62
   976   -60
   977   -62
   978   -60
   979   -62
   980   -60
   981   -62
   982   -60
   983   -62
   984   -60
   985   -61
   986   -60
   987   -61
   988   -61
   989   -61
   990   -61
   991   -60
   992   -61
   993   -60
   994   -61
   995   -60
   996   -62
   997   -60
   998   -62
   999   -60
