   0   0
   1   -67
   2   -66
   3   -67
   4   -67
   5   -67
   6   -67
   7   -68
   8   -68
   9   -68
   10   -69
   11   -69
   12   -68
   13   -68
   14   -68
   15   -68
   16   -67
   17   -67
   18   -67
   19   -67
   20   -68
   21   -67
   22   -67
   23   -69
   24   -68
   25   -69
   26   -69
   27   -68
   28   -69
   29   -68
   30   -69
   31   -68
   32   -68
   33   -67
   34   -66
   35   -67
   36   -67
   37   -67
   38   -68
   39   -67
   40   -67
   41   -69
   42   -69
   43   -69
   44   -69
   45   -68
   46   -68
   47   -68
   48   -68
   49   -67
   50   -67
   51   -66
   52   -67
   53   -67
   54   -67
   55   -68
   56   -68
   57   -69
   58   -68
   59   -69
   60   -69
   61   -69
   62   -69
   63   -68
   64   -68
   65   -68
   66   -67
   67   -66
   68   -67
   69   -66
   70   -67
   71   -67
   72   -67
   73   -69
   74   -68
   75   -69
   76   -69
   77   -69
   78   -68
   79   -68
   80   -68
   81   -67
   82   -67
   83   -67
   84   -67
   85   -67
   86   -67
   87   -67
   88   -67
   89   -68
   90   -68
   91   -69
   92   -69
   93   -70
   94   -69
   95   -69
   96   -69
   97   -68
   98   -67
   99   -67
   100   -66
   101   -66
   102   -67
   103   -67
   104   -68
   105   -68
   106   -68
   107   -68
   108   -69
   109   -69
   110   -68
   111   -68
   112   -68
   113   -67
   114   -67
   115   -67
   116   -66
   117   -66
   118   -67
   119   -67
   120   -67
   121   -68
   122   -68
   123   -68
   124   -69
   125   -69
   126   -69
   127   -69
   128   -68
   129   -68
   130   -68
   131   -67
   132   -67
   133   -67
   134   -67
   135   -67
   136   -66
   137   -68
   138   -68
   139   -68
   140   -68
   141   -69
   142   -69
   143   -68
   144   -68
   145   -68
   146   -68
   147   -67
   148   -67
   149   -67
   150   -66
   151   -67
   152   -67
   153   -67
   154   -67
   155   -68
   156   -68
   157   -69
   158   -69
   159   -70
   160   -69
   161   -69
   162   -68
   163   -67
   164   -67
   165   -67
   166   -67
   167   -67
   168   -67
   169   -68
   170   -67
   171   -68
   172   -68
   173   -69
   174   -69
   175   -69
   176   -69
   177   -69
   178   -68
   179   -68
   180   -66
   181   -66
   182   -66
   183   -67
   184   -66
   185   -66
   186   -67
   187   -68
   188   -68
   189   -69
   190   -69
   191   -69
   192   -70
   193   -69
   194   -68
   195   -68
   196   -67
   197   -67
   198   -67
   199   -67
   200   -67
   201   -35
   202   38
   203   -2
   204   -5
   205   -1
   206   0
   207   -2
   208   1
   209   2
   210   1
   211   2
   212   4
   213   5
   214   6
   215   6
   216   6
   217   6
   218   6
   219   5
   220   6
   221   5
   222   4
   223   4
   224   4
   225   3
   226   4
   227   5
   228   5
   229   5
   230   6
   231   6
   232   7
   233   6
   234   6
   235   5
   236   5
   237   4
   238   3
   239   3
   240   2
   241   4
   242   3
   243   3
   244   4
   245   4
   246   5
   247   5
   248   5
   249   5
   250   5
   251   4
   252   4
   253   3
   254   2
   255   2
   256   1
   257   1
   258   1
   259   1
   260   2
   261   2
   262   2
   263   4
   264   4
   265   3
   266   3
   267   2
   268   2
   269   1
   270   1
   271   -1
   272   0
   273   -1
   274   -1
   275   -1
   276   -1
   277   0
   278   1
   279   1
   280   2
   281   1
   282   1
   283   1
   284   0
   285   0
   286   -1
   287   -1
   288   -2
   289   -3
   290   -3
   291   -3
   292   -2
   293   -2
   294   -2
   295   0
   296   -1
   297   -1
   298   0
   299   -1
   300   -1
   301   -2
   302   -3
   303   -3
   304   -3
   305   -4
   306   -5
   307   -5
   308   -4
   309   -4
   310   -3
   311   -3
   312   -2
   313   -2
   314   -2
   315   -2
   316   -4
   317   -3
   318   -4
   319   -5
   320   -6
   321   -6
   322   -7
   323   -7
   324   -6
   325   -6
   326   -6
   327   -5
   328   -5
   329   -4
   330   -5
   331   -5
   332   -4
   333   -5
   334   -6
   335   -7
   336   -7
   337   -7
   338   -8
   339   -9
   340   -8
   341   -8
   342   -8
   343   -8
   344   -7
   345   -6
   346   -6
   347   -6
   348   -6
   349   -7
   350   -7
   351   -8
   352   -9
   353   -9
   354   -9
   355   -10
   356   -10
   357   -10
   358   -9
   359   -9
   360   -9
   361   -8
   362   -8
   363   -9
   364   -9
   365   -10
   366   -10
   367   -11
   368   -13
   369   -14
   370   -15
   371   -16
   372   -17
   373   -17
   374   -17
   375   -18
   376   -18
   377   -19
   378   -19
   379   -21
   380   -22
   381   -24
   382   -26
   383   -28
   384   -30
   385   -32
   386   -34
   387   -37
   388   -38
   389   -39
   390   -40
   391   -42
   392   -42
   393   -43
   394   -45
   395   -46
   396   -47
   397   -48
   398   -50
   399   -52
   400   -54
   401   -56
   402   -57
   403   -59
   404   -60
   405   -60
   406   -62
   407   -61
   408   -62
   409   -61
   410   -61
   411   -63
   412   -62
   413   -63
   414   -63
   415   -64
   416   -66
   417   -65
   418   -66
   419   -68
   420   -67
   421   -68
   422   -68
   423   -67
   424   -68
   425   -67
   426   -66
   427   -65
   428   -66
   429   -66
   430   -66
   431   -66
   432   -66
   433   -68
   434   -68
   435   -68
   436   -69
   437   -69
   438   -69
   439   -69
   440   -68
   441   -67
   442   -67
   443   -66
   444   -66
   445   -65
   446   -65
   447   -66
   448   -66
   449   -67
   450   -68
   451   -68
   452   -68
   453   -68
   454   -68
   455   -68
   456   -68
   457   -68
   458   -67
   459   -67
   460   -66
   461   -66
   462   -66
   463   -66
   464   -66
   465   -67
   466   -68
   467   -69
   468   -69
   469   -69
   470   -69
   471   -69
   472   -69
   473   -68
   474   -67
   475   -67
   476   -67
   477   -65
   478   -66
   479   -66
   480   -67
   481   -67
   482   -67
   483   -67
   484   -68
   485   -68
   486   -69
   487   -68
   488   -69
   489   -68
   490   -67
   491   -67
   492   -66
   493   -67
   494   -66
   495   -66
   496   -66
   497   -67
   498   -67
   499   -68
   500   -69
   501   -69
   502   -69
   503   -69
   504   -68
   505   -68
   506   -68
   507   -67
   508   -67
   509   -67
   510   -67
   511   -66
   512   -66
   513   -67
   514   -67
   515   -68
   516   -68
   517   -68
   518   -69
   519   -68
   520   -68
   521   -69
   522   -68
   523   -67
   524   -67
   525   -66
   526   -66
   527   -66
   528   -66
   529   -66
   530   -67
   531   -67
   532   -68
   533   -68
   534   -69
   535   -69
   536   -69
   537   -69
   538   -68
   539   -68
   540   -67
   541   -67
   542   -66
   543   -67
   544   -66
   545   -67
   546   -67
   547   -67
   548   -67
   549   -68
   550   -68
   551   -69
   552   -69
   553   -68
   554   -68
   555   -67
   556   -67
   557   -67
   558   -66
   559   -66
   560   -66
   561   -66
   562   -67
   563   -67
   564   -68
   565   -68
   566   -69
   567   -69
   568   -68
   569   -69
   570   -69
   571   -68
   572   -68
   573   -67
   574   -66
   575   -67
   576   -66
   577   -66
   578   -67
   579   -67
   580   -67
   581   -68
   582   -69
   583   -68
   584   -69
   585   -69
   586   -69
   587   -68
   588   -68
   589   -67
   590   -67
   591   -66
   592   -66
   593   -65
   594   -66
   595   -67
   596   -67
   597   -67
   598   -68
   599   -69
   600   -69
   601   -68
   602   -69
   603   -68
   604   -68
   605   -67
   606   -67
   607   -67
   608   -66
   609   -67
   610   -67
   611   -67
   612   -68
   613   -68
   614   -68
   615   -69
   616   -68
   617   -69
   618   -68
   619   -69
   620   -68
   621   -67
   622   -67
   623   -66
   624   -66
   625   -66
   626   -66
   627   -67
   628   -67
   629   -67
   630   -68
   631   -68
   632   -68
   633   -68
   634   -69
   635   -68
   636   -68
   637   -68
   638   -67
   639   -67
   640   -67
   641   -66
   642   -66
   643   -67
   644   -67
   645   -67
   646   -68
   647   -69
   648   -68
   649   -69
   650   -69
   651   -68
   652   -68
   653   -68
   654   -67
   655   -67
   656   -66
   657   -66
   658   -66
   659   -66
   660   -66
   661   -67
   662   -68
   663   -68
   664   -68
   665   -68
   666   -68
   667   -68
   668   -68
   669   -68
   670   -68
   671   -67
   672   -67
   673   -67
   674   -67
   675   -66
   676   -67
   677   -68
   678   -68
   679   -68
   680   -69
   681   -68
   682   -69
   683   -69
   684   -69
   685   -68
   686   -68
   687   -67
   688   -67
   689   -66
   690   -66
   691   -66
   692   -67
   693   -66
   694   -67
   695   -68
   696   -68
   697   -68
   698   -68
   699   -68
   700   -68
   701   -68
   702   -67
   703   -67
   704   -67
   705   -66
   706   -66
   707   -67
   708   -67
   709   -67
   710   -67
   711   -67
   712   -68
   713   -68
   714   -69
   715   -69
   716   -69
   717   -68
   718   -68
   719   -67
   720   -67
   721   -67
   722   -67
   723   -66
   724   -67
   725   -67
   726   -67
   727   -67
   728   -68
   729   -68
   730   -68
   731   -68
   732   -68
   733   -68
   734   -68
   735   -67
   736   -67
   737   -67
   738   -66
   739   -66
   740   -66
   741   -67
   742   -67
   743   -68
   744   -68
   745   -69
   746   -68
   747   -69
   748   -69
   749   -68
   750   -68
   751   -68
   752   -67
   753   -67
   754   -66
   755   -66
   756   -66
   757   -67
   758   -66
   759   -68
   760   -68
   761   -69
   762   -69
   763   -68
   764   -69
   765   -69
   766   -68
   767   -67
   768   -67
   769   -66
   770   -67
   771   -66
   772   -66
   773   -67
   774   -66
   775   -67
   776   -68
   777   -68
   778   -69
   779   -69
   780   -68
   781   -69
   782   -69
   783   -68
   784   -67
   785   -67
   786   -67
   787   -66
   788   -67
   789   -66
   790   -67
   791   -66
   792   -68
   793   -68
   794   -67
   795   -69
   796   -68
   797   -68
   798   -68
   799   -68
   800   -67
   801   -67
   802   -67
   803   -66
   804   -66
   805   -66
   806   -66
   807   -67
   808   -67
   809   -68
   810   -69
   811   -68
   812   -69
   813   -69
   814   -68
   815   -68
   816   -68
   817   -67
   818   -67
   819   -67
   820   -66
   821   -66
   822   -66
   823   -67
   824   -67
   825   -68
   826   -68
   827   -68
   828   -68
   829   -69
   830   -68
   831   -68
   832   -68
   833   -67
   834   -67
   835   -67
   836   -67
   837   -66
   838   -67
   839   -67
   840   -67
   841   -67
   842   -67
   843   -68
   844   -69
   845   -68
   846   -68
   847   -68
   848   -68
   849   -67
   850   -67
   851   -67
   852   -67
   853   -66
   854   -66
   855   -67
   856   -67
   857   -68
   858   -67
   859   -68
   860   -68
   861   -69
   862   -68
   863   -68
   864   -68
   865   -68
   866   -66
   867   -67
   868   -67
   869   -66
   870   -66
   871   -66
   872   -67
   873   -67
   874   -68
   875   -68
   876   -69
   877   -68
   878   -69
   879   -69
   880   -69
   881   -68
   882   -67
   883   -67
   884   -66
   885   -66
   886   -66
   887   -67
   888   -66
   889   -66
   890   -67
   891   -68
   892   -68
   893   -68
   894   -68
   895   -69
   896   -68
   897   -67
   898   -67
   899   -67
   900   -66
   901   -67
   902   -66
   903   -66
   904   -67
   905   -67
   906   -67
   907   -68
   908   -68
   909   -69
   910   -69
   911   -68
   912   -69
   913   -69
   914   -68
   915   -67
   916   -67
   917   -66
   918   -67
   919   -67
   920   -67
   921   -67
   922   -67
   923   -67
   924   -68
   925   -68
   926   -68
   927   -69
   928   -68
   929   -68
   930   -68
   931   -67
   932   -66
   933   -67
   934   -66
   935   -65
   936   -66
   937   -67
   938   -67
   939   -68
   940   -68
   941   -68
   942   -69
   943   -69
   944   -68
   945   -69
   946   -68
   947   -68
   948   -67
   949   -67
   950   -67
   951   -67
   952   -66
   953   -67
   954   -67
   955   -68
   956   -68
   957   -68
   958   -68
   959   -68
   960   -68
   961   -68
   962   -68
   963   -67
   964   -67
   965   -66
   966   -66
   967   -66
   968   -67
   969   -66
   970   -66
   971   -67
   972   -67
   973   -68
   974   -69
   975   -68
   976   -69
   977   -68
   978   -68
   979   -67
   980   -68
   981   -67
   982   -67
   983   -67
   984   -67
   985   -67
   986   -67
   987   -67
   988   -67
   989   -68
   990   -69
   991   -68
   992   -69
   993   -68
   994   -68
   995   -68
   996   -67
   997   -66
   998   -66
   999   -66
