   0   0
   1   -61
   2   -61
   3   -62
   4   -61
   5   -62
   6   -60
   7   -62
   8   -61
   9   -62
   10   -60
   11   -62
   12   -60
   13   -62
   14   -61
   15   -62
   16   -61
   17   -61
   18   -61
   19   -61
   20   -61
   21   -61
   22   -62
   23   -61
   24   -62
   25   -61
   26   -62
   27   -61
   28   -61
   29   -61
   30   -61
   31   -61
   32   -61
   33   -61
   34   -61
   35   -61
   36   -61
   37   -62
   38   -61
   39   -62
   40   -61
   41   -62
   42   -61
   43   -61
   44   -61
   45   -61
   46   -61
   47   -61
   48   -61
   49   -62
   50   -61
   51   -61
   52   -61
   53   -60
   54   -61
   55   -60
   56   -62
   57   -60
   58   -62
   59   -60
   60   -62
   61   -61
   62   -62
   63   -61
   64   -61
   65   -61
   66   -61
   67   -61
   68   -61
   69   -61
   70   -61
   71   -61
   72   -61
   73   -62
   74   -61
   75   -62
   76   -61
   77   -62
   78   -60
   79   -62
   80   -60
   81   -62
   82   -61
   83   -61
   84   -61
   85   -61
   86   -61
   87   -61
   88   -61
   89   -61
   90   -62
   91   -61
   92   -62
   93   -60
   94   -62
   95   -61
   96   -61
   97   -61
   98   -61
   99   -62
   100   -62
   101   -62
   102   -61
   103   -61
   104   -61
   105   -61
   106   -60
   107   -62
   108   -61
   109   -62
   110   -61
   111   -62
   112   -61
   113   -62
   114   -61
   115   -61
   116   -61
   117   -61
   118   -62
   119   -61
   120   -61
   121   -60
   122   -62
   123   -61
   124   -62
   125   -61
   126   -62
   127   -60
   128   -62
   129   -61
   130   -62
   131   -61
   132   -61
   133   -61
   134   -61
   135   -61
   136   -61
   137   -62
   138   -61
   139   -62
   140   -60
   141   -62
   142   -61
   143   -62
   144   -60
   145   -62
   146   -61
   147   -62
   148   -61
   149   -61
   150   -61
   151   -61
   152   -61
   153   -61
   154   -61
   155   -61
   156   -62
   157   -61
   158   -62
   159   -60
   160   -61
   161   -61
   162   -62
   163   -61
   164   -61
   165   -61
   166   -61
   167   -61
   168   -61
   169   -62
   170   -61
   171   -62
   172   -60
   173   -61
   174   -61
   175   -62
   176   -61
   177   -62
   178   -61
   179   -62
   180   -61
   181   -61
   182   -61
   183   -61
   184   -61
   185   -61
   186   -62
   187   -60
   188   -62
   189   -60
   190   -62
   191   -60
   192   -62
   193   -61
   194   -61
   195   -60
   196   -62
   197   -61
   198   -62
   199   -60
   200   -62
   201   -61
   202   -43
   203   -1
   204   23
   205   25
   206   23
   207   18
   208   17
   209   16
   210   18
   211   18
   212   18
   213   17
   214   17
   215   18
   216   18
   217   18
   218   17
   219   17
   220   17
   221   17
   222   17
   223   19
   224   17
   225   18
   226   16
   227   18
   228   17
   229   18
   230   17
   231   18
   232   17
   233   17
   234   17
   235   17
   236   18
   237   16
   238   18
   239   16
   240   18
   241   17
   242   18
   243   16
   244   17
   245   16
   246   17
   247   17
   248   17
   249   16
   250   17
   251   17
   252   17
   253   17
   254   16
   255   17
   256   15
   257   17
   258   16
   259   18
   260   16
   261   17
   262   16
   263   17
   264   16
   265   16
   266   16
   267   17
   268   16
   269   16
   270   16
   271   16
   272   16
   273   16
   274   17
   275   16
   276   17
   277   16
   278   16
   279   15
   280   16
   281   16
   282   16
   283   16
   284   16
   285   16
   286   16
   287   16
   288   16
   289   16
   290   15
   291   16
   292   15
   293   16
   294   15
   295   16
   296   16
   297   16
   298   15
   299   15
   300   15
   301   15
   302   16
   303   15
   304   17
   305   15
   306   16
   307   14
   308   16
   309   15
   310   16
   311   15
   312   16
   313   15
   314   15
   315   15
   316   15
   317   15
   318   15
   319   16
   320   14
   321   16
   322   14
   323   16
   324   14
   325   15
   326   14
   327   15
   328   14
   329   16
   330   15
   331   15
   332   14
   333   15
   334   14
   335   14
   336   15
   337   14
   338   15
   339   14
   340   15
   341   14
   342   15
   343   14
   344   15
   345   14
   346   14
   347   14
   348   15
   349   14
   350   14
   351   14
   352   14
   353   15
   354   13
   355   14
   356   13
   357   14
   358   13
   359   14
   360   14
   361   14
   362   13
   363   14
   364   14
   365   13
   366   13
   367   13
   368   14
   369   13
   370   14
   371   13
   372   14
   373   12
   374   14
   375   12
   376   14
   377   12
   378   14
   379   12
   380   13
   381   13
   382   13
   383   13
   384   13
   385   14
   386   12
   387   13
   388   12
   389   14
   390   12
   391   14
   392   11
   393   12
   394   11
   395   13
   396   12
   397   13
   398   11
   399   12
   400   11
   401   11
   402   11
   403   9
   404   9
   405   6
   406   6
   407   3
   408   2
   409   -1
   410   -3
   411   -7
   412   -10
   413   -14
   414   -18
   415   -22
   416   -26
   417   -30
   418   -34
   419   -37
   420   -42
   421   -43
   422   -48
   423   -49
   424   -52
   425   -52
   426   -55
   427   -55
   428   -57
   429   -57
   430   -58
   431   -59
   432   -59
   433   -59
   434   -59
   435   -60
   436   -59
   437   -60
   438   -59
   439   -60
   440   -59
   441   -61
   442   -59
   443   -61
   444   -60
   445   -60
   446   -60
   447   -60
   448   -60
   449   -60
   450   -61
   451   -59
   452   -61
   453   -59
   454   -61
   455   -59
   456   -61
   457   -59
   458   -61
   459   -60
   460   -61
   461   -60
   462   -61
   463   -60
   464   -61
   465   -60
   466   -60
   467   -60
   468   -60
   469   -61
   470   -60
   471   -61
   472   -59
   473   -61
   474   -59
   475   -61
   476   -60
   477   -61
   478   -60
   479   -60
   480   -60
   481   -60
   482   -61
   483   -60
   484   -61
   485   -60
   486   -61
   487   -60
   488   -61
   489   -60
   490   -61
   491   -59
   492   -61
   493   -60
   494   -61
   495   -60
   496   -61
   497   -60
   498   -61
   499   -61
   500   -60
   501   -61
   502   -60
   503   -61
   504   -60
   505   -61
   506   -60
   507   -61
   508   -60
   509   -62
   510   -60
   511   -61
   512   -60
   513   -61
   514   -60
   515   -61
   516   -61
   517   -60
   518   -61
   519   -60
   520   -62
   521   -60
   522   -62
   523   -60
   524   -62
   525   -60
   526   -62
   527   -60
   528   -61
   529   -60
   530   -61
   531   -61
   532   -61
   533   -61
   534   -61
   535   -61
   536   -60
   537   -61
   538   -60
   539   -62
   540   -60
   541   -61
   542   -60
   543   -61
   544   -60
   545   -61
   546   -60
   547   -61
   548   -61
   549   -60
   550   -61
   551   -60
   552   -62
   553   -60
   554   -62
   555   -60
   556   -62
   557   -60
   558   -61
   559   -60
   560   -61
   561   -60
   562   -61
   563   -61
   564   -61
   565   -61
   566   -60
   567   -61
   568   -60
   569   -62
   570   -60
   571   -62
   572   -60
   573   -62
   574   -60
   575   -62
   576   -60
   577   -62
   578   -60
   579   -61
   580   -61
   581   -61
   582   -61
   583   -60
   584   -62
   585   -60
   586   -62
   587   -60
   588   -62
   589   -60
   590   -62
   591   -60
   592   -62
   593   -60
   594   -62
   595   -60
   596   -61
   597   -61
   598   -61
   599   -61
   600   -61
   601   -61
   602   -60
   603   -61
   604   -60
   605   -62
   606   -60
   607   -62
   608   -60
   609   -61
   610   -60
   611   -61
   612   -61
   613   -60
   614   -61
   615   -61
   616   -61
   617   -61
   618   -62
   619   -60
   620   -62
   621   -60
   622   -62
   623   -60
   624   -62
   625   -60
   626   -61
   627   -60
   628   -61
   629   -61
   630   -61
   631   -61
   632   -60
   633   -62
   634   -60
   635   -62
   636   -60
   637   -62
   638   -60
   639   -62
   640   -60
   641   -62
   642   -60
   643   -61
   644   -60
   645   -61
   646   -61
   647   -60
   648   -61
   649   -60
   650   -62
   651   -60
   652   -62
   653   -60
   654   -62
   655   -60
   656   -62
   657   -60
   658   -62
   659   -60
   660   -62
   661   -60
   662   -61
   663   -60
   664   -61
   665   -61
   666   -60
   667   -61
   668   -60
   669   -62
   670   -61
   671   -62
   672   -60
   673   -62
   674   -60
   675   -62
   676   -61
   677   -61
   678   -61
   679   -61
   680   -61
   681   -60
   682   -61
   683   -60
   684   -62
   685   -60
   686   -62
   687   -60
   688   -62
   689   -60
   690   -62
   691   -60
   692   -62
   693   -60
   694   -61
   695   -60
   696   -61
   697   -61
   698   -60
   699   -61
   700   -60
   701   -62
   702   -60
   703   -62
   704   -60
   705   -63
   706   -60
   707   -62
   708   -60
   709   -62
   710   -60
   711   -61
   712   -61
   713   -61
   714   -61
   715   -60
   716   -62
   717   -60
   718   -62
   719   -60
   720   -62
   721   -59
   722   -62
   723   -60
   724   -62
   725   -60
   726   -62
   727   -60
   728   -61
   729   -61
   730   -61
   731   -61
   732   -61
   733   -61
   734   -60
   735   -62
   736   -60
   737   -62
   738   -60
   739   -62
   740   -60
   741   -61
   742   -60
   743   -61
   744   -61
   745   -61
   746   -61
   747   -60
   748   -62
   749   -60
   750   -63
   751   -60
   752   -62
   753   -59
   754   -62
   755   -60
   756   -62
   757   -60
   758   -62
   759   -60
   760   -61
   761   -61
   762   -61
   763   -61
   764   -61
   765   -62
   766   -60
   767   -62
   768   -60
   769   -62
   770   -59
   771   -62
   772   -60
   773   -62
   774   -60
   775   -62
   776   -60
   777   -61
   778   -61
   779   -61
   780   -62
   781   -61
   782   -61
   783   -60
   784   -62
   785   -60
   786   -62
   787   -60
   788   -62
   789   -60
   790   -62
   791   -60
   792   -61
   793   -60
   794   -61
   795   -61
   796   -61
   797   -61
   798   -61
   799   -62
   800   -60
   801   -62
   802   -60
   803   -62
   804   -60
   805   -62
   806   -60
   807   -62
   808   -60
   809   -61
   810   -61
   811   -60
   812   -61
   813   -60
   814   -62
   815   -60
   816   -62
   817   -60
   818   -62
   819   -60
   820   -62
   821   -60
   822   -62
   823   -60
   824   -62
   825   -60
   826   -61
   827   -61
   828   -61
   829   -61
   830   -60
   831   -61
   832   -60
   833   -62
   834   -60
   835   -62
   836   -60
   837   -62
   838   -60
   839   -62
   840   -60
   841   -62
   842   -60
   843   -61
   844   -61
   845   -61
   846   -61
   847   -60
   848   -62
   849   -60
   850   -62
   851   -60
   852   -62
   853   -60
   854   -62
   855   -60
   856   -62
   857   -60
   858   -61
   859   -61
   860   -62
   861   -61
   862   -61
   863   -61
   864   -60
   865   -62
   866   -60
   867   -62
   868   -60
   869   -62
   870   -60
   871   -62
   872   -60
   873   -62
   874   -61
   875   -61
   876   -61
   877   -60
   878   -61
   879   -60
   880   -62
   881   -60
   882   -63
   883   -59
   884   -63
   885   -59
   886   -63
   887   -59
   888   -63
   889   -60
   890   -62
   891   -60
   892   -62
   893   -61
   894   -61
   895   -61
   896   -60
   897   -62
   898   -60
   899   -62
   900   -60
   901   -62
   902   -59
   903   -62
   904   -60
   905   -62
   906   -60
   907   -62
   908   -60
   909   -61
   910   -61
   911   -61
   912   -61
   913   -60
   914   -62
   915   -60
   916   -62
   917   -60
   918   -62
   919   -60
   920   -62
   921   -60
   922   -62
   923   -60
   924   -62
   925   -61
   926   -61
   927   -61
   928   -60
   929   -62
   930   -60
   931   -62
   932   -60
   933   -62
   934   -60
   935   -62
   936   -59
   937   -62
   938   -60
   939   -62
   940   -60
   941   -61
   942   -61
   943   -61
   944   -62
   945   -60
   946   -62
   947   -60
   948   -62
   949   -60
   950   -63
   951   -59
   952   -63
   953   -59
   954   -62
   955   -60
   956   -62
   957   -60
   958   -61
   959   -61
   960   -61
   961   -61
   962   -61
   963   -62
   964   -60
   965   -62
   966   -59
   967   -62
   968   -59
   969   -63
   970   -60
   971   -62
   972   -60
   973   -62
   974   -60
   975   -61
   976   -61
   977   -61
   978   -62
   979   -60
   980   -62
   981   -60
   982   -62
   983   -59
   984   -62
   985   -60
   986   -62
   987   -60
   988   -62
   989   -60
   990   -61
   991   -61
   992   -60
   993   -61
   994   -60
   995   -62
   996   -60
   997   -62
   998   -59
   999   -62
