   0   0
   1   -60
   2   -62
   3   -60
   4   -62
   5   -60
   6   -62
   7   -61
   8   -61
   9   -61
   10   -61
   11   -61
   12   -61
   13   -62
   14   -61
   15   -62
   16   -60
   17   -62
   18   -60
   19   -62
   20   -61
   21   -62
   22   -61
   23   -61
   24   -61
   25   -61
   26   -61
   27   -61
   28   -62
   29   -60
   30   -62
   31   -60
   32   -62
   33   -60
   34   -62
   35   -60
   36   -62
   37   -60
   38   -62
   39   -60
   40   -62
   41   -61
   42   -61
   43   -61
   44   -61
   45   -62
   46   -60
   47   -61
   48   -60
   49   -62
   50   -60
   51   -62
   52   -60
   53   -62
   54   -60
   55   -62
   56   -60
   57   -61
   58   -61
   59   -61
   60   -61
   61   -61
   62   -62
   63   -60
   64   -62
   65   -60
   66   -62
   67   -60
   68   -62
   69   -60
   70   -62
   71   -60
   72   -62
   73   -61
   74   -61
   75   -61
   76   -61
   77   -61
   78   -61
   79   -62
   80   -60
   81   -62
   82   -60
   83   -62
   84   -60
   85   -62
   86   -60
   87   -62
   88   -61
   89   -62
   90   -61
   91   -61
   92   -61
   93   -61
   94   -62
   95   -61
   96   -62
   97   -60
   98   -62
   99   -60
   100   -62
   101   -60
   102   -62
   103   -60
   104   -62
   105   -60
   106   -62
   107   -61
   108   -61
   109   -61
   110   -61
   111   -62
   112   -60
   113   -62
   114   -60
   115   -62
   116   -60
   117   -62
   118   -60
   119   -62
   120   -60
   121   -62
   122   -60
   123   -62
   124   -61
   125   -61
   126   -61
   127   -61
   128   -62
   129   -60
   130   -62
   131   -60
   132   -62
   133   -60
   134   -62
   135   -60
   136   -62
   137   -60
   138   -62
   139   -61
   140   -61
   141   -61
   142   -61
   143   -61
   144   -61
   145   -62
   146   -60
   147   -62
   148   -60
   149   -62
   150   -60
   151   -62
   152   -60
   153   -62
   154   -61
   155   -62
   156   -61
   157   -61
   158   -61
   159   -61
   160   -61
   161   -60
   162   -62
   163   -60
   164   -62
   165   -60
   166   -62
   167   -60
   168   -62
   169   -60
   170   -62
   171   -60
   172   -61
   173   -61
   174   -61
   175   -61
   176   -60
   177   -61
   178   -60
   179   -62
   180   -60
   181   -62
   182   -60
   183   -62
   184   -60
   185   -62
   186   -60
   187   -62
   188   -60
   189   -61
   190   -61
   191   -61
   192   -61
   193   -61
   194   -61
   195   -61
   196   -62
   197   -60
   198   -62
   199   -59
   200   -63
   201   -59
   202   -43
   203   1
   204   22
   205   27
   206   22
   207   19
   208   17
   209   17
   210   18
   211   19
   212   19
   213   17
   214   18
   215   17
   216   19
   217   18
   218   19
   219   17
   220   18
   221   17
   222   19
   223   19
   224   18
   225   18
   226   17
   227   18
   228   17
   229   19
   230   17
   231   19
   232   17
   233   19
   234   17
   235   18
   236   17
   237   18
   238   18
   239   18
   240   18
   241   18
   242   18
   243   17
   244   18
   245   17
   246   18
   247   16
   248   19
   249   16
   250   18
   251   17
   252   18
   253   17
   254   18
   255   17
   256   17
   257   17
   258   17
   259   17
   260   16
   261   18
   262   16
   263   18
   264   16
   265   18
   266   16
   267   18
   268   16
   269   18
   270   16
   271   18
   272   16
   273   17
   274   17
   275   17
   276   17
   277   16
   278   17
   279   16
   280   18
   281   16
   282   17
   283   15
   284   17
   285   15
   286   17
   287   16
   288   17
   289   16
   290   16
   291   17
   292   15
   293   16
   294   15
   295   17
   296   15
   297   17
   298   15
   299   17
   300   15
   301   17
   302   15
   303   17
   304   15
   305   16
   306   16
   307   16
   308   16
   309   15
   310   17
   311   15
   312   17
   313   14
   314   17
   315   14
   316   17
   317   14
   318   16
   319   15
   320   16
   321   15
   322   16
   323   15
   324   15
   325   16
   326   15
   327   16
   328   14
   329   16
   330   14
   331   16
   332   14
   333   16
   334   14
   335   16
   336   14
   337   15
   338   14
   339   15
   340   15
   341   14
   342   15
   343   14
   344   15
   345   13
   346   15
   347   14
   348   15
   349   13
   350   15
   351   14
   352   15
   353   14
   354   14
   355   14
   356   14
   357   14
   358   13
   359   14
   360   13
   361   15
   362   13
   363   15
   364   13
   365   15
   366   12
   367   15
   368   13
   369   14
   370   13
   371   14
   372   14
   373   13
   374   13
   375   13
   376   14
   377   13
   378   14
   379   12
   380   14
   381   12
   382   15
   383   12
   384   14
   385   12
   386   14
   387   12
   388   13
   389   12
   390   12
   391   12
   392   11
   393   12
   394   10
   395   12
   396   9
   397   11
   398   7
   399   8
   400   4
   401   4
   402   -1
   403   -2
   404   -7
   405   -9
   406   -14
   407   -18
   408   -22
   409   -27
   410   -30
   411   -35
   412   -37
   413   -43
   414   -43
   415   -48
   416   -49
   417   -53
   418   -53
   419   -56
   420   -56
   421   -57
   422   -58
   423   -58
   424   -59
   425   -59
   426   -60
   427   -58
   428   -60
   429   -59
   430   -61
   431   -59
   432   -61
   433   -59
   434   -61
   435   -59
   436   -61
   437   -60
   438   -60
   439   -60
   440   -60
   441   -60
   442   -59
   443   -61
   444   -60
   445   -61
   446   -59
   447   -61
   448   -59
   449   -61
   450   -59
   451   -61
   452   -60
   453   -61
   454   -60
   455   -61
   456   -60
   457   -60
   458   -61
   459   -60
   460   -61
   461   -60
   462   -61
   463   -59
   464   -61
   465   -59
   466   -61
   467   -60
   468   -61
   469   -60
   470   -60
   471   -60
   472   -60
   473   -61
   474   -60
   475   -61
   476   -60
   477   -61
   478   -60
   479   -61
   480   -59
   481   -61
   482   -59
   483   -62
   484   -60
   485   -61
   486   -60
   487   -61
   488   -60
   489   -60
   490   -61
   491   -60
   492   -61
   493   -60
   494   -62
   495   -60
   496   -62
   497   -59
   498   -62
   499   -60
   500   -62
   501   -60
   502   -61
   503   -60
   504   -61
   505   -61
   506   -61
   507   -61
   508   -60
   509   -61
   510   -60
   511   -61
   512   -60
   513   -62
   514   -60
   515   -62
   516   -60
   517   -62
   518   -60
   519   -61
   520   -60
   521   -61
   522   -61
   523   -61
   524   -61
   525   -60
   526   -61
   527   -60
   528   -61
   529   -60
   530   -62
   531   -60
   532   -62
   533   -60
   534   -61
   535   -60
   536   -61
   537   -61
   538   -61
   539   -61
   540   -60
   541   -61
   542   -60
   543   -62
   544   -60
   545   -62
   546   -60
   547   -62
   548   -60
   549   -62
   550   -60
   551   -61
   552   -60
   553   -61
   554   -60
   555   -60
   556   -61
   557   -60
   558   -62
   559   -60
   560   -62
   561   -60
   562   -62
   563   -60
   564   -62
   565   -60
   566   -62
   567   -60
   568   -62
   569   -60
   570   -61
   571   -60
   572   -61
   573   -61
   574   -60
   575   -62
   576   -60
   577   -62
   578   -60
   579   -62
   580   -60
   581   -62
   582   -60
   583   -62
   584   -60
   585   -61
   586   -61
   587   -61
   588   -61
   589   -61
   590   -61
   591   -60
   592   -61
   593   -60
   594   -62
   595   -60
   596   -62
   597   -60
   598   -62
   599   -60
   600   -61
   601   -60
   602   -61
   603   -61
   604   -61
   605   -61
   606   -60
   607   -61
   608   -60
   609   -62
   610   -60
   611   -62
   612   -59
   613   -62
   614   -60
   615   -62
   616   -60
   617   -61
   618   -61
   619   -61
   620   -61
   621   -60
   622   -61
   623   -60
   624   -62
   625   -60
   626   -62
   627   -59
   628   -62
   629   -60
   630   -62
   631   -60
   632   -62
   633   -60
   634   -62
   635   -60
   636   -61
   637   -61
   638   -61
   639   -61
   640   -60
   641   -61
   642   -60
   643   -62
   644   -60
   645   -62
   646   -60
   647   -62
   648   -60
   649   -62
   650   -60
   651   -62
   652   -60
   653   -61
   654   -60
   655   -61
   656   -61
   657   -61
   658   -62
   659   -60
   660   -62
   661   -60
   662   -62
   663   -60
   664   -62
   665   -60
   666   -61
   667   -60
   668   -61
   669   -61
   670   -61
   671   -61
   672   -60
   673   -62
   674   -60
   675   -62
   676   -60
   677   -62
   678   -60
   679   -62
   680   -60
   681   -62
   682   -60
   683   -62
   684   -60
   685   -61
   686   -61
   687   -61
   688   -61
   689   -61
   690   -61
   691   -60
   692   -62
   693   -60
   694   -62
   695   -59
   696   -62
   697   -60
   698   -62
   699   -60
   700   -62
   701   -60
   702   -61
   703   -61
   704   -61
   705   -61
   706   -60
   707   -61
   708   -60
   709   -62
   710   -60
   711   -62
   712   -60
   713   -62
   714   -60
   715   -62
   716   -60
   717   -62
   718   -60
   719   -61
   720   -61
   721   -61
   722   -61
   723   -61
   724   -61
   725   -60
   726   -61
   727   -60
   728   -62
   729   -60
   730   -61
   731   -60
   732   -61
   733   -61
   734   -61
   735   -61
   736   -61
   737   -61
   738   -60
   739   -61
   740   -60
   741   -62
   742   -60
   743   -62
   744   -60
   745   -62
   746   -60
   747   -62
   748   -60
   749   -61
   750   -60
   751   -61
   752   -61
   753   -61
   754   -61
   755   -61
   756   -61
   757   -60
   758   -62
   759   -60
   760   -62
   761   -60
   762   -62
   763   -60
   764   -62
   765   -60
   766   -62
   767   -61
   768   -61
   769   -61
   770   -61
   771   -61
   772   -60
   773   -61
   774   -60
   775   -62
   776   -60
   777   -62
   778   -60
   779   -62
   780   -60
   781   -62
   782   -60
   783   -61
   784   -60
   785   -61
   786   -61
   787   -60
   788   -61
   789   -60
   790   -62
   791   -60
   792   -62
   793   -60
   794   -62
   795   -60
   796   -62
   797   -60
   798   -61
   799   -60
   800   -62
   801   -61
   802   -61
   803   -61
   804   -61
   805   -62
   806   -60
   807   -62
   808   -60
   809   -62
   810   -60
   811   -62
   812   -60
   813   -62
   814   -60
   815   -62
   816   -60
   817   -61
   818   -60
   819   -61
   820   -61
   821   -60
   822   -62
   823   -60
   824   -62
   825   -60
   826   -62
   827   -60
   828   -62
   829   -60
   830   -62
   831   -60
   832   -62
   833   -60
   834   -61
   835   -61
   836   -61
   837   -61
   838   -60
   839   -61
   840   -60
   841   -62
   842   -60
   843   -62
   844   -60
   845   -62
   846   -60
   847   -62
   848   -60
   849   -61
   850   -61
   851   -61
   852   -61
   853   -61
   854   -61
   855   -60
   856   -62
   857   -60
   858   -62
   859   -60
   860   -62
   861   -60
   862   -62
   863   -60
   864   -62
   865   -60
   866   -61
   867   -61
   868   -61
   869   -61
   870   -60
   871   -62
   872   -60
   873   -62
   874   -60
   875   -62
   876   -60
   877   -62
   878   -60
   879   -62
   880   -60
   881   -62
   882   -60
   883   -62
   884   -60
   885   -61
   886   -61
   887   -60
   888   -61
   889   -60
   890   -61
   891   -60
   892   -62
   893   -60
   894   -62
   895   -60
   896   -62
   897   -60
   898   -62
   899   -60
   900   -61
   901   -61
   902   -61
   903   -61
   904   -60
   905   -62
   906   -60
   907   -62
   908   -60
   909   -62
   910   -60
   911   -62
   912   -60
   913   -62
   914   -60
   915   -61
   916   -60
   917   -62
   918   -61
   919   -61
   920   -61
   921   -60
   922   -62
   923   -60
   924   -62
   925   -60
   926   -62
   927   -60
   928   -62
   929   -60
   930   -62
   931   -61
   932   -61
   933   -61
   934   -61
   935   -61
   936   -60
   937   -61
   938   -60
   939   -62
   940   -60
   941   -62
   942   -60
   943   -62
   944   -60
   945   -62
   946   -60
   947   -62
   948   -60
   949   -62
   950   -60
   951   -61
   952   -61
   953   -61
   954   -62
   955   -60
   956   -62
   957   -60
   958   -62
   959   -60
   960   -62
   961   -60
   962   -62
   963   -60
   964   -61
   965   -60
   966   -61
   967   -61
   968   -61
   969   -61
   970   -61
   971   -62
   972   -60
   973   -62
   974   -60
   975   -62
   976   -60
   977   -62
   978   -60
   979   -62
   980   -60
   981   -62
   982   -61
   983   -61
   984   -61
   985   -61
   986   -61
   987   -60
   988   -62
   989   -60
   990   -62
   991   -60
   992   -62
   993   -60
   994   -62
   995   -60
   996   -62
   997   -60
   998   -62
   999   -61
