   0   0
   1   -69
   2   -70
   3   -69
   4   -69
   5   -69
   6   -69
   7   -68
   8   -67
   9   -67
   10   -66
   11   -65
   12   -66
   13   -65
   14   -66
   15   -67
   16   -68
   17   -69
   18   -69
   19   -70
   20   -69
   21   -69
   22   -68
   23   -68
   24   -67
   25   -67
   26   -66
   27   -65
   28   -66
   29   -66
   30   -67
   31   -67
   32   -68
   33   -68
   34   -69
   35   -69
   36   -69
   37   -70
   38   -69
   39   -68
   40   -68
   41   -67
   42   -67
   43   -65
   44   -65
   45   -65
   46   -66
   47   -66
   48   -67
   49   -68
   50   -68
   51   -69
   52   -69
   53   -69
   54   -69
   55   -68
   56   -68
   57   -67
   58   -67
   59   -66
   60   -66
   61   -66
   62   -66
   63   -66
   64   -67
   65   -68
   66   -69
   67   -69
   68   -70
   69   -69
   70   -69
   71   -69
   72   -68
   73   -67
   74   -67
   75   -66
   76   -66
   77   -66
   78   -65
   79   -66
   80   -67
   81   -67
   82   -68
   83   -69
   84   -69
   85   -69
   86   -69
   87   -69
   88   -68
   89   -68
   90   -67
   91   -66
   92   -66
   93   -66
   94   -65
   95   -66
   96   -66
   97   -67
   98   -68
   99   -69
   100   -69
   101   -69
   102   -69
   103   -69
   104   -69
   105   -68
   106   -67
   107   -67
   108   -66
   109   -66
   110   -66
   111   -66
   112   -66
   113   -67
   114   -67
   115   -68
   116   -69
   117   -69
   118   -69
   119   -69
   120   -69
   121   -68
   122   -67
   123   -67
   124   -66
   125   -66
   126   -66
   127   -66
   128   -66
   129   -67
   130   -67
   131   -68
   132   -69
   133   -69
   134   -69
   135   -69
   136   -69
   137   -68
   138   -68
   139   -67
   140   -67
   141   -66
   142   -66
   143   -66
   144   -66
   145   -66
   146   -67
   147   -68
   148   -68
   149   -69
   150   -69
   151   -69
   152   -69
   153   -69
   154   -68
   155   -68
   156   -67
   157   -66
   158   -66
   159   -66
   160   -66
   161   -66
   162   -67
   163   -68
   164   -68
   165   -68
   166   -69
   167   -70
   168   -69
   169   -69
   170   -68
   171   -68
   172   -68
   173   -66
   174   -66
   175   -66
   176   -66
   177   -66
   178   -66
   179   -67
   180   -68
   181   -68
   182   -69
   183   -69
   184   -69
   185   -69
   186   -68
   187   -68
   188   -67
   189   -67
   190   -66
   191   -66
   192   -66
   193   -66
   194   -66
   195   -67
   196   -67
   197   -68
   198   -69
   199   -69
   200   -70
   201   -42
   202   18
   203   -35
   204   -38
   205   -30
   206   -29
   207   -29
   208   -27
   209   -28
   210   -28
   211   -28
   212   -28
   213   -30
   214   -30
   215   -30
   216   -31
   217   -30
   218   -30
   219   -30
   220   -28
   221   -28
   222   -29
   223   -27
   224   -27
   225   -27
   226   -27
   227   -27
   228   -28
   229   -29
   230   -30
   231   -30
   232   -30
   233   -31
   234   -31
   235   -30
   236   -30
   237   -29
   238   -28
   239   -29
   240   -27
   241   -27
   242   -27
   243   -28
   244   -28
   245   -29
   246   -29
   247   -30
   248   -31
   249   -31
   250   -32
   251   -31
   252   -30
   253   -30
   254   -30
   255   -29
   256   -29
   257   -29
   258   -28
   259   -28
   260   -29
   261   -30
   262   -30
   263   -31
   264   -32
   265   -32
   266   -32
   267   -33
   268   -32
   269   -31
   270   -31
   271   -30
   272   -30
   273   -30
   274   -30
   275   -30
   276   -30
   277   -30
   278   -31
   279   -32
   280   -32
   281   -33
   282   -33
   283   -33
   284   -33
   285   -33
   286   -32
   287   -32
   288   -31
   289   -31
   290   -31
   291   -31
   292   -31
   293   -32
   294   -32
   295   -33
   296   -34
   297   -34
   298   -35
   299   -35
   300   -35
   301   -34
   302   -34
   303   -33
   304   -33
   305   -32
   306   -32
   307   -32
   308   -32
   309   -32
   310   -33
   311   -33
   312   -34
   313   -34
   314   -35
   315   -36
   316   -36
   317   -35
   318   -35
   319   -35
   320   -34
   321   -33
   322   -33
   323   -33
   324   -33
   325   -33
   326   -34
   327   -35
   328   -35
   329   -36
   330   -36
   331   -37
   332   -37
   333   -37
   334   -36
   335   -36
   336   -35
   337   -35
   338   -35
   339   -34
   340   -34
   341   -35
   342   -35
   343   -35
   344   -36
   345   -36
   346   -37
   347   -38
   348   -38
   349   -38
   350   -37
   351   -37
   352   -37
   353   -36
   354   -36
   355   -35
   356   -35
   357   -35
   358   -35
   359   -36
   360   -37
   361   -37
   362   -38
   363   -39
   364   -39
   365   -39
   366   -39
   367   -39
   368   -38
   369   -38
   370   -37
   371   -36
   372   -36
   373   -36
   374   -37
   375   -37
   376   -38
   377   -38
   378   -38
   379   -39
   380   -40
   381   -40
   382   -40
   383   -40
   384   -39
   385   -39
   386   -38
   387   -38
   388   -38
   389   -37
   390   -37
   391   -38
   392   -38
   393   -39
   394   -39
   395   -40
   396   -40
   397   -41
   398   -41
   399   -41
   400   -41
   401   -40
   402   -40
   403   -39
   404   -39
   405   -39
   406   -39
   407   -39
   408   -39
   409   -39
   410   -40
   411   -41
   412   -41
   413   -42
   414   -42
   415   -42
   416   -42
   417   -41
   418   -41
   419   -40
   420   -40
   421   -39
   422   -39
   423   -39
   424   -40
   425   -40
   426   -41
   427   -41
   428   -42
   429   -43
   430   -43
   431   -43
   432   -43
   433   -43
   434   -43
   435   -43
   436   -42
   437   -42
   438   -42
   439   -42
   440   -42
   441   -43
   442   -44
   443   -45
   444   -45
   445   -46
   446   -47
   447   -47
   448   -47
   449   -47
   450   -48
   451   -48
   452   -47
   453   -47
   454   -47
   455   -48
   456   -48
   457   -49
   458   -50
   459   -50
   460   -52
   461   -52
   462   -54
   463   -54
   464   -54
   465   -55
   466   -55
   467   -55
   468   -55
   469   -55
   470   -55
   471   -55
   472   -56
   473   -57
   474   -57
   475   -58
   476   -59
   477   -60
   478   -61
   479   -62
   480   -62
   481   -62
   482   -62
   483   -62
   484   -62
   485   -62
   486   -62
   487   -62
   488   -62
   489   -62
   490   -62
   491   -63
   492   -64
   493   -65
   494   -65
   495   -66
   496   -66
   497   -66
   498   -67
   499   -66
   500   -66
   501   -65
   502   -65
   503   -65
   504   -65
   505   -65
   506   -65
   507   -66
   508   -66
   509   -67
   510   -67
   511   -68
   512   -68
   513   -68
   514   -68
   515   -68
   516   -67
   517   -67
   518   -67
   519   -66
   520   -66
   521   -66
   522   -66
   523   -66
   524   -67
   525   -67
   526   -67
   527   -68
   528   -68
   529   -69
   530   -68
   531   -68
   532   -68
   533   -67
   534   -67
   535   -66
   536   -66
   537   -66
   538   -65
   539   -66
   540   -66
   541   -67
   542   -67
   543   -68
   544   -68
   545   -68
   546   -69
   547   -68
   548   -68
   549   -67
   550   -67
   551   -67
   552   -66
   553   -66
   554   -66
   555   -66
   556   -67
   557   -67
   558   -67
   559   -67
   560   -68
   561   -68
   562   -68
   563   -68
   564   -68
   565   -68
   566   -67
   567   -67
   568   -66
   569   -66
   570   -66
   571   -66
   572   -66
   573   -67
   574   -67
   575   -67
   576   -68
   577   -68
   578   -68
   579   -69
   580   -68
   581   -68
   582   -68
   583   -67
   584   -67
   585   -66
   586   -66
   587   -66
   588   -66
   589   -66
   590   -67
   591   -68
   592   -68
   593   -68
   594   -69
   595   -69
   596   -68
   597   -68
   598   -68
   599   -67
   600   -67
   601   -66
   602   -66
   603   -66
   604   -66
   605   -66
   606   -67
   607   -67
   608   -67
   609   -68
   610   -68
   611   -68
   612   -68
   613   -68
   614   -68
   615   -67
   616   -67
   617   -66
   618   -66
   619   -66
   620   -66
   621   -66
   622   -67
   623   -67
   624   -68
   625   -68
   626   -68
   627   -69
   628   -69
   629   -68
   630   -68
   631   -68
   632   -67
   633   -67
   634   -67
   635   -66
   636   -66
   637   -66
   638   -66
   639   -67
   640   -67
   641   -67
   642   -68
   643   -68
   644   -68
   645   -68
   646   -68
   647   -68
   648   -67
   649   -67
   650   -67
   651   -66
   652   -66
   653   -66
   654   -66
   655   -67
   656   -67
   657   -67
   658   -68
   659   -68
   660   -68
   661   -68
   662   -68
   663   -68
   664   -68
   665   -67
   666   -67
   667   -66
   668   -67
   669   -66
   670   -66
   671   -67
   672   -67
   673   -67
   674   -68
   675   -68
   676   -68
   677   -68
   678   -68
   679   -68
   680   -67
   681   -67
   682   -67
   683   -66
   684   -66
   685   -66
   686   -67
   687   -66
   688   -67
   689   -67
   690   -67
   691   -68
   692   -68
   693   -68
   694   -69
   695   -68
   696   -68
   697   -68
   698   -67
   699   -67
   700   -67
   701   -66
   702   -66
   703   -66
   704   -67
   705   -67
   706   -67
   707   -68
   708   -68
   709   -68
   710   -68
   711   -68
   712   -68
   713   -68
   714   -68
   715   -67
   716   -67
   717   -66
   718   -66
   719   -66
   720   -66
   721   -67
   722   -67
   723   -67
   724   -68
   725   -68
   726   -68
   727   -68
   728   -68
   729   -68
   730   -67
   731   -67
   732   -67
   733   -66
   734   -67
   735   -66
   736   -67
   737   -67
   738   -67
   739   -68
   740   -68
   741   -68
   742   -68
   743   -68
   744   -68
   745   -68
   746   -68
   747   -67
   748   -67
   749   -66
   750   -66
   751   -66
   752   -66
   753   -67
   754   -67
   755   -67
   756   -67
   757   -68
   758   -68
   759   -68
   760   -68
   761   -68
   762   -68
   763   -67
   764   -67
   765   -67
   766   -67
   767   -67
   768   -66
   769   -66
   770   -67
   771   -67
   772   -67
   773   -68
   774   -68
   775   -68
   776   -68
   777   -68
   778   -68
   779   -68
   780   -67
   781   -67
   782   -67
   783   -67
   784   -66
   785   -66
   786   -67
   787   -67
   788   -67
   789   -68
   790   -68
   791   -68
   792   -68
   793   -68
   794   -68
   795   -67
   796   -67
   797   -67
   798   -67
   799   -66
   800   -67
   801   -67
   802   -67
   803   -67
   804   -67
   805   -67
   806   -68
   807   -68
   808   -68
   809   -68
   810   -68
   811   -68
   812   -68
   813   -67
   814   -67
   815   -66
   816   -67
   817   -67
   818   -66
   819   -67
   820   -67
   821   -67
   822   -67
   823   -68
   824   -68
   825   -68
   826   -68
   827   -68
   828   -68
   829   -68
   830   -67
   831   -67
   832   -67
   833   -66
   834   -67
   835   -67
   836   -67
   837   -67
   838   -67
   839   -68
   840   -68
   841   -68
   842   -68
   843   -68
   844   -68
   845   -67
   846   -67
   847   -67
   848   -67
   849   -67
   850   -67
   851   -67
   852   -67
   853   -67
   854   -68
   855   -67
   856   -68
   857   -68
   858   -68
   859   -68
   860   -68
   861   -67
   862   -67
   863   -67
   864   -67
   865   -67
   866   -66
   867   -67
   868   -67
   869   -67
   870   -67
   871   -68
   872   -68
   873   -68
   874   -68
   875   -68
   876   -68
   877   -68
   878   -67
   879   -67
   880   -67
   881   -67
   882   -66
   883   -66
   884   -67
   885   -67
   886   -67
   887   -68
   888   -67
   889   -68
   890   -68
   891   -68
   892   -68
   893   -68
   894   -67
   895   -67
   896   -67
   897   -67
   898   -67
   899   -67
   900   -67
   901   -67
   902   -67
   903   -68
   904   -67
   905   -68
   906   -68
   907   -68
   908   -67
   909   -68
   910   -67
   911   -67
   912   -67
   913   -67
   914   -67
   915   -67
   916   -67
   917   -67
   918   -67
   919   -67
   920   -67
   921   -67
   922   -67
   923   -68
   924   -68
   925   -67
   926   -67
   927   -68
   928   -67
   929   -67
   930   -67
   931   -67
   932   -67
   933   -67
   934   -67
   935   -67
   936   -68
   937   -67
   938   -68
   939   -67
   940   -68
   941   -68
   942   -68
   943   -67
   944   -67
   945   -67
   946   -67
   947   -67
   948   -67
   949   -67
   950   -67
   951   -67
   952   -68
   953   -67
   954   -68
   955   -67
   956   -68
   957   -68
   958   -67
   959   -67
   960   -67
   961   -67
   962   -67
   963   -67
   964   -67
   965   -67
   966   -67
   967   -67
   968   -68
   969   -68
   970   -68
   971   -68
   972   -68
   973   -68
   974   -67
   975   -67
   976   -67
   977   -67
   978   -67
   979   -67
   980   -67
   981   -67
   982   -67
   983   -67
   984   -67
   985   -67
   986   -67
   987   -67
   988   -67
   989   -67
   990   -67
   991   -67
   992   -67
   993   -67
   994   -67
   995   -67
   996   -67
   997   -67
   998   -67
   999   -67
