   0   0
   1   -69
   2   -68
   3   -68
   4   -68
   5   -67
   6   -66
   7   -65
   8   -66
   9   -66
   10   -66
   11   -67
   12   -67
   13   -68
   14   -68
   15   -69
   16   -69
   17   -70
   18   -69
   19   -69
   20   -68
   21   -67
   22   -67
   23   -66
   24   -66
   25   -65
   26   -66
   27   -67
   28   -67
   29   -67
   30   -68
   31   -68
   32   -69
   33   -69
   34   -69
   35   -69
   36   -68
   37   -68
   38   -66
   39   -67
   40   -65
   41   -65
   42   -65
   43   -66
   44   -66
   45   -67
   46   -68
   47   -68
   48   -70
   49   -69
   50   -69
   51   -69
   52   -69
   53   -68
   54   -67
   55   -67
   56   -66
   57   -65
   58   -66
   59   -67
   60   -66
   61   -67
   62   -69
   63   -68
   64   -69
   65   -69
   66   -69
   67   -69
   68   -68
   69   -68
   70   -67
   71   -66
   72   -66
   73   -65
   74   -65
   75   -65
   76   -66
   77   -66
   78   -68
   79   -68
   80   -68
   81   -69
   82   -70
   83   -69
   84   -70
   85   -68
   86   -68
   87   -67
   88   -66
   89   -65
   90   -66
   91   -66
   92   -66
   93   -66
   94   -67
   95   -68
   96   -69
   97   -69
   98   -70
   99   -69
   100   -69
   101   -69
   102   -68
   103   -67
   104   -66
   105   -66
   106   -66
   107   -65
   108   -66
   109   -66
   110   -67
   111   -67
   112   -68
   113   -69
   114   -69
   115   -69
   116   -69
   117   -69
   118   -68
   119   -67
   120   -67
   121   -66
   122   -65
   123   -66
   124   -65
   125   -66
   126   -67
   127   -67
   128   -68
   129   -69
   130   -70
   131   -69
   132   -69
   133   -69
   134   -69
   135   -68
   136   -67
   137   -66
   138   -66
   139   -66
   140   -66
   141   -66
   142   -66
   143   -67
   144   -67
   145   -68
   146   -69
   147   -69
   148   -70
   149   -69
   150   -69
   151   -68
   152   -67
   153   -66
   154   -65
   155   -65
   156   -66
   157   -65
   158   -66
   159   -66
   160   -67
   161   -68
   162   -69
   163   -69
   164   -69
   165   -69
   166   -69
   167   -68
   168   -67
   169   -67
   170   -67
   171   -66
   172   -66
   173   -65
   174   -66
   175   -66
   176   -68
   177   -68
   178   -68
   179   -69
   180   -70
   181   -69
   182   -68
   183   -68
   184   -68
   185   -67
   186   -66
   187   -65
   188   -65
   189   -65
   190   -66
   191   -66
   192   -66
   193   -67
   194   -68
   195   -69
   196   -69
   197   -69
   198   -68
   199   -69
   200   -68
   201   -32
   202   79
   203   65
   204   60
   205   64
   206   67
   207   67
   208   69
   209   69
   210   68
   211   68
   212   70
   213   68
   214   69
   215   70
   216   71
   217   72
   218   73
   219   74
   220   74
   221   75
   222   74
   223   74
   224   73
   225   73
   226   73
   227   72
   228   71
   229   72
   230   71
   231   71
   232   72
   233   72
   234   72
   235   74
   236   73
   237   73
   238   74
   239   73
   240   73
   241   72
   242   71
   243   70
   244   70
   245   69
   246   69
   247   69
   248   69
   249   70
   250   70
   251   71
   252   72
   253   72
   254   72
   255   72
   256   72
   257   70
   258   71
   259   70
   260   69
   261   68
   262   68
   263   67
   264   68
   265   69
   266   69
   267   69
   268   70
   269   71
   270   71
   271   70
   272   70
   273   69
   274   68
   275   68
   276   67
   277   66
   278   66
   279   65
   280   65
   281   66
   282   67
   283   67
   284   68
   285   68
   286   68
   287   68
   288   68
   289   67
   290   67
   291   66
   292   65
   293   65
   294   64
   295   64
   296   64
   297   63
   298   63
   299   63
   300   62
   301   60
   302   59
   303   56
   304   52
   305   47
   306   42
   307   36
   308   29
   309   22
   310   15
   311   8
   312   1
   313   -6
   314   -11
   315   -18
   316   -23
   317   -29
   318   -32
   319   -38
   320   -43
   321   -46
   322   -50
   323   -54
   324   -57
   325   -60
   326   -62
   327   -64
   328   -65
   329   -66
   330   -66
   331   -66
   332   -65
   333   -65
   334   -65
   335   -64
   336   -63
   337   -65
   338   -64
   339   -65
   340   -66
   341   -67
   342   -67
   343   -68
   344   -68
   345   -68
   346   -68
   347   -67
   348   -66
   349   -66
   350   -66
   351   -65
   352   -65
   353   -65
   354   -65
   355   -66
   356   -66
   357   -67
   358   -68
   359   -68
   360   -69
   361   -69
   362   -68
   363   -68
   364   -67
   365   -66
   366   -65
   367   -65
   368   -64
   369   -64
   370   -65
   371   -65
   372   -65
   373   -66
   374   -67
   375   -67
   376   -68
   377   -68
   378   -68
   379   -67
   380   -67
   381   -67
   382   -66
   383   -66
   384   -65
   385   -64
   386   -66
   387   -65
   388   -66
   389   -67
   390   -67
   391   -68
   392   -69
   393   -68
   394   -68
   395   -69
   396   -67
   397   -67
   398   -66
   399   -65
   400   -65
   401   -65
   402   -65
   403   -64
   404   -65
   405   -66
   406   -67
   407   -67
   408   -68
   409   -68
   410   -68
   411   -68
   412   -67
   413   -67
   414   -66
   415   -66
   416   -66
   417   -64
   418   -65
   419   -66
   420   -65
   421   -66
   422   -67
   423   -68
   424   -69
   425   -68
   426   -69
   427   -69
   428   -68
   429   -68
   430   -67
   431   -66
   432   -66
   433   -65
   434   -65
   435   -65
   436   -66
   437   -66
   438   -66
   439   -67
   440   -68
   441   -68
   442   -69
   443   -68
   444   -68
   445   -67
   446   -68
   447   -66
   448   -66
   449   -65
   450   -65
   451   -65
   452   -64
   453   -66
   454   -66
   455   -67
   456   -68
   457   -68
   458   -69
   459   -69
   460   -69
   461   -69
   462   -68
   463   -67
   464   -66
   465   -66
   466   -66
   467   -65
   468   -66
   469   -65
   470   -67
   471   -67
   472   -67
   473   -68
   474   -69
   475   -69
   476   -68
   477   -68
   478   -67
   479   -67
   480   -66
   481   -66
   482   -65
   483   -65
   484   -65
   485   -66
   486   -66
   487   -66
   488   -67
   489   -68
   490   -69
   491   -68
   492   -69
   493   -68
   494   -68
   495   -68
   496   -67
   497   -66
   498   -66
   499   -65
   500   -66
   501   -65
   502   -66
   503   -66
   504   -67
   505   -68
   506   -68
   507   -69
   508   -69
   509   -68
   510   -69
   511   -68
   512   -67
   513   -67
   514   -65
   515   -66
   516   -65
   517   -65
   518   -65
   519   -66
   520   -66
   521   -67
   522   -68
   523   -68
   524   -69
   525   -68
   526   -68
   527   -68
   528   -67
   529   -67
   530   -65
   531   -65
   532   -65
   533   -64
   534   -65
   535   -66
   536   -67
   537   -67
   538   -67
   539   -68
   540   -69
   541   -69
   542   -69
   543   -68
   544   -68
   545   -67
   546   -66
   547   -65
   548   -65
   549   -66
   550   -65
   551   -66
   552   -66
   553   -67
   554   -67
   555   -68
   556   -68
   557   -68
   558   -69
   559   -68
   560   -67
   561   -67
   562   -67
   563   -66
   564   -65
   565   -65
   566   -65
   567   -65
   568   -66
   569   -66
   570   -67
   571   -69
   572   -68
   573   -68
   574   -69
   575   -68
   576   -68
   577   -67
   578   -67
   579   -66
   580   -66
   581   -65
   582   -66
   583   -66
   584   -65
   585   -67
   586   -68
   587   -68
   588   -68
   589   -69
   590   -69
   591   -68
   592   -68
   593   -67
   594   -67
   595   -66
   596   -65
   597   -65
   598   -65
   599   -66
   600   -65
   601   -66
   602   -67
   603   -67
   604   -68
   605   -68
   606   -68
   607   -68
   608   -68
   609   -68
   610   -67
   611   -66
   612   -66
   613   -66
   614   -66
   615   -65
   616   -65
   617   -66
   618   -66
   619   -68
   620   -68
   621   -68
   622   -69
   623   -69
   624   -69
   625   -68
   626   -68
   627   -67
   628   -66
   629   -66
   630   -66
   631   -65
   632   -65
   633   -65
   634   -66
   635   -66
   636   -67
   637   -68
   638   -68
   639   -69
   640   -68
   641   -68
   642   -67
   643   -67
   644   -67
   645   -66
   646   -65
   647   -65
   648   -65
   649   -66
   650   -66
   651   -67
   652   -67
   653   -68
   654   -68
   655   -69
   656   -69
   657   -68
   658   -69
   659   -68
   660   -67
   661   -66
   662   -66
   663   -65
   664   -65
   665   -65
   666   -66
   667   -67
   668   -66
   669   -67
   670   -68
   671   -68
   672   -68
   673   -68
   674   -68
   675   -67
   676   -66
   677   -66
   678   -65
   679   -65
   680   -65
   681   -65
   682   -66
   683   -66
   684   -66
   685   -68
   686   -68
   687   -69
   688   -69
   689   -69
   690   -68
   691   -68
   692   -67
   693   -67
   694   -66
   695   -66
   696   -66
   697   -66
   698   -65
   699   -66
   700   -67
   701   -67
   702   -68
   703   -68
   704   -68
   705   -69
   706   -68
   707   -67
   708   -66
   709   -66
   710   -66
   711   -65
   712   -65
   713   -64
   714   -65
   715   -66
   716   -66
   717   -67
   718   -67
   719   -68
   720   -69
   721   -69
   722   -69
   723   -68
   724   -68
   725   -67
   726   -67
   727   -66
   728   -66
   729   -65
   730   -66
   731   -66
   732   -66
   733   -67
   734   -68
   735   -68
   736   -69
   737   -69
   738   -69
   739   -69
   740   -68
   741   -66
   742   -66
   743   -66
   744   -66
   745   -65
   746   -65
   747   -64
   748   -65
   749   -65
   750   -66
   751   -67
   752   -68
   753   -68
   754   -68
   755   -68
   756   -67
   757   -68
   758   -67
   759   -66
   760   -66
   761   -66
   762   -65
   763   -66
   764   -66
   765   -66
   766   -68
   767   -67
   768   -69
   769   -69
   770   -69
   771   -69
   772   -69
   773   -68
   774   -67
   775   -66
   776   -66
   777   -65
   778   -65
   779   -65
   780   -65
   781   -66
   782   -66
   783   -67
   784   -67
   785   -68
   786   -68
   787   -68
   788   -68
   789   -68
   790   -67
   791   -67
   792   -66
   793   -66
   794   -65
   795   -65
   796   -66
   797   -66
   798   -67
   799   -68
   800   -68
   801   -68
   802   -69
   803   -69
   804   -69
   805   -69
   806   -68
   807   -67
   808   -67
   809   -66
   810   -66
   811   -65
   812   -65
   813   -66
   814   -65
   815   -67
   816   -67
   817   -68
   818   -68
   819   -68
   820   -68
   821   -68
   822   -67
   823   -67
   824   -66
   825   -66
   826   -65
   827   -65
   828   -65
   829   -65
   830   -66
   831   -67
   832   -68
   833   -68
   834   -69
   835   -69
   836   -69
   837   -69
   838   -69
   839   -68
   840   -67
   841   -67
   842   -66
   843   -66
   844   -66
   845   -66
   846   -66
   847   -66
   848   -66
   849   -67
   850   -68
   851   -68
   852   -68
   853   -68
   854   -68
   855   -68
   856   -67
   857   -66
   858   -66
   859   -65
   860   -65
   861   -65
   862   -65
   863   -65
   864   -66
   865   -67
   866   -68
   867   -68
   868   -68
   869   -69
   870   -69
   871   -68
   872   -68
   873   -67
   874   -67
   875   -66
   876   -66
   877   -66
   878   -66
   879   -66
   880   -66
   881   -67
   882   -67
   883   -68
   884   -69
   885   -68
   886   -68
   887   -68
   888   -68
   889   -67
   890   -67
   891   -66
   892   -65
   893   -65
   894   -64
   895   -66
   896   -65
   897   -66
   898   -67
   899   -67
   900   -69
   901   -69
   902   -69
   903   -68
   904   -69
   905   -68
   906   -67
   907   -66
   908   -66
   909   -66
   910   -65
   911   -65
   912   -66
   913   -67
   914   -67
   915   -68
   916   -69
   917   -68
   918   -69
   919   -69
   920   -68
   921   -68
   922   -67
   923   -66
   924   -66
   925   -64
   926   -65
   927   -65
   928   -66
   929   -65
   930   -66
   931   -67
   932   -68
   933   -68
   934   -68
   935   -69
   936   -68
   937   -68
   938   -67
   939   -67
   940   -66
   941   -65
   942   -66
   943   -65
   944   -66
   945   -66
   946   -67
   947   -67
   948   -68
   949   -68
   950   -69
   951   -69
   952   -69
   953   -68
   954   -67
   955   -67
   956   -66
   957   -66
   958   -65
   959   -65
   960   -65
   961   -65
   962   -66
   963   -66
   964   -68
   965   -67
   966   -68
   967   -68
   968   -69
   969   -67
   970   -68
   971   -67
   972   -66
   973   -65
   974   -66
   975   -65
   976   -66
   977   -65
   978   -66
   979   -66
   980   -68
   981   -68
   982   -69
   983   -69
   984   -69
   985   -70
   986   -69
   987   -68
   988   -67
   989   -66
   990   -66
   991   -65
   992   -65
   993   -65
   994   -66
   995   -66
   996   -67
   997   -67
   998   -68
   999   -69
