   0   0
   1   -67
   2   -67
   3   -67
   4   -68
   5   -68
   6   -68
   7   -68
   8   -68
   9   -68
   10   -67
   11   -67
   12   -67
   13   -67
   14   -67
   15   -66
   16   -67
   17   -67
   18   -67
   19   -68
   20   -69
   21   -69
   22   -68
   23   -69
   24   -69
   25   -69
   26   -68
   27   -68
   28   -68
   29   -67
   30   -67
   31   -67
   32   -66
   33   -67
   34   -67
   35   -67
   36   -67
   37   -68
   38   -68
   39   -68
   40   -68
   41   -67
   42   -67
   43   -67
   44   -67
   45   -67
   46   -66
   47   -66
   48   -67
   49   -67
   50   -67
   51   -68
   52   -67
   53   -68
   54   -68
   55   -69
   56   -68
   57   -69
   58   -68
   59   -68
   60   -68
   61   -67
   62   -67
   63   -67
   64   -66
   65   -67
   66   -67
   67   -67
   68   -68
   69   -68
   70   -67
   71   -68
   72   -68
   73   -68
   74   -68
   75   -68
   76   -68
   77   -67
   78   -66
   79   -66
   80   -66
   81   -67
   82   -67
   83   -66
   84   -67
   85   -69
   86   -68
   87   -68
   88   -69
   89   -68
   90   -68
   91   -68
   92   -68
   93   -68
   94   -67
   95   -67
   96   -67
   97   -67
   98   -67
   99   -67
   100   -68
   101   -67
   102   -68
   103   -68
   104   -68
   105   -69
   106   -68
   107   -68
   108   -67
   109   -67
   110   -66
   111   -66
   112   -66
   113   -67
   114   -67
   115   -67
   116   -68
   117   -68
   118   -68
   119   -69
   120   -68
   121   -69
   122   -69
   123   -68
   124   -68
   125   -68
   126   -68
   127   -67
   128   -67
   129   -67
   130   -67
   131   -67
   132   -67
   133   -67
   134   -68
   135   -68
   136   -68
   137   -68
   138   -68
   139   -68
   140   -68
   141   -67
   142   -67
   143   -67
   144   -67
   145   -67
   146   -67
   147   -66
   148   -67
   149   -67
   150   -67
   151   -68
   152   -68
   153   -67
   154   -68
   155   -68
   156   -68
   157   -68
   158   -68
   159   -67
   160   -66
   161   -67
   162   -67
   163   -67
   164   -67
   165   -68
   166   -67
   167   -68
   168   -68
   169   -68
   170   -68
   171   -68
   172   -67
   173   -68
   174   -67
   175   -67
   176   -66
   177   -67
   178   -67
   179   -66
   180   -67
   181   -67
   182   -67
   183   -67
   184   -68
   185   -68
   186   -68
   187   -68
   188   -68
   189   -68
   190   -68
   191   -68
   192   -67
   193   -68
   194   -67
   195   -67
   196   -67
   197   -67
   198   -67
   199   -68
   200   -68
   201   -37
   202   46
   203   18
   204   15
   205   20
   206   22
   207   22
   208   24
   209   25
   210   25
   211   26
   212   27
   213   26
   214   26
   215   26
   216   26
   217   26
   218   26
   219   26
   220   27
   221   27
   222   25
   223   27
   224   27
   225   27
   226   28
   227   27
   228   27
   229   27
   230   26
   231   26
   232   26
   233   26
   234   25
   235   25
   236   25
   237   25
   238   25
   239   26
   240   26
   241   26
   242   26
   243   26
   244   27
   245   26
   246   26
   247   25
   248   25
   249   25
   250   24
   251   23
   252   24
   253   24
   254   23
   255   24
   256   24
   257   23
   258   23
   259   24
   260   24
   261   23
   262   23
   263   22
   264   23
   265   22
   266   22
   267   21
   268   22
   269   21
   270   22
   271   21
   272   21
   273   21
   274   22
   275   22
   276   22
   277   22
   278   22
   279   21
   280   21
   281   20
   282   20
   283   20
   284   20
   285   19
   286   19
   287   19
   288   20
   289   19
   290   18
   291   20
   292   19
   293   18
   294   19
   295   19
   296   18
   297   18
   298   18
   299   18
   300   17
   301   17
   302   18
   303   17
   304   17
   305   17
   306   18
   307   17
   308   17
   309   17
   310   18
   311   16
   312   17
   313   17
   314   16
   315   16
   316   16
   317   15
   318   15
   319   15
   320   16
   321   15
   322   15
   323   15
   324   15
   325   15
   326   15
   327   15
   328   14
   329   14
   330   13
   331   13
   332   12
   333   12
   334   12
   335   11
   336   12
   337   11
   338   11
   339   10
   340   9
   341   9
   342   7
   343   6
   344   4
   345   2
   346   0
   347   -3
   348   -6
   349   -8
   350   -10
   351   -13
   352   -15
   353   -18
   354   -21
   355   -23
   356   -26
   357   -28
   358   -32
   359   -34
   360   -37
   361   -39
   362   -43
   363   -46
   364   -48
   365   -50
   366   -52
   367   -53
   368   -55
   369   -57
   370   -58
   371   -59
   372   -60
   373   -61
   374   -62
   375   -62
   376   -63
   377   -64
   378   -64
   379   -65
   380   -66
   381   -66
   382   -67
   383   -66
   384   -67
   385   -67
   386   -66
   387   -66
   388   -66
   389   -66
   390   -66
   391   -66
   392   -66
   393   -67
   394   -66
   395   -67
   396   -68
   397   -68
   398   -67
   399   -67
   400   -68
   401   -67
   402   -68
   403   -67
   404   -67
   405   -66
   406   -66
   407   -66
   408   -66
   409   -66
   410   -67
   411   -67
   412   -66
   413   -67
   414   -67
   415   -67
   416   -67
   417   -67
   418   -67
   419   -66
   420   -66
   421   -67
   422   -67
   423   -67
   424   -66
   425   -67
   426   -67
   427   -67
   428   -67
   429   -67
   430   -68
   431   -68
   432   -68
   433   -68
   434   -67
   435   -68
   436   -67
   437   -67
   438   -66
   439   -67
   440   -67
   441   -67
   442   -66
   443   -67
   444   -67
   445   -67
   446   -67
   447   -68
   448   -67
   449   -67
   450   -66
   451   -67
   452   -67
   453   -67
   454   -67
   455   -66
   456   -66
   457   -66
   458   -67
   459   -67
   460   -67
   461   -67
   462   -68
   463   -68
   464   -67
   465   -68
   466   -67
   467   -68
   468   -68
   469   -67
   470   -67
   471   -67
   472   -68
   473   -67
   474   -67
   475   -67
   476   -68
   477   -67
   478   -67
   479   -68
   480   -68
   481   -68
   482   -67
   483   -67
   484   -67
   485   -67
   486   -67
   487   -66
   488   -66
   489   -66
   490   -67
   491   -67
   492   -67
   493   -66
   494   -67
   495   -68
   496   -68
   497   -68
   498   -68
   499   -68
   500   -68
   501   -67
   502   -68
   503   -67
   504   -67
   505   -67
   506   -67
   507   -66
   508   -67
   509   -67
   510   -67
   511   -68
   512   -68
   513   -68
   514   -68
   515   -67
   516   -68
   517   -67
   518   -67
   519   -66
   520   -67
   521   -66
   522   -66
   523   -66
   524   -67
   525   -67
   526   -67
   527   -67
   528   -67
   529   -67
   530   -68
   531   -68
   532   -68
   533   -67
   534   -67
   535   -67
   536   -68
   537   -67
   538   -67
   539   -67
   540   -67
   541   -67
   542   -68
   543   -68
   544   -68
   545   -68
   546   -67
   547   -68
   548   -68
   549   -67
   550   -67
   551   -67
   552   -67
   553   -66
   554   -67
   555   -67
   556   -66
   557   -66
   558   -67
   559   -67
   560   -67
   561   -68
   562   -67
   563   -68
   564   -67
   565   -67
   566   -67
   567   -67
   568   -67
   569   -67
   570   -68
   571   -67
   572   -67
   573   -68
   574   -67
   575   -68
   576   -67
   577   -68
   578   -67
   579   -68
   580   -68
   581   -67
   582   -68
   583   -67
   584   -67
   585   -67
   586   -66
   587   -67
   588   -67
   589   -66
   590   -67
   591   -67
   592   -67
   593   -67
   594   -67
   595   -67
   596   -68
   597   -67
   598   -67
   599   -68
   600   -67
   601   -67
   602   -66
   603   -67
   604   -67
   605   -67
   606   -67
   607   -67
   608   -67
   609   -68
   610   -68
   611   -68
   612   -68
   613   -69
   614   -67
   615   -67
   616   -67
   617   -67
   618   -67
   619   -67
   620   -65
   621   -67
   622   -66
   623   -66
   624   -67
   625   -67
   626   -67
   627   -68
   628   -67
   629   -67
   630   -68
   631   -67
   632   -67
   633   -67
   634   -67
   635   -67
   636   -66
   637   -67
   638   -67
   639   -67
   640   -67
   641   -67
   642   -67
   643   -68
   644   -68
   645   -68
   646   -68
   647   -68
   648   -67
   649   -67
   650   -68
   651   -67
   652   -67
   653   -67
   654   -67
   655   -67
   656   -67
   657   -68
   658   -67
   659   -67
   660   -67
   661   -67
   662   -67
   663   -67
   664   -67
   665   -68
   666   -67
   667   -67
   668   -67
   669   -66
   670   -67
   671   -67
   672   -67
   673   -68
   674   -67
   675   -68
   676   -68
   677   -67
   678   -68
   679   -67
   680   -67
   681   -67
   682   -68
   683   -67
   684   -67
   685   -67
   686   -67
   687   -67
   688   -67
   689   -67
   690   -67
   691   -67
   692   -67
   693   -67
   694   -68
   695   -67
   696   -67
   697   -67
   698   -66
   699   -67
   700   -67
   701   -66
   702   -66
   703   -67
   704   -67
   705   -67
   706   -68
   707   -67
   708   -68
   709   -67
   710   -67
   711   -68
   712   -68
   713   -67
   714   -67
   715   -67
   716   -67
   717   -67
   718   -67
   719   -67
   720   -67
   721   -67
   722   -67
   723   -68
   724   -67
   725   -67
   726   -67
   727   -67
   728   -67
   729   -68
   730   -67
   731   -67
   732   -66
   733   -66
   734   -67
   735   -66
   736   -66
   737   -67
   738   -67
   739   -67
   740   -68
   741   -67
   742   -68
   743   -68
   744   -68
   745   -67
   746   -67
   747   -67
   748   -67
   749   -67
   750   -66
   751   -67
   752   -67
   753   -67
   754   -67
   755   -67
   756   -67
   757   -67
   758   -68
   759   -67
   760   -67
   761   -67
   762   -67
   763   -67
   764   -67
   765   -67
   766   -67
   767   -67
   768   -66
   769   -67
   770   -67
   771   -67
   772   -67
   773   -68
   774   -68
   775   -67
   776   -67
   777   -67
   778   -67
   779   -68
   780   -67
   781   -68
   782   -67
   783   -67
   784   -67
   785   -66
   786   -67
   787   -67
   788   -67
   789   -67
   790   -68
   791   -67
   792   -67
   793   -68
   794   -67
   795   -67
   796   -68
   797   -67
   798   -67
   799   -67
   800   -67
   801   -67
   802   -67
   803   -67
   804   -67
   805   -67
   806   -67
   807   -67
   808   -68
   809   -67
   810   -68
   811   -67
   812   -68
   813   -67
   814   -67
   815   -68
   816   -67
   817   -67
   818   -67
   819   -67
   820   -67
   821   -67
   822   -67
   823   -67
   824   -67
   825   -67
   826   -67
   827   -68
   828   -67
   829   -67
   830   -67
   831   -66
   832   -66
   833   -67
   834   -66
   835   -67
   836   -67
   837   -67
   838   -67
   839   -68
   840   -68
   841   -68
   842   -68
   843   -68
   844   -67
   845   -67
   846   -67
   847   -67
   848   -67
   849   -67
   850   -67
   851   -67
   852   -66
   853   -67
   854   -67
   855   -67
   856   -67
   857   -67
   858   -67
   859   -68
   860   -67
   861   -67
   862   -67
   863   -67
   864   -67
   865   -67
   866   -66
   867   -67
   868   -66
   869   -67
   870   -67
   871   -67
   872   -67
   873   -67
   874   -68
   875   -68
   876   -68
   877   -68
   878   -68
   879   -67
   880   -67
   881   -67
   882   -67
   883   -67
   884   -67
   885   -67
   886   -67
   887   -67
   888   -67
   889   -67
   890   -68
   891   -68
   892   -67
   893   -67
   894   -67
   895   -67
   896   -67
   897   -67
   898   -67
   899   -67
   900   -67
   901   -67
   902   -67
   903   -66
   904   -67
   905   -67
   906   -67
   907   -67
   908   -67
   909   -68
   910   -67
   911   -68
   912   -68
   913   -68
   914   -67
   915   -67
   916   -67
   917   -67
   918   -67
   919   -67
   920   -67
   921   -67
   922   -67
   923   -67
   924   -67
   925   -67
   926   -68
   927   -67
   928   -66
   929   -67
   930   -67
   931   -67
   932   -66
   933   -67
   934   -67
   935   -66
   936   -67
   937   -67
   938   -67
   939   -67
   940   -67
   941   -67
   942   -67
   943   -68
   944   -67
   945   -67
   946   -67
   947   -67
   948   -68
   949   -67
   950   -67
   951   -67
   952   -67
   953   -68
   954   -67
   955   -67
   956   -67
   957   -67
   958   -68
   959   -67
   960   -67
   961   -67
   962   -67
   963   -67
   964   -67
   965   -67
   966   -67
   967   -67
   968   -66
   969   -68
   970   -67
   971   -67
   972   -67
   973   -67
   974   -68
   975   -67
   976   -67
   977   -67
   978   -67
   979   -67
   980   -67
   981   -67
   982   -67
   983   -67
   984   -67
   985   -67
   986   -68
   987   -68
   988   -67
   989   -68
   990   -68
   991   -67
   992   -68
   993   -68
   994   -67
   995   -67
   996   -66
   997   -67
   998   -67
   999   -67
