   0   0
   1   -63
   2   -59
   3   -63
   4   -59
   5   -63
   6   -60
   7   -62
   8   -60
   9   -62
   10   -61
   11   -61
   12   -62
   13   -60
   14   -62
   15   -60
   16   -63
   17   -59
   18   -63
   19   -59
   20   -63
   21   -59
   22   -63
   23   -60
   24   -62
   25   -60
   26   -61
   27   -61
   28   -61
   29   -62
   30   -60
   31   -62
   32   -60
   33   -62
   34   -59
   35   -63
   36   -60
   37   -63
   38   -60
   39   -62
   40   -60
   41   -61
   42   -61
   43   -61
   44   -62
   45   -60
   46   -62
   47   -59
   48   -63
   49   -59
   50   -63
   51   -59
   52   -63
   53   -59
   54   -62
   55   -60
   56   -62
   57   -61
   58   -61
   59   -61
   60   -61
   61   -62
   62   -60
   63   -62
   64   -59
   65   -63
   66   -59
   67   -63
   68   -59
   69   -63
   70   -59
   71   -63
   72   -60
   73   -62
   74   -61
   75   -61
   76   -62
   77   -61
   78   -62
   79   -60
   80   -62
   81   -59
   82   -63
   83   -59
   84   -63
   85   -59
   86   -63
   87   -60
   88   -62
   89   -60
   90   -62
   91   -61
   92   -61
   93   -61
   94   -60
   95   -62
   96   -60
   97   -63
   98   -60
   99   -63
   100   -59
   101   -63
   102   -59
   103   -63
   104   -60
   105   -62
   106   -60
   107   -62
   108   -61
   109   -61
   110   -62
   111   -60
   112   -62
   113   -60
   114   -63
   115   -59
   116   -63
   117   -59
   118   -63
   119   -59
   120   -63
   121   -60
   122   -62
   123   -60
   124   -61
   125   -61
   126   -61
   127   -62
   128   -60
   129   -62
   130   -59
   131   -63
   132   -59
   133   -63
   134   -59
   135   -63
   136   -60
   137   -62
   138   -60
   139   -62
   140   -61
   141   -61
   142   -61
   143   -60
   144   -62
   145   -60
   146   -63
   147   -60
   148   -63
   149   -59
   150   -63
   151   -60
   152   -62
   153   -60
   154   -62
   155   -61
   156   -62
   157   -61
   158   -61
   159   -62
   160   -60
   161   -62
   162   -60
   163   -63
   164   -60
   165   -63
   166   -59
   167   -62
   168   -60
   169   -62
   170   -60
   171   -62
   172   -61
   173   -61
   174   -62
   175   -61
   176   -62
   177   -60
   178   -62
   179   -59
   180   -63
   181   -59
   182   -63
   183   -59
   184   -63
   185   -60
   186   -63
   187   -60
   188   -61
   189   -60
   190   -61
   191   -62
   192   -60
   193   -63
   194   -59
   195   -63
   196   -59
   197   -63
   198   -59
   199   -63
   200   -60
   201   -56
   202   25
   203   113
   204   96
   205   48
   206   10
   207   3
   208   1
   209   8
   210   5
   211   10
   212   3
   213   8
   214   1
   215   7
   216   2
   217   7
   218   3
   219   6
   220   3
   221   5
   222   4
   223   5
   224   5
   225   4
   226   5
   227   3
   228   6
   229   3
   230   6
   231   3
   232   6
   233   3
   234   6
   235   3
   236   6
   237   4
   238   5
   239   5
   240   5
   241   6
   242   4
   243   6
   244   3
   245   7
   246   3
   247   7
   248   3
   249   7
   250   3
   251   6
   252   4
   253   6
   254   5
   255   5
   256   5
   257   4
   258   6
   259   4
   260   7
   261   4
   262   7
   263   3
   264   7
   265   3
   266   7
   267   4
   268   7
   269   4
   270   6
   271   5
   272   5
   273   6
   274   5
   275   6
   276   4
   277   7
   278   4
   279   7
   280   3
   281   7
   282   4
   283   7
   284   4
   285   6
   286   5
   287   6
   288   6
   289   5
   290   6
   291   4
   292   6
   293   4
   294   7
   295   4
   296   8
   297   4
   298   7
   299   4
   300   7
   301   4
   302   7
   303   5
   304   6
   305   6
   306   5
   307   6
   308   5
   309   7
   310   4
   311   7
   312   4
   313   8
   314   3
   315   7
   316   4
   317   7
   318   4
   319   6
   320   5
   321   6
   322   6
   323   5
   324   6
   325   4
   326   7
   327   4
   328   7
   329   4
   330   8
   331   4
   332   7
   333   4
   334   7
   335   4
   336   7
   337   5
   338   6
   339   6
   340   5
   341   7
   342   4
   343   7
   344   4
   345   7
   346   4
   347   7
   348   4
   349   7
   350   4
   351   6
   352   5
   353   6
   354   5
   355   4
   356   5
   357   4
   358   6
   359   3
   360   6
   361   2
   362   6
   363   2
   364   6
   365   2
   366   5
   367   2
   368   4
   369   3
   370   3
   371   3
   372   1
   373   3
   374   1
   375   3
   376   -1
   377   3
   378   -1
   379   2
   380   -2
   381   1
   382   -2
   383   0
   384   -3
   385   -2
   386   -3
   387   -3
   388   -3
   389   -5
   390   -4
   391   -7
   392   -5
   393   -8
   394   -5
   395   -10
   396   -7
   397   -11
   398   -8
   399   -12
   400   -10
   401   -13
   402   -12
   403   -14
   404   -14
   405   -14
   406   -17
   407   -15
   408   -19
   409   -16
   410   -20
   411   -18
   412   -22
   413   -19
   414   -23
   415   -21
   416   -25
   417   -24
   418   -25
   419   -26
   420   -27
   421   -28
   422   -28
   423   -30
   424   -29
   425   -32
   426   -30
   427   -34
   428   -31
   429   -36
   430   -33
   431   -37
   432   -35
   433   -38
   434   -37
   435   -39
   436   -39
   437   -39
   438   -41
   439   -40
   440   -43
   441   -41
   442   -45
   443   -42
   444   -46
   445   -43
   446   -47
   447   -44
   448   -48
   449   -46
   450   -48
   451   -48
   452   -49
   453   -49
   454   -49
   455   -51
   456   -49
   457   -52
   458   -50
   459   -53
   460   -50
   461   -54
   462   -51
   463   -55
   464   -52
   465   -55
   466   -53
   467   -55
   468   -54
   469   -55
   470   -56
   471   -55
   472   -57
   473   -55
   474   -57
   475   -55
   476   -58
   477   -55
   478   -58
   479   -56
   480   -58
   481   -56
   482   -58
   483   -57
   484   -58
   485   -58
   486   -58
   487   -59
   488   -57
   489   -60
   490   -57
   491   -60
   492   -57
   493   -61
   494   -57
   495   -61
   496   -58
   497   -60
   498   -58
   499   -60
   500   -59
   501   -60
   502   -60
   503   -59
   504   -61
   505   -59
   506   -61
   507   -58
   508   -61
   509   -58
   510   -62
   511   -59
   512   -62
   513   -59
   514   -61
   515   -59
   516   -61
   517   -60
   518   -60
   519   -61
   520   -60
   521   -61
   522   -59
   523   -62
   524   -59
   525   -62
   526   -59
   527   -62
   528   -59
   529   -62
   530   -59
   531   -62
   532   -59
   533   -61
   534   -60
   535   -60
   536   -61
   537   -60
   538   -62
   539   -59
   540   -62
   541   -59
   542   -62
   543   -59
   544   -62
   545   -59
   546   -62
   547   -59
   548   -61
   549   -60
   550   -61
   551   -61
   552   -60
   553   -61
   554   -60
   555   -62
   556   -59
   557   -62
   558   -59
   559   -62
   560   -59
   561   -62
   562   -59
   563   -62
   564   -59
   565   -61
   566   -60
   567   -61
   568   -61
   569   -60
   570   -61
   571   -59
   572   -62
   573   -59
   574   -62
   575   -59
   576   -62
   577   -59
   578   -62
   579   -59
   580   -62
   581   -60
   582   -62
   583   -60
   584   -61
   585   -61
   586   -60
   587   -62
   588   -60
   589   -62
   590   -59
   591   -62
   592   -59
   593   -62
   594   -59
   595   -62
   596   -59
   597   -62
   598   -60
   599   -61
   600   -61
   601   -61
   602   -61
   603   -60
   604   -62
   605   -59
   606   -62
   607   -59
   608   -62
   609   -59
   610   -62
   611   -59
   612   -62
   613   -60
   614   -61
   615   -60
   616   -61
   617   -61
   618   -60
   619   -62
   620   -59
   621   -62
   622   -59
   623   -62
   624   -59
   625   -63
   626   -59
   627   -62
   628   -59
   629   -62
   630   -60
   631   -61
   632   -60
   633   -61
   634   -61
   635   -60
   636   -61
   637   -59
   638   -62
   639   -59
   640   -62
   641   -59
   642   -63
   643   -59
   644   -62
   645   -60
   646   -62
   647   -60
   648   -62
   649   -60
   650   -61
   651   -61
   652   -60
   653   -62
   654   -59
   655   -62
   656   -59
   657   -62
   658   -59
   659   -62
   660   -59
   661   -62
   662   -60
   663   -62
   664   -60
   665   -61
   666   -61
   667   -61
   668   -61
   669   -60
   670   -62
   671   -60
   672   -62
   673   -59
   674   -62
   675   -60
   676   -62
   677   -60
   678   -61
   679   -60
   680   -61
   681   -61
   682   -61
   683   -61
   684   -60
   685   -62
   686   -60
   687   -62
   688   -59
   689   -62
   690   -59
   691   -62
   692   -59
   693   -62
   694   -60
   695   -62
   696   -60
   697   -61
   698   -61
   699   -61
   700   -61
   701   -60
   702   -62
   703   -59
   704   -62
   705   -59
   706   -63
   707   -59
   708   -62
   709   -60
   710   -62
   711   -60
   712   -62
   713   -60
   714   -61
   715   -61
   716   -60
   717   -61
   718   -60
   719   -62
   720   -59
   721   -62
   722   -59
   723   -62
   724   -60
   725   -62
   726   -59
   727   -62
   728   -60
   729   -62
   730   -61
   731   -61
   732   -61
   733   -60
   734   -62
   735   -60
   736   -62
   737   -59
   738   -62
   739   -59
   740   -63
   741   -59
   742   -62
   743   -59
   744   -62
   745   -60
   746   -61
   747   -61
   748   -60
   749   -61
   750   -60
   751   -62
   752   -59
   753   -62
   754   -59
   755   -63
   756   -59
   757   -63
   758   -59
   759   -62
   760   -60
   761   -62
   762   -60
   763   -61
   764   -61
   765   -61
   766   -61
   767   -60
   768   -62
   769   -60
   770   -62
   771   -59
   772   -62
   773   -59
   774   -62
   775   -60
   776   -62
   777   -60
   778   -62
   779   -60
   780   -61
   781   -61
   782   -60
   783   -61
   784   -60
   785   -62
   786   -60
   787   -62
   788   -60
   789   -62
   790   -59
   791   -62
   792   -60
   793   -62
   794   -60
   795   -61
   796   -61
   797   -61
   798   -61
   799   -60
   800   -61
   801   -60
   802   -62
   803   -60
   804   -62
   805   -59
   806   -62
   807   -60
   808   -62
   809   -60
   810   -62
   811   -60
   812   -61
   813   -61
   814   -60
   815   -61
   816   -60
   817   -62
   818   -59
   819   -62
   820   -59
   821   -62
   822   -59
   823   -63
   824   -59
   825   -62
   826   -60
   827   -62
   828   -60
   829   -61
   830   -61
   831   -61
   832   -62
   833   -60
   834   -61
   835   -59
   836   -62
   837   -59
   838   -62
   839   -59
   840   -62
   841   -59
   842   -62
   843   -60
   844   -61
   845   -60
   846   -61
   847   -61
   848   -60
   849   -62
   850   -60
   851   -62
   852   -60
   853   -62
   854   -59
   855   -62
   856   -59
   857   -62
   858   -60
   859   -62
   860   -60
   861   -61
   862   -61
   863   -61
   864   -61
   865   -60
   866   -61
   867   -60
   868   -62
   869   -59
   870   -62
   871   -59
   872   -62
   873   -59
   874   -62
   875   -60
   876   -61
   877   -60
   878   -61
   879   -61
   880   -60
   881   -61
   882   -60
   883   -62
   884   -60
   885   -62
   886   -59
   887   -63
   888   -59
   889   -62
   890   -59
   891   -62
   892   -60
   893   -62
   894   -60
   895   -61
   896   -61
   897   -61
   898   -61
   899   -60
   900   -62
   901   -60
   902   -62
   903   -60
   904   -62
   905   -60
   906   -62
   907   -60
   908   -62
   909   -60
   910   -61
   911   -61
   912   -61
   913   -61
   914   -60
   915   -62
   916   -60
   917   -62
   918   -60
   919   -62
   920   -60
   921   -62
   922   -60
   923   -62
   924   -60
   925   -61
   926   -60
   927   -61
   928   -61
   929   -60
   930   -61
   931   -60
   932   -62
   933   -60
   934   -62
   935   -59
   936   -62
   937   -60
   938   -62
   939   -59
   940   -62
   941   -60
   942   -61
   943   -61
   944   -61
   945   -61
   946   -60
   947   -62
   948   -60
   949   -62
   950   -60
   951   -62
   952   -59
   953   -62
   954   -59
   955   -62
   956   -59
   957   -62
   958   -60
   959   -61
   960   -60
   961   -61
   962   -61
   963   -60
   964   -62
   965   -60
   966   -62
   967   -59
   968   -62
   969   -59
   970   -62
   971   -60
   972   -62
   973   -60
   974   -62
   975   -60
   976   -61
   977   -61
   978   -60
   979   -61
   980   -60
   981   -62
   982   -59
   983   -62
   984   -60
   985   -62
   986   -59
   987   -62
   988   -60
   989   -62
   990   -60
   991   -61
   992   -60
   993   -61
   994   -61
   995   -60
   996   -61
   997   -60
   998   -62
   999   -60
