   0   0
   1   -60
   2   -62
   3   -60
   4   -62
   5   -60
   6   -62
   7   -60
   8   -62
   9   -60
   10   -62
   11   -61
   12   -61
   13   -61
   14   -61
   15   -61
   16   -60
   17   -62
   18   -61
   19   -62
   20   -60
   21   -62
   22   -60
   23   -62
   24   -60
   25   -62
   26   -60
   27   -62
   28   -60
   29   -62
   30   -61
   31   -61
   32   -61
   33   -61
   34   -62
   35   -60
   36   -62
   37   -60
   38   -62
   39   -60
   40   -62
   41   -60
   42   -62
   43   -60
   44   -62
   45   -61
   46   -61
   47   -61
   48   -61
   49   -61
   50   -61
   51   -62
   52   -61
   53   -62
   54   -60
   55   -62
   56   -60
   57   -62
   58   -61
   59   -62
   60   -61
   61   -61
   62   -61
   63   -61
   64   -61
   65   -61
   66   -62
   67   -61
   68   -62
   69   -60
   70   -62
   71   -60
   72   -62
   73   -60
   74   -62
   75   -60
   76   -62
   77   -61
   78   -62
   79   -61
   80   -61
   81   -61
   82   -61
   83   -61
   84   -61
   85   -62
   86   -60
   87   -62
   88   -60
   89   -62
   90   -60
   91   -62
   92   -61
   93   -62
   94   -61
   95   -61
   96   -61
   97   -61
   98   -61
   99   -61
   100   -62
   101   -60
   102   -62
   103   -60
   104   -62
   105   -60
   106   -62
   107   -60
   108   -62
   109   -60
   110   -62
   111   -61
   112   -61
   113   -61
   114   -61
   115   -61
   116   -61
   117   -61
   118   -60
   119   -62
   120   -61
   121   -62
   122   -60
   123   -62
   124   -61
   125   -62
   126   -61
   127   -61
   128   -61
   129   -61
   130   -61
   131   -61
   132   -61
   133   -61
   134   -62
   135   -60
   136   -62
   137   -60
   138   -62
   139   -60
   140   -62
   141   -60
   142   -62
   143   -61
   144   -61
   145   -61
   146   -61
   147   -61
   148   -61
   149   -62
   150   -61
   151   -62
   152   -60
   153   -62
   154   -60
   155   -62
   156   -61
   157   -62
   158   -60
   159   -62
   160   -61
   161   -62
   162   -61
   163   -61
   164   -62
   165   -61
   166   -61
   167   -60
   168   -62
   169   -60
   170   -62
   171   -61
   172   -62
   173   -60
   174   -62
   175   -60
   176   -62
   177   -61
   178   -61
   179   -61
   180   -61
   181   -61
   182   -60
   183   -61
   184   -60
   185   -62
   186   -61
   187   -62
   188   -60
   189   -61
   190   -61
   191   -62
   192   -61
   193   -62
   194   -60
   195   -61
   196   -61
   197   -61
   198   -62
   199   -60
   200   -62
   201   -57
   202   -24
   203   32
   204   46
   205   49
   206   43
   207   44
   208   42
   209   45
   210   45
   211   48
   212   47
   213   48
   214   48
   215   49
   216   49
   217   49
   218   50
   219   49
   220   51
   221   49
   222   51
   223   51
   224   52
   225   50
   226   51
   227   51
   228   51
   229   51
   230   51
   231   52
   232   50
   233   52
   234   51
   235   52
   236   51
   237   52
   238   51
   239   53
   240   51
   241   52
   242   51
   243   51
   244   51
   245   51
   246   52
   247   51
   248   52
   249   51
   250   52
   251   51
   252   52
   253   51
   254   52
   255   50
   256   52
   257   51
   258   52
   259   50
   260   51
   261   51
   262   51
   263   51
   264   51
   265   51
   266   50
   267   51
   268   50
   269   51
   270   50
   271   51
   272   50
   273   51
   274   50
   275   51
   276   50
   277   50
   278   50
   279   50
   280   50
   281   50
   282   50
   283   49
   284   50
   285   49
   286   50
   287   49
   288   50
   289   49
   290   49
   291   48
   292   49
   293   49
   294   50
   295   50
   296   49
   297   49
   298   48
   299   49
   300   48
   301   49
   302   48
   303   49
   304   48
   305   49
   306   48
   307   49
   308   48
   309   48
   310   48
   311   48
   312   48
   313   47
   314   48
   315   48
   316   49
   317   47
   318   48
   319   47
   320   48
   321   47
   322   48
   323   47
   324   48
   325   47
   326   47
   327   47
   328   47
   329   47
   330   46
   331   47
   332   46
   333   47
   334   46
   335   47
   336   45
   337   47
   338   45
   339   47
   340   45
   341   46
   342   46
   343   46
   344   46
   345   46
   346   46
   347   45
   348   46
   349   44
   350   46
   351   44
   352   46
   353   45
   354   46
   355   44
   356   45
   357   44
   358   45
   359   44
   360   44
   361   45
   362   44
   363   45
   364   44
   365   45
   366   43
   367   45
   368   43
   369   45
   370   43
   371   45
   372   43
   373   44
   374   43
   375   44
   376   43
   377   44
   378   43
   379   43
   380   44
   381   43
   382   43
   383   42
   384   44
   385   42
   386   43
   387   41
   388   43
   389   42
   390   42
   391   41
   392   40
   393   40
   394   39
   395   38
   396   36
   397   36
   398   33
   399   33
   400   29
   401   28
   402   25
   403   23
   404   19
   405   18
   406   13
   407   11
   408   7
   409   4
   410   1
   411   -3
   412   -6
   413   -11
   414   -13
   415   -17
   416   -19
   417   -24
   418   -26
   419   -30
   420   -32
   421   -36
   422   -38
   423   -41
   424   -43
   425   -45
   426   -47
   427   -48
   428   -50
   429   -51
   430   -53
   431   -53
   432   -55
   433   -55
   434   -57
   435   -57
   436   -59
   437   -58
   438   -59
   439   -58
   440   -59
   441   -59
   442   -59
   443   -60
   444   -59
   445   -60
   446   -59
   447   -60
   448   -59
   449   -61
   450   -59
   451   -61
   452   -59
   453   -61
   454   -59
   455   -60
   456   -60
   457   -60
   458   -60
   459   -60
   460   -60
   461   -60
   462   -60
   463   -60
   464   -61
   465   -59
   466   -61
   467   -59
   468   -61
   469   -60
   470   -61
   471   -60
   472   -60
   473   -60
   474   -60
   475   -60
   476   -60
   477   -61
   478   -60
   479   -61
   480   -60
   481   -61
   482   -59
   483   -61
   484   -60
   485   -61
   486   -60
   487   -61
   488   -60
   489   -61
   490   -60
   491   -61
   492   -60
   493   -60
   494   -61
   495   -60
   496   -61
   497   -60
   498   -61
   499   -60
   500   -61
   501   -60
   502   -61
   503   -60
   504   -61
   505   -60
   506   -61
   507   -60
   508   -60
   509   -61
   510   -60
   511   -61
   512   -60
   513   -61
   514   -60
   515   -61
   516   -60
   517   -61
   518   -60
   519   -61
   520   -60
   521   -61
   522   -60
   523   -61
   524   -61
   525   -61
   526   -61
   527   -61
   528   -61
   529   -60
   530   -61
   531   -60
   532   -61
   533   -60
   534   -61
   535   -60
   536   -61
   537   -60
   538   -61
   539   -60
   540   -61
   541   -61
   542   -61
   543   -61
   544   -60
   545   -61
   546   -60
   547   -61
   548   -60
   549   -61
   550   -60
   551   -61
   552   -60
   553   -61
   554   -60
   555   -61
   556   -61
   557   -61
   558   -61
   559   -60
   560   -61
   561   -60
   562   -61
   563   -60
   564   -61
   565   -60
   566   -61
   567   -60
   568   -61
   569   -60
   570   -61
   571   -60
   572   -61
   573   -61
   574   -61
   575   -61
   576   -60
   577   -61
   578   -60
   579   -61
   580   -60
   581   -61
   582   -60
   583   -61
   584   -60
   585   -62
   586   -60
   587   -61
   588   -60
   589   -61
   590   -60
   591   -60
   592   -61
   593   -61
   594   -61
   595   -61
   596   -62
   597   -60
   598   -61
   599   -60
   600   -61
   601   -60
   602   -61
   603   -60
   604   -61
   605   -60
   606   -61
   607   -61
   608   -61
   609   -61
   610   -60
   611   -61
   612   -60
   613   -61
   614   -60
   615   -61
   616   -60
   617   -62
   618   -61
   619   -61
   620   -60
   621   -61
   622   -60
   623   -61
   624   -61
   625   -61
   626   -61
   627   -61
   628   -61
   629   -60
   630   -61
   631   -60
   632   -61
   633   -60
   634   -61
   635   -60
   636   -61
   637   -60
   638   -61
   639   -61
   640   -61
   641   -61
   642   -60
   643   -61
   644   -61
   645   -61
   646   -60
   647   -61
   648   -60
   649   -61
   650   -60
   651   -62
   652   -61
   653   -61
   654   -60
   655   -61
   656   -61
   657   -61
   658   -61
   659   -60
   660   -61
   661   -60
   662   -61
   663   -60
   664   -61
   665   -60
   666   -61
   667   -61
   668   -61
   669   -61
   670   -61
   671   -61
   672   -61
   673   -61
   674   -61
   675   -61
   676   -60
   677   -61
   678   -60
   679   -62
   680   -60
   681   -62
   682   -60
   683   -61
   684   -60
   685   -62
   686   -61
   687   -61
   688   -60
   689   -61
   690   -61
   691   -61
   692   -61
   693   -61
   694   -61
   695   -61
   696   -61
   697   -60
   698   -62
   699   -60
   700   -61
   701   -60
   702   -61
   703   -60
   704   -61
   705   -61
   706   -61
   707   -61
   708   -61
   709   -61
   710   -61
   711   -62
   712   -60
   713   -61
   714   -60
   715   -61
   716   -60
   717   -62
   718   -61
   719   -61
   720   -61
   721   -61
   722   -61
   723   -61
   724   -61
   725   -60
   726   -61
   727   -61
   728   -61
   729   -60
   730   -61
   731   -60
   732   -61
   733   -60
   734   -62
   735   -60
   736   -61
   737   -61
   738   -61
   739   -61
   740   -61
   741   -61
   742   -61
   743   -61
   744   -60
   745   -61
   746   -60
   747   -62
   748   -60
   749   -61
   750   -60
   751   -61
   752   -61
   753   -61
   754   -61
   755   -61
   756   -61
   757   -60
   758   -61
   759   -61
   760   -62
   761   -60
   762   -62
   763   -60
   764   -61
   765   -60
   766   -61
   767   -60
   768   -61
   769   -61
   770   -61
   771   -61
   772   -61
   773   -61
   774   -61
   775   -61
   776   -60
   777   -61
   778   -60
   779   -62
   780   -61
   781   -62
   782   -60
   783   -61
   784   -60
   785   -61
   786   -61
   787   -61
   788   -61
   789   -61
   790   -61
   791   -60
   792   -61
   793   -60
   794   -61
   795   -60
   796   -62
   797   -60
   798   -61
   799   -60
   800   -62
   801   -61
   802   -61
   803   -61
   804   -61
   805   -61
   806   -61
   807   -61
   808   -60
   809   -61
   810   -60
   811   -62
   812   -60
   813   -61
   814   -60
   815   -61
   816   -61
   817   -61
   818   -60
   819   -61
   820   -61
   821   -61
   822   -61
   823   -61
   824   -61
   825   -61
   826   -61
   827   -60
   828   -62
   829   -60
   830   -61
   831   -60
   832   -61
   833   -60
   834   -61
   835   -61
   836   -61
   837   -61
   838   -61
   839   -61
   840   -60
   841   -61
   842   -60
   843   -61
   844   -60
   845   -62
   846   -60
   847   -62
   848   -60
   849   -61
   850   -60
   851   -61
   852   -61
   853   -61
   854   -61
   855   -61
   856   -61
   857   -61
   858   -61
   859   -61
   860   -61
   861   -60
   862   -62
   863   -61
   864   -62
   865   -61
   866   -61
   867   -60
   868   -61
   869   -61
   870   -61
   871   -61
   872   -61
   873   -61
   874   -61
   875   -61
   876   -60
   877   -61
   878   -60
   879   -61
   880   -60
   881   -61
   882   -60
   883   -61
   884   -61
   885   -61
   886   -61
   887   -61
   888   -61
   889   -61
   890   -61
   891   -61
   892   -62
   893   -60
   894   -61
   895   -60
   896   -61
   897   -60
   898   -61
   899   -60
   900   -61
   901   -60
   902   -61
   903   -61
   904   -61
   905   -61
   906   -61
   907   -61
   908   -61
   909   -62
   910   -60
   911   -61
   912   -60
   913   -62
   914   -60
   915   -61
   916   -61
   917   -61
   918   -61
   919   -61
   920   -61
   921   -61
   922   -61
   923   -61
   924   -61
   925   -61
   926   -61
   927   -60
   928   -61
   929   -60
   930   -61
   931   -61
   932   -61
   933   -61
   934   -61
   935   -61
   936   -61
   937   -61
   938   -61
   939   -61
   940   -61
   941   -61
   942   -60
   943   -61
   944   -61
   945   -62
   946   -60
   947   -61
   948   -60
   949   -61
   950   -61
   951   -61
   952   -61
   953   -61
   954   -61
   955   -61
   956   -61
   957   -60
   958   -61
   959   -60
   960   -61
   961   -60
   962   -61
   963   -60
   964   -61
   965   -61
   966   -61
   967   -61
   968   -61
   969   -61
   970   -61
   971   -61
   972   -60
   973   -61
   974   -60
   975   -62
   976   -60
   977   -61
   978   -60
   979   -62
   980   -61
   981   -61
   982   -60
   983   -61
   984   -61
   985   -61
   986   -61
   987   -61
   988   -61
   989   -61
   990   -61
   991   -60
   992   -61
   993   -60
   994   -61
   995   -60
   996   -61
   997   -60
   998   -62
   999   -61
