   0   0
   1   -61
   2   -61
   3   -61
   4   -61
   5   -62
   6   -61
   7   -62
   8   -61
   9   -62
   10   -61
   11   -61
   12   -61
   13   -61
   14   -61
   15   -61
   16   -61
   17   -61
   18   -62
   19   -61
   20   -62
   21   -61
   22   -62
   23   -60
   24   -62
   25   -61
   26   -62
   27   -61
   28   -62
   29   -61
   30   -61
   31   -61
   32   -61
   33   -62
   34   -61
   35   -62
   36   -60
   37   -62
   38   -61
   39   -62
   40   -60
   41   -62
   42   -61
   43   -62
   44   -61
   45   -62
   46   -61
   47   -61
   48   -61
   49   -61
   50   -61
   51   -61
   52   -61
   53   -61
   54   -62
   55   -61
   56   -62
   57   -61
   58   -62
   59   -61
   60   -62
   61   -61
   62   -62
   63   -61
   64   -61
   65   -61
   66   -61
   67   -62
   68   -61
   69   -62
   70   -61
   71   -62
   72   -61
   73   -62
   74   -61
   75   -62
   76   -61
   77   -61
   78   -61
   79   -61
   80   -61
   81   -61
   82   -61
   83   -61
   84   -62
   85   -61
   86   -62
   87   -60
   88   -62
   89   -61
   90   -62
   91   -60
   92   -62
   93   -60
   94   -62
   95   -61
   96   -61
   97   -61
   98   -61
   99   -61
   100   -61
   101   -62
   102   -61
   103   -62
   104   -61
   105   -62
   106   -61
   107   -62
   108   -61
   109   -62
   110   -61
   111   -62
   112   -61
   113   -61
   114   -61
   115   -61
   116   -61
   117   -61
   118   -62
   119   -61
   120   -62
   121   -61
   122   -62
   123   -61
   124   -61
   125   -61
   126   -62
   127   -61
   128   -61
   129   -61
   130   -61
   131   -62
   132   -61
   133   -62
   134   -61
   135   -62
   136   -61
   137   -62
   138   -61
   139   -62
   140   -60
   141   -61
   142   -61
   143   -61
   144   -61
   145   -61
   146   -61
   147   -61
   148   -62
   149   -61
   150   -62
   151   -60
   152   -62
   153   -60
   154   -62
   155   -60
   156   -62
   157   -61
   158   -62
   159   -61
   160   -61
   161   -61
   162   -61
   163   -61
   164   -61
   165   -62
   166   -61
   167   -62
   168   -60
   169   -62
   170   -61
   171   -62
   172   -60
   173   -62
   174   -61
   175   -62
   176   -61
   177   -62
   178   -61
   179   -61
   180   -61
   181   -61
   182   -61
   183   -61
   184   -62
   185   -60
   186   -62
   187   -60
   188   -62
   189   -61
   190   -62
   191   -61
   192   -61
   193   -61
   194   -61
   195   -61
   196   -61
   197   -61
   198   -61
   199   -62
   200   -61
   201   -60
   202   -28
   203   15
   204   25
   205   22
   206   19
   207   17
   208   17
   209   19
   210   20
   211   22
   212   21
   213   23
   214   21
   215   24
   216   22
   217   24
   218   22
   219   25
   220   23
   221   25
   222   24
   223   26
   224   24
   225   25
   226   24
   227   25
   228   25
   229   25
   230   26
   231   25
   232   26
   233   25
   234   26
   235   25
   236   26
   237   24
   238   26
   239   25
   240   27
   241   26
   242   26
   243   25
   244   25
   245   25
   246   25
   247   26
   248   25
   249   26
   250   25
   251   26
   252   25
   253   26
   254   25
   255   26
   256   25
   257   26
   258   25
   259   25
   260   25
   261   25
   262   25
   263   25
   264   26
   265   24
   266   26
   267   24
   268   26
   269   24
   270   26
   271   24
   272   25
   273   24
   274   25
   275   25
   276   25
   277   25
   278   24
   279   25
   280   24
   281   25
   282   24
   283   25
   284   23
   285   25
   286   23
   287   25
   288   23
   289   25
   290   23
   291   24
   292   24
   293   24
   294   24
   295   24
   296   24
   297   23
   298   24
   299   23
   300   24
   301   23
   302   24
   303   23
   304   24
   305   23
   306   24
   307   23
   308   23
   309   23
   310   23
   311   24
   312   23
   313   24
   314   22
   315   24
   316   22
   317   24
   318   22
   319   24
   320   22
   321   23
   322   22
   323   23
   324   22
   325   23
   326   23
   327   22
   328   23
   329   22
   330   23
   331   22
   332   23
   333   22
   334   23
   335   21
   336   23
   337   21
   338   23
   339   22
   340   22
   341   22
   342   22
   343   22
   344   21
   345   22
   346   21
   347   22
   348   21
   349   22
   350   20
   351   22
   352   21
   353   22
   354   21
   355   21
   356   20
   357   21
   358   21
   359   21
   360   21
   361   20
   362   21
   363   20
   364   21
   365   20
   366   21
   367   20
   368   21
   369   20
   370   21
   371   20
   372   20
   373   20
   374   20
   375   20
   376   20
   377   21
   378   19
   379   20
   380   19
   381   20
   382   19
   383   20
   384   19
   385   20
   386   19
   387   20
   388   19
   389   19
   390   19
   391   19
   392   19
   393   18
   394   19
   395   18
   396   20
   397   18
   398   19
   399   17
   400   18
   401   16
   402   17
   403   15
   404   16
   405   14
   406   14
   407   13
   408   11
   409   10
   410   9
   411   8
   412   5
   413   5
   414   1
   415   1
   416   -2
   417   -3
   418   -6
   419   -7
   420   -11
   421   -12
   422   -15
   423   -17
   424   -19
   425   -21
   426   -23
   427   -26
   428   -27
   429   -31
   430   -31
   431   -35
   432   -36
   433   -39
   434   -39
   435   -42
   436   -43
   437   -45
   438   -46
   439   -48
   440   -49
   441   -50
   442   -52
   443   -52
   444   -54
   445   -53
   446   -56
   447   -55
   448   -57
   449   -56
   450   -58
   451   -57
   452   -59
   453   -58
   454   -59
   455   -59
   456   -59
   457   -60
   458   -59
   459   -60
   460   -59
   461   -61
   462   -59
   463   -61
   464   -59
   465   -61
   466   -59
   467   -61
   468   -59
   469   -61
   470   -60
   471   -60
   472   -60
   473   -60
   474   -61
   475   -60
   476   -61
   477   -60
   478   -61
   479   -60
   480   -61
   481   -59
   482   -61
   483   -60
   484   -61
   485   -60
   486   -61
   487   -60
   488   -61
   489   -60
   490   -61
   491   -61
   492   -60
   493   -61
   494   -60
   495   -61
   496   -60
   497   -61
   498   -60
   499   -61
   500   -60
   501   -61
   502   -60
   503   -61
   504   -61
   505   -61
   506   -61
   507   -60
   508   -61
   509   -60
   510   -61
   511   -60
   512   -62
   513   -60
   514   -61
   515   -60
   516   -61
   517   -60
   518   -61
   519   -60
   520   -61
   521   -60
   522   -61
   523   -61
   524   -60
   525   -61
   526   -60
   527   -61
   528   -60
   529   -62
   530   -60
   531   -62
   532   -60
   533   -61
   534   -60
   535   -61
   536   -60
   537   -61
   538   -61
   539   -61
   540   -61
   541   -60
   542   -61
   543   -60
   544   -61
   545   -60
   546   -62
   547   -60
   548   -62
   549   -60
   550   -61
   551   -60
   552   -61
   553   -61
   554   -61
   555   -61
   556   -61
   557   -61
   558   -60
   559   -62
   560   -60
   561   -61
   562   -60
   563   -62
   564   -60
   565   -61
   566   -60
   567   -61
   568   -60
   569   -61
   570   -61
   571   -61
   572   -61
   573   -60
   574   -61
   575   -60
   576   -62
   577   -60
   578   -62
   579   -60
   580   -62
   581   -60
   582   -62
   583   -60
   584   -61
   585   -61
   586   -61
   587   -61
   588   -61
   589   -61
   590   -60
   591   -61
   592   -60
   593   -62
   594   -60
   595   -62
   596   -60
   597   -62
   598   -60
   599   -61
   600   -61
   601   -61
   602   -61
   603   -61
   604   -61
   605   -61
   606   -61
   607   -60
   608   -62
   609   -60
   610   -62
   611   -60
   612   -62
   613   -60
   614   -62
   615   -60
   616   -61
   617   -61
   618   -61
   619   -61
   620   -61
   621   -61
   622   -60
   623   -61
   624   -60
   625   -62
   626   -60
   627   -62
   628   -60
   629   -62
   630   -60
   631   -62
   632   -60
   633   -61
   634   -61
   635   -61
   636   -61
   637   -61
   638   -61
   639   -61
   640   -62
   641   -60
   642   -61
   643   -60
   644   -62
   645   -60
   646   -62
   647   -60
   648   -62
   649   -60
   650   -61
   651   -60
   652   -61
   653   -61
   654   -61
   655   -61
   656   -60
   657   -62
   658   -60
   659   -62
   660   -60
   661   -62
   662   -60
   663   -62
   664   -60
   665   -62
   666   -60
   667   -61
   668   -61
   669   -61
   670   -61
   671   -61
   672   -61
   673   -60
   674   -62
   675   -60
   676   -62
   677   -60
   678   -62
   679   -60
   680   -62
   681   -60
   682   -61
   683   -61
   684   -61
   685   -61
   686   -61
   687   -61
   688   -61
   689   -62
   690   -60
   691   -62
   692   -60
   693   -62
   694   -60
   695   -62
   696   -60
   697   -62
   698   -60
   699   -61
   700   -61
   701   -61
   702   -61
   703   -61
   704   -61
   705   -60
   706   -62
   707   -60
   708   -62
   709   -60
   710   -62
   711   -60
   712   -62
   713   -60
   714   -61
   715   -60
   716   -61
   717   -61
   718   -61
   719   -61
   720   -60
   721   -61
   722   -61
   723   -62
   724   -60
   725   -62
   726   -60
   727   -62
   728   -60
   729   -62
   730   -60
   731   -61
   732   -61
   733   -61
   734   -61
   735   -61
   736   -61
   737   -61
   738   -61
   739   -60
   740   -62
   741   -60
   742   -62
   743   -60
   744   -62
   745   -60
   746   -62
   747   -60
   748   -61
   749   -61
   750   -61
   751   -61
   752   -61
   753   -62
   754   -61
   755   -62
   756   -60
   757   -62
   758   -60
   759   -62
   760   -60
   761   -62
   762   -60
   763   -62
   764   -61
   765   -61
   766   -61
   767   -61
   768   -61
   769   -61
   770   -61
   771   -60
   772   -62
   773   -60
   774   -62
   775   -60
   776   -62
   777   -60
   778   -62
   779   -60
   780   -61
   781   -61
   782   -61
   783   -61
   784   -61
   785   -61
   786   -61
   787   -62
   788   -60
   789   -62
   790   -60
   791   -62
   792   -60
   793   -61
   794   -60
   795   -62
   796   -61
   797   -61
   798   -61
   799   -61
   800   -61
   801   -61
   802   -61
   803   -60
   804   -62
   805   -60
   806   -62
   807   -60
   808   -62
   809   -60
   810   -61
   811   -60
   812   -62
   813   -61
   814   -61
   815   -61
   816   -61
   817   -61
   818   -60
   819   -61
   820   -60
   821   -62
   822   -60
   823   -62
   824   -60
   825   -62
   826   -60
   827   -61
   828   -60
   829   -61
   830   -61
   831   -61
   832   -61
   833   -61
   834   -61
   835   -60
   836   -62
   837   -60
   838   -62
   839   -60
   840   -62
   841   -60
   842   -62
   843   -60
   844   -61
   845   -61
   846   -62
   847   -61
   848   -61
   849   -61
   850   -61
   851   -61
   852   -60
   853   -62
   854   -60
   855   -62
   856   -60
   857   -62
   858   -60
   859   -62
   860   -60
   861   -61
   862   -60
   863   -61
   864   -61
   865   -61
   866   -61
   867   -61
   868   -61
   869   -60
   870   -62
   871   -60
   872   -62
   873   -60
   874   -62
   875   -60
   876   -61
   877   -60
   878   -61
   879   -61
   880   -61
   881   -61
   882   -61
   883   -61
   884   -60
   885   -62
   886   -60
   887   -62
   888   -60
   889   -62
   890   -60
   891   -62
   892   -60
   893   -62
   894   -60
   895   -61
   896   -61
   897   -61
   898   -61
   899   -60
   900   -61
   901   -60
   902   -62
   903   -60
   904   -62
   905   -60
   906   -62
   907   -60
   908   -62
   909   -60
   910   -62
   911   -61
   912   -61
   913   -61
   914   -61
   915   -61
   916   -61
   917   -62
   918   -61
   919   -62
   920   -60
   921   -62
   922   -60
   923   -62
   924   -60
   925   -62
   926   -60
   927   -61
   928   -61
   929   -61
   930   -61
   931   -61
   932   -61
   933   -61
   934   -61
   935   -60
   936   -62
   937   -60
   938   -62
   939   -60
   940   -62
   941   -60
   942   -61
   943   -60
   944   -61
   945   -61
   946   -61
   947   -61
   948   -60
   949   -61
   950   -61
   951   -62
   952   -60
   953   -62
   954   -60
   955   -62
   956   -60
   957   -62
   958   -60
   959   -62
   960   -61
   961   -61
   962   -61
   963   -61
   964   -61
   965   -60
   966   -61
   967   -60
   968   -62
   969   -60
   970   -62
   971   -60
   972   -62
   973   -60
   974   -62
   975   -60
   976   -61
   977   -61
   978   -61
   979   -61
   980   -61
   981   -61
   982   -60
   983   -61
   984   -60
   985   -62
   986   -60
   987   -62
   988   -60
   989   -62
   990   -60
   991   -62
   992   -61
   993   -61
   994   -61
   995   -61
   996   -61
   997   -61
   998   -61
   999   -60
