   0   0
   1   -61
   2   -62
   3   -61
   4   -62
   5   -61
   6   -62
   7   -61
   8   -62
   9   -61
   10   -62
   11   -61
   12   -61
   13   -61
   14   -61
   15   -61
   16   -61
   17   -62
   18   -61
   19   -62
   20   -61
   21   -62
   22   -61
   23   -62
   24   -61
   25   -62
   26   -61
   27   -61
   28   -61
   29   -62
   30   -61
   31   -61
   32   -61
   33   -61
   34   -62
   35   -61
   36   -61
   37   -61
   38   -61
   39   -61
   40   -61
   41   -61
   42   -61
   43   -61
   44   -61
   45   -61
   46   -61
   47   -62
   48   -61
   49   -62
   50   -61
   51   -62
   52   -61
   53   -62
   54   -61
   55   -62
   56   -61
   57   -61
   58   -61
   59   -61
   60   -61
   61   -61
   62   -61
   63   -61
   64   -61
   65   -61
   66   -62
   67   -61
   68   -62
   69   -61
   70   -62
   71   -61
   72   -62
   73   -61
   74   -61
   75   -61
   76   -62
   77   -61
   78   -62
   79   -61
   80   -61
   81   -61
   82   -61
   83   -62
   84   -61
   85   -62
   86   -61
   87   -61
   88   -61
   89   -62
   90   -61
   91   -61
   92   -61
   93   -61
   94   -61
   95   -61
   96   -61
   97   -62
   98   -61
   99   -61
   100   -61
   101   -61
   102   -61
   103   -61
   104   -61
   105   -61
   106   -61
   107   -61
   108   -61
   109   -61
   110   -61
   111   -61
   112   -61
   113   -61
   114   -61
   115   -62
   116   -61
   117   -62
   118   -61
   119   -61
   120   -61
   121   -62
   122   -61
   123   -61
   124   -61
   125   -61
   126   -61
   127   -61
   128   -61
   129   -61
   130   -62
   131   -61
   132   -61
   133   -61
   134   -62
   135   -61
   136   -62
   137   -61
   138   -62
   139   -61
   140   -62
   141   -61
   142   -62
   143   -61
   144   -62
   145   -61
   146   -61
   147   -61
   148   -61
   149   -61
   150   -61
   151   -62
   152   -61
   153   -61
   154   -61
   155   -61
   156   -61
   157   -62
   158   -61
   159   -61
   160   -61
   161   -61
   162   -61
   163   -61
   164   -62
   165   -61
   166   -61
   167   -61
   168   -61
   169   -61
   170   -61
   171   -61
   172   -61
   173   -61
   174   -61
   175   -61
   176   -61
   177   -61
   178   -61
   179   -62
   180   -61
   181   -62
   182   -61
   183   -62
   184   -61
   185   -62
   186   -61
   187   -62
   188   -60
   189   -62
   190   -61
   191   -62
   192   -61
   193   -62
   194   -60
   195   -61
   196   -62
   197   -61
   198   -61
   199   -61
   200   -63
   201   -60
   202   -35
   203   24
   204   56
   205   63
   206   58
   207   54
   208   51
   209   52
   210   52
   211   53
   212   52
   213   52
   214   52
   215   52
   216   52
   217   52
   218   52
   219   52
   220   52
   221   51
   222   52
   223   52
   224   52
   225   51
   226   52
   227   52
   228   52
   229   52
   230   51
   231   52
   232   51
   233   51
   234   51
   235   51
   236   51
   237   51
   238   51
   239   52
   240   52
   241   51
   242   51
   243   50
   244   51
   245   51
   246   51
   247   50
   248   51
   249   50
   250   51
   251   50
   252   51
   253   50
   254   51
   255   50
   256   51
   257   50
   258   50
   259   50
   260   50
   261   50
   262   50
   263   50
   264   50
   265   50
   266   50
   267   51
   268   50
   269   50
   270   49
   271   50
   272   49
   273   50
   274   50
   275   50
   276   49
   277   49
   278   49
   279   49
   280   50
   281   49
   282   49
   283   49
   284   49
   285   49
   286   49
   287   49
   288   49
   289   49
   290   48
   291   49
   292   48
   293   49
   294   49
   295   49
   296   48
   297   49
   298   48
   299   49
   300   48
   301   49
   302   48
   303   49
   304   48
   305   49
   306   48
   307   48
   308   48
   309   48
   310   48
   311   48
   312   48
   313   47
   314   48
   315   47
   316   48
   317   47
   318   48
   319   47
   320   48
   321   47
   322   47
   323   47
   324   48
   325   47
   326   48
   327   47
   328   47
   329   47
   330   47
   331   47
   332   47
   333   47
   334   46
   335   47
   336   46
   337   47
   338   46
   339   47
   340   46
   341   46
   342   46
   343   46
   344   46
   345   46
   346   46
   347   46
   348   46
   349   46
   350   46
   351   46
   352   46
   353   46
   354   46
   355   46
   356   45
   357   45
   358   45
   359   46
   360   45
   361   45
   362   45
   363   45
   364   44
   365   45
   366   45
   367   45
   368   45
   369   45
   370   44
   371   45
   372   44
   373   44
   374   44
   375   44
   376   45
   377   44
   378   44
   379   44
   380   44
   381   43
   382   44
   383   43
   384   44
   385   43
   386   44
   387   43
   388   43
   389   43
   390   43
   391   43
   392   43
   393   42
   394   42
   395   42
   396   42
   397   41
   398   40
   399   39
   400   37
   401   35
   402   32
   403   30
   404   25
   405   20
   406   15
   407   9
   408   3
   409   -4
   410   -11
   411   -18
   412   -24
   413   -30
   414   -36
   415   -41
   416   -45
   417   -48
   418   -51
   419   -53
   420   -54
   421   -56
   422   -57
   423   -58
   424   -58
   425   -59
   426   -59
   427   -59
   428   -59
   429   -59
   430   -60
   431   -60
   432   -60
   433   -59
   434   -60
   435   -60
   436   -60
   437   -60
   438   -60
   439   -60
   440   -60
   441   -60
   442   -60
   443   -60
   444   -60
   445   -60
   446   -60
   447   -60
   448   -60
   449   -60
   450   -60
   451   -60
   452   -60
   453   -60
   454   -60
   455   -60
   456   -60
   457   -60
   458   -60
   459   -61
   460   -60
   461   -60
   462   -60
   463   -60
   464   -60
   465   -60
   466   -60
   467   -60
   468   -60
   469   -60
   470   -60
   471   -60
   472   -60
   473   -60
   474   -60
   475   -60
   476   -60
   477   -60
   478   -60
   479   -60
   480   -60
   481   -60
   482   -60
   483   -60
   484   -60
   485   -60
   486   -61
   487   -60
   488   -60
   489   -60
   490   -61
   491   -60
   492   -61
   493   -60
   494   -61
   495   -60
   496   -60
   497   -60
   498   -61
   499   -60
   500   -61
   501   -60
   502   -61
   503   -60
   504   -61
   505   -61
   506   -60
   507   -61
   508   -60
   509   -61
   510   -60
   511   -61
   512   -61
   513   -61
   514   -61
   515   -61
   516   -61
   517   -61
   518   -60
   519   -61
   520   -61
   521   -61
   522   -61
   523   -61
   524   -61
   525   -61
   526   -61
   527   -61
   528   -61
   529   -61
   530   -61
   531   -61
   532   -61
   533   -61
   534   -61
   535   -61
   536   -61
   537   -61
   538   -61
   539   -61
   540   -61
   541   -61
   542   -60
   543   -61
   544   -61
   545   -61
   546   -61
   547   -61
   548   -61
   549   -61
   550   -61
   551   -61
   552   -60
   553   -61
   554   -61
   555   -61
   556   -61
   557   -61
   558   -61
   559   -61
   560   -61
   561   -61
   562   -61
   563   -61
   564   -61
   565   -61
   566   -61
   567   -60
   568   -61
   569   -61
   570   -61
   571   -61
   572   -61
   573   -61
   574   -61
   575   -61
   576   -61
   577   -61
   578   -61
   579   -61
   580   -61
   581   -61
   582   -61
   583   -61
   584   -61
   585   -61
   586   -61
   587   -61
   588   -61
   589   -61
   590   -61
   591   -61
   592   -61
   593   -61
   594   -61
   595   -61
   596   -61
   597   -61
   598   -61
   599   -61
   600   -61
   601   -61
   602   -61
   603   -61
   604   -61
   605   -61
   606   -61
   607   -61
   608   -61
   609   -61
   610   -61
   611   -61
   612   -61
   613   -61
   614   -61
   615   -61
   616   -61
   617   -61
   618   -61
   619   -61
   620   -61
   621   -61
   622   -61
   623   -61
   624   -61
   625   -60
   626   -61
   627   -61
   628   -61
   629   -61
   630   -61
   631   -61
   632   -61
   633   -61
   634   -61
   635   -61
   636   -61
   637   -61
   638   -61
   639   -61
   640   -61
   641   -61
   642   -61
   643   -61
   644   -61
   645   -61
   646   -61
   647   -61
   648   -61
   649   -61
   650   -61
   651   -61
   652   -61
   653   -61
   654   -61
   655   -61
   656   -61
   657   -61
   658   -61
   659   -61
   660   -61
   661   -61
   662   -61
   663   -61
   664   -61
   665   -61
   666   -61
   667   -61
   668   -61
   669   -61
   670   -61
   671   -61
   672   -61
   673   -61
   674   -61
   675   -61
   676   -61
   677   -61
   678   -61
   679   -61
   680   -61
   681   -61
   682   -61
   683   -61
   684   -61
   685   -61
   686   -61
   687   -61
   688   -61
   689   -61
   690   -61
   691   -61
   692   -61
   693   -61
   694   -61
   695   -61
   696   -61
   697   -61
   698   -61
   699   -61
   700   -61
   701   -61
   702   -61
   703   -61
   704   -61
   705   -61
   706   -61
   707   -61
   708   -61
   709   -61
   710   -61
   711   -61
   712   -61
   713   -61
   714   -61
   715   -61
   716   -61
   717   -61
   718   -61
   719   -61
   720   -61
   721   -61
   722   -61
   723   -61
   724   -61
   725   -61
   726   -61
   727   -61
   728   -61
   729   -61
   730   -61
   731   -61
   732   -61
   733   -61
   734   -61
   735   -61
   736   -61
   737   -61
   738   -61
   739   -61
   740   -61
   741   -61
   742   -61
   743   -61
   744   -61
   745   -61
   746   -61
   747   -61
   748   -61
   749   -61
   750   -61
   751   -61
   752   -61
   753   -61
   754   -61
   755   -61
   756   -61
   757   -61
   758   -61
   759   -61
   760   -61
   761   -61
   762   -61
   763   -61
   764   -61
   765   -61
   766   -61
   767   -61
   768   -61
   769   -61
   770   -61
   771   -61
   772   -61
   773   -61
   774   -61
   775   -61
   776   -61
   777   -61
   778   -61
   779   -61
   780   -61
   781   -61
   782   -61
   783   -61
   784   -61
   785   -61
   786   -61
   787   -61
   788   -61
   789   -61
   790   -61
   791   -61
   792   -61
   793   -61
   794   -61
   795   -61
   796   -61
   797   -61
   798   -61
   799   -61
   800   -61
   801   -61
   802   -61
   803   -61
   804   -61
   805   -61
   806   -61
   807   -61
   808   -61
   809   -61
   810   -61
   811   -61
   812   -61
   813   -61
   814   -61
   815   -61
   816   -61
   817   -61
   818   -61
   819   -61
   820   -61
   821   -61
   822   -61
   823   -61
   824   -61
   825   -61
   826   -61
   827   -61
   828   -61
   829   -61
   830   -61
   831   -61
   832   -61
   833   -61
   834   -61
   835   -61
   836   -61
   837   -61
   838   -61
   839   -61
   840   -61
   841   -61
   842   -61
   843   -61
   844   -61
   845   -61
   846   -61
   847   -61
   848   -61
   849   -61
   850   -61
   851   -61
   852   -61
   853   -61
   854   -61
   855   -61
   856   -61
   857   -61
   858   -61
   859   -61
   860   -60
   861   -61
   862   -61
   863   -61
   864   -61
   865   -61
   866   -61
   867   -61
   868   -61
   869   -61
   870   -61
   871   -61
   872   -61
   873   -61
   874   -61
   875   -61
   876   -61
   877   -60
   878   -61
   879   -61
   880   -61
   881   -61
   882   -61
   883   -61
   884   -61
   885   -61
   886   -61
   887   -61
   888   -61
   889   -61
   890   -61
   891   -61
   892   -61
   893   -61
   894   -61
   895   -61
   896   -61
   897   -61
   898   -61
   899   -61
   900   -61
   901   -61
   902   -61
   903   -61
   904   -61
   905   -61
   906   -61
   907   -61
   908   -61
   909   -61
   910   -61
   911   -60
   912   -61
   913   -61
   914   -61
   915   -61
   916   -61
   917   -61
   918   -61
   919   -61
   920   -61
   921   -61
   922   -61
   923   -61
   924   -61
   925   -61
   926   -61
   927   -61
   928   -61
   929   -61
   930   -61
   931   -61
   932   -61
   933   -61
   934   -61
   935   -61
   936   -61
   937   -61
   938   -61
   939   -61
   940   -61
   941   -61
   942   -61
   943   -61
   944   -61
   945   -61
   946   -61
   947   -61
   948   -61
   949   -61
   950   -61
   951   -61
   952   -61
   953   -61
   954   -61
   955   -61
   956   -61
   957   -61
   958   -61
   959   -61
   960   -61
   961   -61
   962   -61
   963   -61
   964   -61
   965   -61
   966   -61
   967   -61
   968   -61
   969   -61
   970   -61
   971   -61
   972   -61
   973   -61
   974   -61
   975   -61
   976   -61
   977   -61
   978   -61
   979   -61
   980   -61
   981   -61
   982   -61
   983   -61
   984   -61
   985   -61
   986   -61
   987   -61
   988   -61
   989   -61
   990   -61
   991   -61
   992   -61
   993   -61
   994   -61
   995   -61
   996   -61
   997   -61
   998   -61
   999   -61
