   0   0
   1   -61
   2   -61
   3   -61
   4   -61
   5   -62
   6   -61
   7   -62
   8   -61
   9   -62
   10   -61
   11   -61
   12   -61
   13   -62
   14   -61
   15   -61
   16   -61
   17   -61
   18   -61
   19   -61
   20   -61
   21   -61
   22   -62
   23   -61
   24   -62
   25   -61
   26   -61
   27   -61
   28   -61
   29   -61
   30   -61
   31   -61
   32   -61
   33   -62
   34   -61
   35   -62
   36   -61
   37   -62
   38   -60
   39   -62
   40   -60
   41   -62
   42   -60
   43   -62
   44   -60
   45   -62
   46   -61
   47   -61
   48   -61
   49   -61
   50   -61
   51   -61
   52   -62
   53   -61
   54   -62
   55   -60
   56   -62
   57   -61
   58   -62
   59   -60
   60   -61
   61   -61
   62   -62
   63   -61
   64   -61
   65   -61
   66   -61
   67   -61
   68   -61
   69   -61
   70   -61
   71   -62
   72   -60
   73   -62
   74   -60
   75   -62
   76   -60
   77   -62
   78   -60
   79   -61
   80   -60
   81   -61
   82   -61
   83   -61
   84   -61
   85   -61
   86   -61
   87   -60
   88   -61
   89   -61
   90   -61
   91   -61
   92   -62
   93   -61
   94   -61
   95   -61
   96   -61
   97   -61
   98   -61
   99   -62
   100   -61
   101   -61
   102   -60
   103   -62
   104   -60
   105   -62
   106   -60
   107   -62
   108   -60
   109   -62
   110   -60
   111   -62
   112   -61
   113   -61
   114   -61
   115   -61
   116   -61
   117   -61
   118   -62
   119   -61
   120   -62
   121   -60
   122   -62
   123   -60
   124   -61
   125   -60
   126   -61
   127   -61
   128   -61
   129   -61
   130   -61
   131   -61
   132   -61
   133   -62
   134   -60
   135   -61
   136   -60
   137   -62
   138   -60
   139   -62
   140   -60
   141   -62
   142   -61
   143   -61
   144   -61
   145   -62
   146   -61
   147   -61
   148   -61
   149   -61
   150   -62
   151   -60
   152   -62
   153   -60
   154   -62
   155   -60
   156   -62
   157   -61
   158   -62
   159   -60
   160   -61
   161   -61
   162   -61
   163   -61
   164   -61
   165   -61
   166   -60
   167   -62
   168   -60
   169   -62
   170   -60
   171   -62
   172   -60
   173   -62
   174   -60
   175   -62
   176   -61
   177   -62
   178   -60
   179   -61
   180   -61
   181   -61
   182   -61
   183   -61
   184   -61
   185   -60
   186   -62
   187   -60
   188   -62
   189   -61
   190   -62
   191   -60
   192   -61
   193   -61
   194   -61
   195   -60
   196   -61
   197   -61
   198   -61
   199   -61
   200   -61
   201   -59
   202   -20
   203   43
   204   66
   205   65
   206   60
   207   56
   208   55
   209   57
   210   57
   211   59
   212   58
   213   60
   214   58
   215   60
   216   59
   217   61
   218   59
   219   61
   220   59
   221   60
   222   59
   223   61
   224   60
   225   60
   226   59
   227   60
   228   60
   229   60
   230   61
   231   60
   232   61
   233   59
   234   61
   235   60
   236   61
   237   59
   238   61
   239   60
   240   61
   241   60
   242   61
   243   60
   244   60
   245   60
   246   61
   247   61
   248   60
   249   61
   250   60
   251   61
   252   60
   253   61
   254   60
   255   61
   256   60
   257   61
   258   60
   259   61
   260   60
   261   60
   262   60
   263   60
   264   61
   265   59
   266   61
   267   59
   268   61
   269   59
   270   61
   271   59
   272   61
   273   59
   274   60
   275   60
   276   60
   277   60
   278   60
   279   60
   280   59
   281   60
   282   59
   283   60
   284   59
   285   60
   286   59
   287   60
   288   58
   289   60
   290   59
   291   60
   292   59
   293   60
   294   60
   295   59
   296   60
   297   59
   298   60
   299   58
   300   60
   301   58
   302   60
   303   58
   304   61
   305   58
   306   60
   307   58
   308   59
   309   59
   310   59
   311   59
   312   59
   313   59
   314   58
   315   59
   316   58
   317   59
   318   58
   319   59
   320   58
   321   59
   322   58
   323   59
   324   58
   325   59
   326   58
   327   58
   328   58
   329   58
   330   59
   331   57
   332   59
   333   57
   334   59
   335   57
   336   58
   337   57
   338   58
   339   57
   340   58
   341   57
   342   58
   343   58
   344   57
   345   58
   346   57
   347   58
   348   56
   349   58
   350   56
   351   58
   352   57
   353   58
   354   56
   355   57
   356   56
   357   57
   358   57
   359   57
   360   57
   361   57
   362   57
   363   56
   364   57
   365   56
   366   57
   367   55
   368   57
   369   55
   370   57
   371   55
   372   56
   373   55
   374   56
   375   55
   376   55
   377   55
   378   54
   379   54
   380   52
   381   52
   382   50
   383   50
   384   47
   385   46
   386   43
   387   41
   388   37
   389   34
   390   30
   391   26
   392   21
   393   16
   394   12
   395   6
   396   2
   397   -5
   398   -9
   399   -15
   400   -18
   401   -25
   402   -27
   403   -33
   404   -35
   405   -40
   406   -42
   407   -45
   408   -47
   409   -49
   410   -51
   411   -52
   412   -54
   413   -54
   414   -56
   415   -56
   416   -58
   417   -56
   418   -59
   419   -58
   420   -60
   421   -58
   422   -60
   423   -59
   424   -60
   425   -59
   426   -59
   427   -60
   428   -59
   429   -60
   430   -59
   431   -61
   432   -59
   433   -60
   434   -59
   435   -61
   436   -59
   437   -61
   438   -59
   439   -60
   440   -60
   441   -60
   442   -60
   443   -60
   444   -60
   445   -59
   446   -60
   447   -59
   448   -61
   449   -59
   450   -61
   451   -59
   452   -61
   453   -59
   454   -61
   455   -60
   456   -60
   457   -60
   458   -60
   459   -60
   460   -60
   461   -61
   462   -59
   463   -61
   464   -59
   465   -61
   466   -59
   467   -61
   468   -59
   469   -61
   470   -60
   471   -61
   472   -60
   473   -60
   474   -60
   475   -60
   476   -60
   477   -60
   478   -61
   479   -60
   480   -61
   481   -59
   482   -61
   483   -60
   484   -61
   485   -59
   486   -61
   487   -59
   488   -61
   489   -60
   490   -60
   491   -60
   492   -60
   493   -61
   494   -60
   495   -61
   496   -60
   497   -61
   498   -59
   499   -61
   500   -60
   501   -62
   502   -60
   503   -61
   504   -60
   505   -61
   506   -60
   507   -61
   508   -61
   509   -60
   510   -61
   511   -60
   512   -61
   513   -60
   514   -61
   515   -60
   516   -61
   517   -60
   518   -61
   519   -60
   520   -61
   521   -60
   522   -61
   523   -61
   524   -60
   525   -61
   526   -60
   527   -61
   528   -60
   529   -61
   530   -60
   531   -62
   532   -60
   533   -62
   534   -60
   535   -61
   536   -60
   537   -61
   538   -60
   539   -61
   540   -60
   541   -61
   542   -61
   543   -61
   544   -61
   545   -60
   546   -61
   547   -60
   548   -61
   549   -60
   550   -61
   551   -60
   552   -61
   553   -60
   554   -61
   555   -60
   556   -61
   557   -61
   558   -61
   559   -61
   560   -60
   561   -61
   562   -60
   563   -61
   564   -60
   565   -61
   566   -60
   567   -61
   568   -60
   569   -61
   570   -60
   571   -61
   572   -61
   573   -60
   574   -61
   575   -60
   576   -61
   577   -60
   578   -61
   579   -60
   580   -62
   581   -60
   582   -61
   583   -60
   584   -62
   585   -60
   586   -61
   587   -60
   588   -61
   589   -61
   590   -60
   591   -61
   592   -60
   593   -61
   594   -60
   595   -61
   596   -60
   597   -62
   598   -60
   599   -62
   600   -60
   601   -61
   602   -60
   603   -61
   604   -60
   605   -61
   606   -61
   607   -60
   608   -61
   609   -60
   610   -61
   611   -60
   612   -62
   613   -60
   614   -62
   615   -60
   616   -62
   617   -60
   618   -61
   619   -60
   620   -61
   621   -60
   622   -61
   623   -60
   624   -60
   625   -61
   626   -60
   627   -61
   628   -60
   629   -61
   630   -60
   631   -62
   632   -60
   633   -61
   634   -60
   635   -61
   636   -60
   637   -61
   638   -60
   639   -61
   640   -61
   641   -60
   642   -61
   643   -60
   644   -61
   645   -60
   646   -62
   647   -60
   648   -61
   649   -60
   650   -62
   651   -60
   652   -61
   653   -60
   654   -61
   655   -61
   656   -61
   657   -61
   658   -60
   659   -61
   660   -60
   661   -61
   662   -60
   663   -61
   664   -60
   665   -61
   666   -60
   667   -61
   668   -61
   669   -61
   670   -60
   671   -61
   672   -61
   673   -61
   674   -61
   675   -60
   676   -62
   677   -60
   678   -61
   679   -60
   680   -62
   681   -60
   682   -62
   683   -60
   684   -61
   685   -60
   686   -61
   687   -60
   688   -61
   689   -61
   690   -61
   691   -61
   692   -60
   693   -61
   694   -60
   695   -62
   696   -60
   697   -62
   698   -60
   699   -61
   700   -60
   701   -61
   702   -60
   703   -61
   704   -60
   705   -61
   706   -61
   707   -61
   708   -61
   709   -60
   710   -61
   711   -60
   712   -61
   713   -60
   714   -62
   715   -60
   716   -62
   717   -60
   718   -61
   719   -60
   720   -61
   721   -61
   722   -61
   723   -61
   724   -60
   725   -61
   726   -60
   727   -62
   728   -60
   729   -61
   730   -60
   731   -62
   732   -60
   733   -61
   734   -60
   735   -61
   736   -61
   737   -61
   738   -61
   739   -60
   740   -61
   741   -60
   742   -61
   743   -60
   744   -61
   745   -60
   746   -62
   747   -60
   748   -61
   749   -60
   750   -61
   751   -60
   752   -61
   753   -60
   754   -61
   755   -61
   756   -61
   757   -61
   758   -60
   759   -61
   760   -60
   761   -61
   762   -60
   763   -62
   764   -60
   765   -61
   766   -60
   767   -61
   768   -60
   769   -61
   770   -61
   771   -61
   772   -61
   773   -60
   774   -61
   775   -60
   776   -61
   777   -60
   778   -61
   779   -60
   780   -62
   781   -60
   782   -61
   783   -60
   784   -61
   785   -61
   786   -61
   787   -61
   788   -60
   789   -61
   790   -61
   791   -61
   792   -60
   793   -61
   794   -60
   795   -61
   796   -60
   797   -61
   798   -60
   799   -62
   800   -60
   801   -61
   802   -60
   803   -61
   804   -61
   805   -61
   806   -61
   807   -60
   808   -61
   809   -60
   810   -61
   811   -60
   812   -61
   813   -60
   814   -62
   815   -60
   816   -61
   817   -60
   818   -61
   819   -60
   820   -61
   821   -61
   822   -61
   823   -61
   824   -61
   825   -61
   826   -60
   827   -61
   828   -60
   829   -61
   830   -60
   831   -61
   832   -60
   833   -61
   834   -61
   835   -61
   836   -61
   837   -61
   838   -61
   839   -60
   840   -61
   841   -60
   842   -61
   843   -60
   844   -61
   845   -60
   846   -61
   847   -60
   848   -61
   849   -60
   850   -61
   851   -60
   852   -61
   853   -60
   854   -61
   855   -61
   856   -60
   857   -61
   858   -61
   859   -62
   860   -60
   861   -61
   862   -60
   863   -61
   864   -60
   865   -61
   866   -60
   867   -61
   868   -60
   869   -61
   870   -61
   871   -61
   872   -61
   873   -60
   874   -61
   875   -60
   876   -61
   877   -60
   878   -61
   879   -60
   880   -62
   881   -60
   882   -61
   883   -60
   884   -61
   885   -60
   886   -61
   887   -61
   888   -61
   889   -61
   890   -61
   891   -61
   892   -60
   893   -61
   894   -60
   895   -61
   896   -60
   897   -61
   898   -61
   899   -61
   900   -61
   901   -61
   902   -61
   903   -61
   904   -61
   905   -61
   906   -61
   907   -60
   908   -61
   909   -60
   910   -61
   911   -60
   912   -61
   913   -60
   914   -61
   915   -60
   916   -61
   917   -61
   918   -61
   919   -61
   920   -61
   921   -61
   922   -60
   923   -61
   924   -60
   925   -61
   926   -60
   927   -61
   928   -60
   929   -61
   930   -60
   931   -61
   932   -60
   933   -61
   934   -61
   935   -61
   936   -61
   937   -61
   938   -61
   939   -60
   940   -61
   941   -61
   942   -61
   943   -60
   944   -61
   945   -60
   946   -61
   947   -60
   948   -61
   949   -60
   950   -61
   951   -60
   952   -61
   953   -61
   954   -61
   955   -61
   956   -60
   957   -61
   958   -60
   959   -61
   960   -61
   961   -61
   962   -60
   963   -61
   964   -60
   965   -61
   966   -61
   967   -61
   968   -61
   969   -60
   970   -61
   971   -60
   972   -61
   973   -60
   974   -61
   975   -60
   976   -61
   977   -60
   978   -61
   979   -60
   980   -61
   981   -60
   982   -61
   983   -60
   984   -61
   985   -61
   986   -61
   987   -61
   988   -60
   989   -61
   990   -61
   991   -61
   992   -60
   993   -61
   994   -60
   995   -61
   996   -60
   997   -61
   998   -60
   999   -61
