   0   0
   1   -61
   2   -61
   3   -61
   4   -61
   5   -61
   6   -62
   7   -61
   8   -62
   9   -60
   10   -62
   11   -60
   12   -62
   13   -61
   14   -62
   15   -61
   16   -62
   17   -61
   18   -61
   19   -61
   20   -61
   21   -61
   22   -61
   23   -62
   24   -61
   25   -62
   26   -60
   27   -62
   28   -60
   29   -62
   30   -61
   31   -62
   32   -61
   33   -62
   34   -61
   35   -61
   36   -61
   37   -61
   38   -62
   39   -61
   40   -62
   41   -61
   42   -62
   43   -60
   44   -62
   45   -60
   46   -62
   47   -61
   48   -62
   49   -61
   50   -61
   51   -61
   52   -61
   53   -62
   54   -61
   55   -62
   56   -60
   57   -62
   58   -60
   59   -62
   60   -60
   61   -62
   62   -60
   63   -62
   64   -61
   65   -62
   66   -61
   67   -62
   68   -61
   69   -61
   70   -61
   71   -61
   72   -62
   73   -61
   74   -62
   75   -61
   76   -62
   77   -61
   78   -62
   79   -61
   80   -62
   81   -61
   82   -62
   83   -61
   84   -61
   85   -61
   86   -61
   87   -61
   88   -61
   89   -62
   90   -61
   91   -62
   92   -60
   93   -62
   94   -61
   95   -62
   96   -61
   97   -61
   98   -60
   99   -61
   100   -61
   101   -61
   102   -61
   103   -61
   104   -62
   105   -61
   106   -62
   107   -60
   108   -62
   109   -60
   110   -62
   111   -60
   112   -62
   113   -61
   114   -62
   115   -61
   116   -61
   117   -61
   118   -61
   119   -61
   120   -61
   121   -62
   122   -61
   123   -62
   124   -60
   125   -62
   126   -60
   127   -62
   128   -61
   129   -62
   130   -61
   131   -62
   132   -61
   133   -61
   134   -61
   135   -61
   136   -62
   137   -61
   138   -62
   139   -60
   140   -61
   141   -60
   142   -62
   143   -60
   144   -62
   145   -61
   146   -62
   147   -61
   148   -61
   149   -61
   150   -61
   151   -61
   152   -61
   153   -62
   154   -61
   155   -62
   156   -60
   157   -62
   158   -60
   159   -62
   160   -61
   161   -62
   162   -61
   163   -62
   164   -61
   165   -61
   166   -61
   167   -61
   168   -61
   169   -61
   170   -62
   171   -60
   172   -62
   173   -60
   174   -62
   175   -60
   176   -62
   177   -61
   178   -62
   179   -61
   180   -61
   181   -61
   182   -61
   183   -61
   184   -61
   185   -62
   186   -61
   187   -61
   188   -61
   189   -62
   190   -60
   191   -62
   192   -61
   193   -62
   194   -60
   195   -61
   196   -61
   197   -62
   198   -61
   199   -61
   200   -62
   201   -53
   202   32
   203   123
   204   107
   205   61
   206   18
   207   13
   208   10
   209   18
   210   16
   211   20
   212   16
   213   18
   214   16
   215   18
   216   17
   217   17
   218   17
   219   17
   220   18
   221   16
   222   18
   223   17
   224   18
   225   17
   226   18
   227   17
   228   18
   229   17
   230   18
   231   18
   232   17
   233   18
   234   18
   235   19
   236   17
   237   18
   238   18
   239   19
   240   18
   241   19
   242   18
   243   19
   244   17
   245   19
   246   19
   247   19
   248   19
   249   18
   250   19
   251   18
   252   20
   253   18
   254   20
   255   18
   256   19
   257   18
   258   20
   259   18
   260   19
   261   19
   262   19
   263   19
   264   19
   265   19
   266   19
   267   19
   268   19
   269   20
   270   18
   271   20
   272   18
   273   20
   274   19
   275   20
   276   19
   277   19
   278   19
   279   19
   280   19
   281   19
   282   20
   283   19
   284   20
   285   19
   286   21
   287   19
   288   20
   289   18
   290   20
   291   18
   292   20
   293   19
   294   20
   295   19
   296   20
   297   19
   298   19
   299   20
   300   19
   301   20
   302   19
   303   21
   304   19
   305   21
   306   19
   307   20
   308   19
   309   20
   310   20
   311   20
   312   19
   313   20
   314   20
   315   20
   316   20
   317   19
   318   20
   319   19
   320   20
   321   19
   322   20
   323   19
   324   20
   325   19
   326   20
   327   20
   328   20
   329   20
   330   19
   331   20
   332   19
   333   20
   334   19
   335   20
   336   19
   337   20
   338   19
   339   20
   340   19
   341   20
   342   19
   343   20
   344   19
   345   19
   346   19
   347   19
   348   19
   349   18
   350   20
   351   18
   352   19
   353   18
   354   19
   355   17
   356   18
   357   17
   358   18
   359   17
   360   17
   361   17
   362   17
   363   16
   364   16
   365   16
   366   14
   367   15
   368   14
   369   15
   370   13
   371   13
   372   12
   373   13
   374   11
   375   11
   376   10
   377   10
   378   9
   379   8
   380   8
   381   7
   382   7
   383   5
   384   5
   385   4
   386   4
   387   2
   388   2
   389   0
   390   1
   391   -1
   392   -2
   393   -3
   394   -4
   395   -4
   396   -6
   397   -6
   398   -8
   399   -8
   400   -10
   401   -10
   402   -12
   403   -11
   404   -14
   405   -14
   406   -16
   407   -16
   408   -18
   409   -18
   410   -19
   411   -21
   412   -21
   413   -23
   414   -23
   415   -25
   416   -25
   417   -27
   418   -27
   419   -29
   420   -29
   421   -31
   422   -31
   423   -33
   424   -33
   425   -34
   426   -35
   427   -36
   428   -37
   429   -37
   430   -38
   431   -39
   432   -40
   433   -40
   434   -42
   435   -42
   436   -43
   437   -43
   438   -45
   439   -44
   440   -45
   441   -46
   442   -46
   443   -47
   444   -48
   445   -49
   446   -48
   447   -50
   448   -49
   449   -51
   450   -50
   451   -52
   452   -51
   453   -53
   454   -52
   455   -53
   456   -53
   457   -54
   458   -53
   459   -54
   460   -55
   461   -54
   462   -56
   463   -55
   464   -56
   465   -55
   466   -57
   467   -55
   468   -57
   469   -56
   470   -58
   471   -57
   472   -58
   473   -57
   474   -58
   475   -57
   476   -58
   477   -58
   478   -58
   479   -59
   480   -58
   481   -59
   482   -58
   483   -59
   484   -58
   485   -60
   486   -59
   487   -59
   488   -59
   489   -60
   490   -59
   491   -59
   492   -59
   493   -59
   494   -60
   495   -59
   496   -60
   497   -59
   498   -61
   499   -59
   500   -60
   501   -59
   502   -60
   503   -59
   504   -60
   505   -60
   506   -60
   507   -60
   508   -60
   509   -60
   510   -60
   511   -61
   512   -59
   513   -61
   514   -60
   515   -61
   516   -60
   517   -61
   518   -60
   519   -61
   520   -60
   521   -61
   522   -60
   523   -61
   524   -60
   525   -60
   526   -61
   527   -60
   528   -61
   529   -60
   530   -61
   531   -60
   532   -61
   533   -60
   534   -61
   535   -59
   536   -61
   537   -59
   538   -61
   539   -60
   540   -61
   541   -60
   542   -60
   543   -60
   544   -60
   545   -61
   546   -60
   547   -61
   548   -60
   549   -61
   550   -60
   551   -61
   552   -60
   553   -61
   554   -60
   555   -61
   556   -60
   557   -61
   558   -61
   559   -61
   560   -61
   561   -60
   562   -61
   563   -60
   564   -61
   565   -60
   566   -61
   567   -60
   568   -61
   569   -60
   570   -61
   571   -61
   572   -61
   573   -60
   574   -60
   575   -61
   576   -60
   577   -61
   578   -60
   579   -61
   580   -60
   581   -61
   582   -60
   583   -61
   584   -60
   585   -61
   586   -60
   587   -61
   588   -60
   589   -61
   590   -61
   591   -60
   592   -61
   593   -60
   594   -61
   595   -60
   596   -61
   597   -60
   598   -61
   599   -60
   600   -61
   601   -60
   602   -61
   603   -60
   604   -61
   605   -60
   606   -61
   607   -61
   608   -60
   609   -61
   610   -60
   611   -61
   612   -60
   613   -61
   614   -60
   615   -61
   616   -60
   617   -61
   618   -60
   619   -61
   620   -61
   621   -61
   622   -60
   623   -60
   624   -61
   625   -60
   626   -61
   627   -60
   628   -61
   629   -60
   630   -61
   631   -60
   632   -61
   633   -60
   634   -61
   635   -60
   636   -61
   637   -60
   638   -61
   639   -60
   640   -60
   641   -61
   642   -60
   643   -61
   644   -60
   645   -61
   646   -60
   647   -61
   648   -60
   649   -61
   650   -60
   651   -61
   652   -60
   653   -61
   654   -60
   655   -61
   656   -61
   657   -60
   658   -61
   659   -60
   660   -61
   661   -60
   662   -61
   663   -60
   664   -61
   665   -60
   666   -61
   667   -60
   668   -61
   669   -60
   670   -61
   671   -61
   672   -61
   673   -61
   674   -61
   675   -61
   676   -60
   677   -61
   678   -60
   679   -61
   680   -60
   681   -61
   682   -60
   683   -61
   684   -60
   685   -61
   686   -61
   687   -61
   688   -61
   689   -60
   690   -61
   691   -60
   692   -61
   693   -60
   694   -61
   695   -60
   696   -61
   697   -60
   698   -61
   699   -60
   700   -61
   701   -60
   702   -61
   703   -60
   704   -61
   705   -61
   706   -60
   707   -61
   708   -60
   709   -61
   710   -60
   711   -61
   712   -60
   713   -61
   714   -60
   715   -61
   716   -60
   717   -61
   718   -60
   719   -61
   720   -61
   721   -61
   722   -61
   723   -61
   724   -61
   725   -60
   726   -61
   727   -60
   728   -61
   729   -60
   730   -61
   731   -60
   732   -61
   733   -60
   734   -61
   735   -61
   736   -61
   737   -61
   738   -60
   739   -61
   740   -60
   741   -61
   742   -60
   743   -61
   744   -60
   745   -61
   746   -61
   747   -61
   748   -60
   749   -61
   750   -61
   751   -61
   752   -60
   753   -60
   754   -61
   755   -60
   756   -61
   757   -60
   758   -61
   759   -60
   760   -61
   761   -60
   762   -61
   763   -60
   764   -61
   765   -60
   766   -61
   767   -60
   768   -61
   769   -61
   770   -61
   771   -61
   772   -61
   773   -61
   774   -60
   775   -61
   776   -60
   777   -61
   778   -60
   779   -61
   780   -60
   781   -61
   782   -60
   783   -61
   784   -60
   785   -61
   786   -61
   787   -61
   788   -61
   789   -60
   790   -61
   791   -61
   792   -61
   793   -60
   794   -61
   795   -60
   796   -61
   797   -60
   798   -61
   799   -60
   800   -61
   801   -61
   802   -61
   803   -61
   804   -60
   805   -61
   806   -60
   807   -61
   808   -60
   809   -61
   810   -60
   811   -61
   812   -60
   813   -61
   814   -60
   815   -61
   816   -61
   817   -61
   818   -61
   819   -61
   820   -61
   821   -60
   822   -61
   823   -60
   824   -61
   825   -60
   826   -61
   827   -60
   828   -61
   829   -60
   830   -61
   831   -60
   832   -61
   833   -60
   834   -61
   835   -61
   836   -61
   837   -61
   838   -61
   839   -61
   840   -60
   841   -61
   842   -60
   843   -62
   844   -60
   845   -61
   846   -60
   847   -61
   848   -60
   849   -61
   850   -61
   851   -61
   852   -61
   853   -61
   854   -61
   855   -61
   856   -61
   857   -60
   858   -61
   859   -60
   860   -61
   861   -61
   862   -61
   863   -60
   864   -61
   865   -60
   866   -61
   867   -61
   868   -61
   869   -61
   870   -60
   871   -61
   872   -61
   873   -61
   874   -60
   875   -61
   876   -60
   877   -61
   878   -60
   879   -61
   880   -61
   881   -61
   882   -61
   883   -61
   884   -61
   885   -60
   886   -61
   887   -60
   888   -61
   889   -60
   890   -61
   891   -60
   892   -61
   893   -60
   894   -61
   895   -60
   896   -61
   897   -60
   898   -61
   899   -61
   900   -61
   901   -61
   902   -60
   903   -61
   904   -60
   905   -61
   906   -60
   907   -61
   908   -60
   909   -61
   910   -60
   911   -61
   912   -61
   913   -61
   914   -61
   915   -61
   916   -61
   917   -60
   918   -61
   919   -61
   920   -61
   921   -60
   922   -61
   923   -60
   924   -61
   925   -60
   926   -61
   927   -60
   928   -61
   929   -61
   930   -61
   931   -60
   932   -61
   933   -61
   934   -61
   935   -61
   936   -60
   937   -62
   938   -60
   939   -61
   940   -60
   941   -61
   942   -60
   943   -61
   944   -60
   945   -61
   946   -60
   947   -61
   948   -61
   949   -61
   950   -61
   951   -60
   952   -61
   953   -60
   954   -61
   955   -60
   956   -62
   957   -60
   958   -61
   959   -60
   960   -61
   961   -60
   962   -61
   963   -60
   964   -61
   965   -61
   966   -61
   967   -61
   968   -60
   969   -61
   970   -61
   971   -61
   972   -60
   973   -61
   974   -60
   975   -61
   976   -60
   977   -61
   978   -60
   979   -61
   980   -61
   981   -61
   982   -61
   983   -61
   984   -61
   985   -60
   986   -61
   987   -60
   988   -61
   989   -60
   990   -61
   991   -60
   992   -61
   993   -60
   994   -61
   995   -60
   996   -61
   997   -61
   998   -61
   999   -61
