   0   0
   1   -61
   2   -61
   3   -62
   4   -61
   5   -62
   6   -60
   7   -62
   8   -60
   9   -62
   10   -61
   11   -62
   12   -61
   13   -61
   14   -61
   15   -61
   16   -61
   17   -61
   18   -62
   19   -61
   20   -62
   21   -60
   22   -62
   23   -60
   24   -62
   25   -60
   26   -62
   27   -61
   28   -62
   29   -61
   30   -61
   31   -61
   32   -61
   33   -61
   34   -61
   35   -61
   36   -60
   37   -62
   38   -60
   39   -62
   40   -60
   41   -62
   42   -60
   43   -62
   44   -60
   45   -61
   46   -61
   47   -61
   48   -61
   49   -61
   50   -61
   51   -61
   52   -62
   53   -61
   54   -62
   55   -60
   56   -62
   57   -60
   58   -62
   59   -60
   60   -61
   61   -61
   62   -61
   63   -61
   64   -61
   65   -61
   66   -61
   67   -62
   68   -60
   69   -62
   70   -61
   71   -62
   72   -61
   73   -62
   74   -60
   75   -62
   76   -61
   77   -62
   78   -61
   79   -61
   80   -61
   81   -61
   82   -61
   83   -61
   84   -62
   85   -60
   86   -62
   87   -60
   88   -62
   89   -60
   90   -62
   91   -60
   92   -62
   93   -61
   94   -62
   95   -61
   96   -61
   97   -61
   98   -61
   99   -61
   100   -61
   101   -62
   102   -60
   103   -62
   104   -60
   105   -62
   106   -60
   107   -62
   108   -61
   109   -62
   110   -60
   111   -61
   112   -61
   113   -61
   114   -61
   115   -61
   116   -61
   117   -61
   118   -62
   119   -61
   120   -62
   121   -60
   122   -62
   123   -60
   124   -62
   125   -61
   126   -61
   127   -61
   128   -61
   129   -61
   130   -61
   131   -61
   132   -61
   133   -62
   134   -61
   135   -62
   136   -60
   137   -62
   138   -60
   139   -62
   140   -60
   141   -62
   142   -60
   143   -61
   144   -61
   145   -61
   146   -61
   147   -61
   148   -62
   149   -61
   150   -61
   151   -60
   152   -62
   153   -60
   154   -62
   155   -60
   156   -62
   157   -60
   158   -62
   159   -61
   160   -61
   161   -61
   162   -61
   163   -61
   164   -61
   165   -61
   166   -61
   167   -62
   168   -60
   169   -62
   170   -60
   171   -62
   172   -60
   173   -62
   174   -60
   175   -62
   176   -61
   177   -61
   178   -61
   179   -61
   180   -61
   181   -61
   182   -62
   183   -60
   184   -62
   185   -60
   186   -62
   187   -60
   188   -62
   189   -60
   190   -62
   191   -61
   192   -61
   193   -61
   194   -60
   195   -61
   196   -61
   197   -61
   198   -61
   199   -61
   200   -61
   201   -59
   202   -15
   203   58
   204   68
   205   51
   206   34
   207   29
   208   28
   209   31
   210   31
   211   33
   212   31
   213   33
   214   30
   215   33
   216   31
   217   33
   218   31
   219   33
   220   31
   221   33
   222   31
   223   34
   224   32
   225   33
   226   32
   227   32
   228   33
   229   32
   230   33
   231   33
   232   33
   233   32
   234   33
   235   32
   236   33
   237   32
   238   34
   239   32
   240   34
   241   33
   242   33
   243   32
   244   33
   245   33
   246   33
   247   34
   248   33
   249   34
   250   33
   251   34
   252   33
   253   34
   254   33
   255   34
   256   33
   257   33
   258   33
   259   33
   260   33
   261   33
   262   34
   263   33
   264   34
   265   33
   266   34
   267   33
   268   34
   269   33
   270   34
   271   33
   272   34
   273   33
   274   34
   275   33
   276   34
   277   33
   278   33
   279   34
   280   33
   281   34
   282   33
   283   34
   284   33
   285   34
   286   33
   287   34
   288   33
   289   34
   290   33
   291   33
   292   33
   293   34
   294   34
   295   33
   296   34
   297   33
   298   34
   299   33
   300   34
   301   33
   302   34
   303   33
   304   34
   305   33
   306   34
   307   34
   308   34
   309   34
   310   34
   311   34
   312   33
   313   34
   314   33
   315   34
   316   33
   317   34
   318   33
   319   35
   320   33
   321   35
   322   33
   323   34
   324   34
   325   34
   326   34
   327   33
   328   34
   329   33
   330   34
   331   33
   332   34
   333   33
   334   35
   335   33
   336   34
   337   33
   338   34
   339   33
   340   34
   341   34
   342   34
   343   34
   344   33
   345   34
   346   33
   347   34
   348   33
   349   34
   350   33
   351   35
   352   33
   353   34
   354   34
   355   34
   356   33
   357   34
   358   34
   359   34
   360   34
   361   33
   362   34
   363   33
   364   34
   365   33
   366   34
   367   33
   368   34
   369   33
   370   34
   371   33
   372   34
   373   33
   374   34
   375   33
   376   33
   377   33
   378   33
   379   33
   380   32
   381   33
   382   32
   383   33
   384   32
   385   32
   386   31
   387   32
   388   31
   389   31
   390   30
   391   29
   392   29
   393   28
   394   28
   395   27
   396   27
   397   25
   398   25
   399   23
   400   24
   401   21
   402   21
   403   19
   404   18
   405   16
   406   15
   407   14
   408   12
   409   11
   410   9
   411   8
   412   5
   413   5
   414   1
   415   1
   416   -2
   417   -3
   418   -6
   419   -7
   420   -10
   421   -11
   422   -14
   423   -15
   424   -17
   425   -19
   426   -21
   427   -23
   428   -24
   429   -27
   430   -27
   431   -30
   432   -31
   433   -34
   434   -34
   435   -37
   436   -37
   437   -40
   438   -40
   439   -42
   440   -43
   441   -44
   442   -45
   443   -46
   444   -48
   445   -48
   446   -50
   447   -49
   448   -51
   449   -51
   450   -53
   451   -52
   452   -54
   453   -53
   454   -55
   455   -55
   456   -55
   457   -56
   458   -56
   459   -57
   460   -56
   461   -58
   462   -57
   463   -58
   464   -57
   465   -59
   466   -57
   467   -59
   468   -58
   469   -59
   470   -58
   471   -59
   472   -58
   473   -59
   474   -59
   475   -59
   476   -59
   477   -59
   478   -60
   479   -59
   480   -60
   481   -59
   482   -60
   483   -59
   484   -60
   485   -59
   486   -60
   487   -59
   488   -60
   489   -59
   490   -59
   491   -60
   492   -59
   493   -60
   494   -59
   495   -60
   496   -59
   497   -60
   498   -59
   499   -60
   500   -59
   501   -60
   502   -59
   503   -60
   504   -59
   505   -60
   506   -60
   507   -60
   508   -60
   509   -59
   510   -60
   511   -59
   512   -60
   513   -59
   514   -60
   515   -59
   516   -60
   517   -59
   518   -60
   519   -59
   520   -60
   521   -60
   522   -60
   523   -60
   524   -60
   525   -60
   526   -59
   527   -60
   528   -59
   529   -61
   530   -59
   531   -60
   532   -59
   533   -60
   534   -59
   535   -60
   536   -59
   537   -60
   538   -60
   539   -60
   540   -60
   541   -60
   542   -60
   543   -60
   544   -60
   545   -59
   546   -61
   547   -59
   548   -60
   549   -60
   550   -61
   551   -59
   552   -60
   553   -60
   554   -60
   555   -60
   556   -60
   557   -60
   558   -60
   559   -60
   560   -60
   561   -61
   562   -60
   563   -61
   564   -59
   565   -61
   566   -59
   567   -60
   568   -60
   569   -60
   570   -60
   571   -60
   572   -60
   573   -60
   574   -60
   575   -60
   576   -61
   577   -60
   578   -61
   579   -60
   580   -61
   581   -60
   582   -61
   583   -60
   584   -60
   585   -60
   586   -61
   587   -60
   588   -60
   589   -60
   590   -60
   591   -61
   592   -60
   593   -61
   594   -60
   595   -61
   596   -60
   597   -61
   598   -60
   599   -61
   600   -60
   601   -61
   602   -60
   603   -60
   604   -60
   605   -60
   606   -60
   607   -60
   608   -60
   609   -60
   610   -61
   611   -60
   612   -61
   613   -60
   614   -61
   615   -60
   616   -60
   617   -60
   618   -60
   619   -60
   620   -60
   621   -60
   622   -60
   623   -60
   624   -60
   625   -61
   626   -60
   627   -61
   628   -60
   629   -61
   630   -60
   631   -61
   632   -60
   633   -60
   634   -60
   635   -61
   636   -60
   637   -60
   638   -61
   639   -60
   640   -61
   641   -60
   642   -61
   643   -60
   644   -61
   645   -60
   646   -61
   647   -60
   648   -61
   649   -60
   650   -61
   651   -60
   652   -60
   653   -60
   654   -60
   655   -60
   656   -60
   657   -61
   658   -60
   659   -61
   660   -60
   661   -61
   662   -60
   663   -61
   664   -60
   665   -61
   666   -60
   667   -61
   668   -60
   669   -61
   670   -61
   671   -60
   672   -61
   673   -60
   674   -61
   675   -60
   676   -61
   677   -60
   678   -61
   679   -60
   680   -61
   681   -60
   682   -61
   683   -60
   684   -60
   685   -60
   686   -60
   687   -61
   688   -60
   689   -61
   690   -60
   691   -61
   692   -60
   693   -61
   694   -60
   695   -61
   696   -60
   697   -61
   698   -60
   699   -61
   700   -60
   701   -61
   702   -60
   703   -60
   704   -60
   705   -60
   706   -61
   707   -60
   708   -61
   709   -60
   710   -61
   711   -60
   712   -61
   713   -60
   714   -61
   715   -60
   716   -61
   717   -60
   718   -61
   719   -60
   720   -60
   721   -61
   722   -60
   723   -61
   724   -60
   725   -61
   726   -60
   727   -61
   728   -60
   729   -61
   730   -60
   731   -61
   732   -60
   733   -61
   734   -60
   735   -60
   736   -60
   737   -60
   738   -61
   739   -60
   740   -61
   741   -60
   742   -61
   743   -60
   744   -61
   745   -60
   746   -61
   747   -60
   748   -61
   749   -60
   750   -60
   751   -60
   752   -60
   753   -60
   754   -60
   755   -61
   756   -60
   757   -61
   758   -60
   759   -61
   760   -60
   761   -61
   762   -60
   763   -61
   764   -60
   765   -61
   766   -60
   767   -61
   768   -60
   769   -61
   770   -61
   771   -60
   772   -61
   773   -60
   774   -61
   775   -60
   776   -61
   777   -60
   778   -61
   779   -60
   780   -61
   781   -60
   782   -61
   783   -61
   784   -61
   785   -61
   786   -60
   787   -61
   788   -60
   789   -61
   790   -60
   791   -61
   792   -60
   793   -61
   794   -60
   795   -61
   796   -60
   797   -61
   798   -61
   799   -61
   800   -60
   801   -60
   802   -61
   803   -60
   804   -61
   805   -60
   806   -61
   807   -60
   808   -61
   809   -60
   810   -61
   811   -60
   812   -61
   813   -60
   814   -61
   815   -61
   816   -60
   817   -61
   818   -61
   819   -61
   820   -60
   821   -61
   822   -60
   823   -61
   824   -60
   825   -61
   826   -60
   827   -61
   828   -60
   829   -61
   830   -60
   831   -61
   832   -60
   833   -61
   834   -61
   835   -61
   836   -61
   837   -60
   838   -61
   839   -60
   840   -61
   841   -60
   842   -61
   843   -60
   844   -61
   845   -60
   846   -61
   847   -60
   848   -61
   849   -61
   850   -60
   851   -61
   852   -60
   853   -61
   854   -60
   855   -61
   856   -60
   857   -61
   858   -60
   859   -61
   860   -60
   861   -61
   862   -60
   863   -61
   864   -61
   865   -61
   866   -61
   867   -60
   868   -61
   869   -60
   870   -61
   871   -60
   872   -61
   873   -60
   874   -61
   875   -60
   876   -61
   877   -60
   878   -61
   879   -60
   880   -61
   881   -61
   882   -60
   883   -61
   884   -60
   885   -61
   886   -60
   887   -61
   888   -60
   889   -61
   890   -60
   891   -61
   892   -60
   893   -61
   894   -60
   895   -61
   896   -61
   897   -61
   898   -60
   899   -60
   900   -61
   901   -60
   902   -61
   903   -60
   904   -61
   905   -60
   906   -61
   907   -60
   908   -61
   909   -60
   910   -61
   911   -61
   912   -61
   913   -60
   914   -61
   915   -61
   916   -61
   917   -61
   918   -60
   919   -61
   920   -60
   921   -61
   922   -60
   923   -61
   924   -60
   925   -61
   926   -60
   927   -61
   928   -61
   929   -61
   930   -61
   931   -61
   932   -61
   933   -60
   934   -61
   935   -60
   936   -61
   937   -60
   938   -61
   939   -60
   940   -61
   941   -60
   942   -61
   943   -60
   944   -61
   945   -60
   946   -61
   947   -60
   948   -61
   949   -61
   950   -60
   951   -61
   952   -60
   953   -61
   954   -60
   955   -61
   956   -60
   957   -61
   958   -60
   959   -61
   960   -60
   961   -61
   962   -61
   963   -61
   964   -61
   965   -60
   966   -61
   967   -61
   968   -61
   969   -60
   970   -61
   971   -60
   972   -61
   973   -60
   974   -61
   975   -60
   976   -61
   977   -60
   978   -61
   979   -61
   980   -61
   981   -61
   982   -60
   983   -61
   984   -60
   985   -61
   986   -60
   987   -61
   988   -60
   989   -61
   990   -60
   991   -61
   992   -60
   993   -61
   994   -61
   995   -61
   996   -61
   997   -61
   998   -61
   999   -60
