   0   0
   1   -63
   2   -64
   3   -65
   4   -66
   5   -68
   6   -69
   7   -71
   8   -72
   9   -72
   10   -72
   11   -71
   12   -70
   13   -68
   14   -66
   15   -65
   16   -64
   17   -64
   18   -64
   19   -65
   20   -66
   21   -67
   22   -69
   23   -71
   24   -71
   25   -72
   26   -72
   27   -71
   28   -70
   29   -69
   30   -66
   31   -65
   32   -63
   33   -63
   34   -63
   35   -63
   36   -64
   37   -67
   38   -68
   39   -69
   40   -72
   41   -72
   42   -72
   43   -72
   44   -71
   45   -69
   46   -68
   47   -66
   48   -64
   49   -64
   50   -64
   51   -64
   52   -64
   53   -65
   54   -68
   55   -69
   56   -71
   57   -72
   58   -71
   59   -72
   60   -71
   61   -70
   62   -68
   63   -66
   64   -65
   65   -63
   66   -63
   67   -63
   68   -64
   69   -64
   70   -66
   71   -68
   72   -70
   73   -71
   74   -72
   75   -72
   76   -71
   77   -71
   78   -69
   79   -67
   80   -66
   81   -65
   82   -64
   83   -64
   84   -64
   85   -65
   86   -66
   87   -68
   88   -69
   89   -71
   90   -72
   91   -72
   92   -71
   93   -72
   94   -70
   95   -68
   96   -66
   97   -65
   98   -63
   99   -63
   100   -64
   101   -63
   102   -65
   103   -67
   104   -68
   105   -70
   106   -71
   107   -72
   108   -72
   109   -71
   110   -70
   111   -70
   112   -68
   113   -66
   114   -65
   115   -64
   116   -63
   117   -64
   118   -65
   119   -66
   120   -68
   121   -70
   122   -70
   123   -71
   124   -72
   125   -72
   126   -72
   127   -70
   128   -68
   129   -67
   130   -65
   131   -64
   132   -64
   133   -63
   134   -64
   135   -65
   136   -66
   137   -67
   138   -69
   139   -71
   140   -71
   141   -71
   142   -71
   143   -70
   144   -69
   145   -68
   146   -66
   147   -64
   148   -64
   149   -63
   150   -65
   151   -65
   152   -66
   153   -68
   154   -69
   155   -71
   156   -71
   157   -72
   158   -71
   159   -71
   160   -69
   161   -69
   162   -66
   163   -65
   164   -63
   165   -63
   166   -63
   167   -64
   168   -65
   169   -67
   170   -67
   171   -70
   172   -70
   173   -72
   174   -71
   175   -71
   176   -70
   177   -69
   178   -67
   179   -66
   180   -64
   181   -64
   182   -63
   183   -64
   184   -65
   185   -66
   186   -67
   187   -70
   188   -71
   189   -72
   190   -72
   191   -72
   192   -71
   193   -70
   194   -68
   195   -67
   196   -65
   197   -64
   198   -63
   199   -64
   200   -65
   201   -42
   202   23
   203   -23
   204   -28
   205   -23
   206   -23
   207   -25
   208   -22
   209   -21
   210   -19
   211   -18
   212   -15
   213   -15
   214   -13
   215   -13
   216   -14
   217   -15
   218   -17
   219   -19
   220   -19
   221   -20
   222   -22
   223   -23
   224   -22
   225   -21
   226   -19
   227   -17
   228   -16
   229   -15
   230   -14
   231   -12
   232   -12
   233   -15
   234   -15
   235   -16
   236   -18
   237   -20
   238   -21
   239   -22
   240   -22
   241   -21
   242   -20
   243   -19
   244   -17
   245   -16
   246   -15
   247   -13
   248   -14
   249   -14
   250   -15
   251   -17
   252   -19
   253   -20
   254   -22
   255   -22
   256   -23
   257   -24
   258   -22
   259   -21
   260   -20
   261   -18
   262   -17
   263   -16
   264   -15
   265   -16
   266   -16
   267   -18
   268   -19
   269   -21
   270   -22
   271   -23
   272   -23
   273   -23
   274   -23
   275   -21
   276   -21
   277   -19
   278   -18
   279   -16
   280   -16
   281   -16
   282   -17
   283   -17
   284   -20
   285   -21
   286   -22
   287   -24
   288   -25
   289   -25
   290   -25
   291   -25
   292   -23
   293   -22
   294   -20
   295   -19
   296   -18
   297   -18
   298   -18
   299   -19
   300   -20
   301   -22
   302   -23
   303   -25
   304   -26
   305   -26
   306   -27
   307   -25
   308   -25
   309   -23
   310   -21
   311   -20
   312   -19
   313   -18
   314   -18
   315   -19
   316   -20
   317   -21
   318   -24
   319   -25
   320   -26
   321   -28
   322   -28
   323   -28
   324   -26
   325   -26
   326   -24
   327   -23
   328   -21
   329   -20
   330   -19
   331   -20
   332   -22
   333   -23
   334   -24
   335   -26
   336   -27
   337   -29
   338   -28
   339   -29
   340   -28
   341   -27
   342   -25
   343   -24
   344   -23
   345   -20
   346   -20
   347   -21
   348   -21
   349   -22
   350   -24
   351   -25
   352   -28
   353   -29
   354   -30
   355   -30
   356   -30
   357   -29
   358   -28
   359   -26
   360   -25
   361   -23
   362   -23
   363   -22
   364   -23
   365   -24
   366   -24
   367   -27
   368   -28
   369   -29
   370   -31
   371   -31
   372   -31
   373   -30
   374   -30
   375   -28
   376   -27
   377   -25
   378   -24
   379   -23
   380   -23
   381   -24
   382   -26
   383   -27
   384   -30
   385   -31
   386   -33
   387   -34
   388   -35
   389   -35
   390   -34
   391   -32
   392   -32
   393   -31
   394   -30
   395   -30
   396   -30
   397   -32
   398   -34
   399   -36
   400   -37
   401   -40
   402   -43
   403   -44
   404   -45
   405   -45
   406   -46
   407   -46
   408   -45
   409   -44
   410   -44
   411   -43
   412   -45
   413   -44
   414   -46
   415   -49
   416   -51
   417   -54
   418   -56
   419   -58
   420   -60
   421   -61
   422   -61
   423   -61
   424   -59
   425   -59
   426   -58
   427   -57
   428   -57
   429   -57
   430   -59
   431   -60
   432   -61
   433   -63
   434   -66
   435   -67
   436   -69
   437   -69
   438   -69
   439   -69
   440   -68
   441   -66
   442   -65
   443   -63
   444   -63
   445   -62
   446   -62
   447   -63
   448   -64
   449   -66
   450   -68
   451   -69
   452   -70
   453   -71
   454   -71
   455   -70
   456   -70
   457   -68
   458   -67
   459   -66
   460   -64
   461   -63
   462   -62
   463   -64
   464   -65
   465   -66
   466   -67
   467   -69
   468   -71
   469   -72
   470   -72
   471   -71
   472   -71
   473   -69
   474   -67
   475   -65
   476   -65
   477   -64
   478   -63
   479   -62
   480   -63
   481   -65
   482   -66
   483   -68
   484   -70
   485   -71
   486   -71
   487   -71
   488   -71
   489   -70
   490   -68
   491   -67
   492   -65
   493   -64
   494   -64
   495   -63
   496   -63
   497   -64
   498   -66
   499   -68
   500   -69
   501   -71
   502   -71
   503   -72
   504   -71
   505   -70
   506   -70
   507   -68
   508   -66
   509   -64
   510   -64
   511   -63
   512   -63
   513   -64
   514   -65
   515   -66
   516   -68
   517   -69
   518   -71
   519   -71
   520   -71
   521   -71
   522   -69
   523   -68
   524   -67
   525   -66
   526   -64
   527   -63
   528   -63
   529   -64
   530   -65
   531   -67
   532   -68
   533   -69
   534   -71
   535   -72
   536   -71
   537   -71
   538   -71
   539   -68
   540   -67
   541   -66
   542   -64
   543   -63
   544   -63
   545   -63
   546   -64
   547   -66
   548   -67
   549   -68
   550   -70
   551   -71
   552   -71
   553   -71
   554   -71
   555   -69
   556   -68
   557   -66
   558   -65
   559   -64
   560   -63
   561   -63
   562   -65
   563   -65
   564   -66
   565   -69
   566   -71
   567   -71
   568   -72
   569   -72
   570   -71
   571   -71
   572   -69
   573   -67
   574   -66
   575   -64
   576   -63
   577   -63
   578   -63
   579   -65
   580   -65
   581   -67
   582   -69
   583   -70
   584   -71
   585   -72
   586   -71
   587   -70
   588   -70
   589   -67
   590   -66
   591   -64
   592   -63
   593   -64
   594   -64
   595   -64
   596   -65
   597   -67
   598   -69
   599   -71
   600   -71
   601   -72
   602   -72
   603   -71
   604   -71
   605   -69
   606   -67
   607   -66
   608   -65
   609   -64
   610   -64
   611   -63
   612   -64
   613   -66
   614   -68
   615   -69
   616   -70
   617   -71
   618   -71
   619   -70
   620   -71
   621   -69
   622   -67
   623   -65
   624   -65
   625   -63
   626   -63
   627   -64
   628   -64
   629   -66
   630   -66
   631   -68
   632   -70
   633   -71
   634   -71
   635   -72
   636   -71
   637   -70
   638   -69
   639   -67
   640   -66
   641   -65
   642   -63
   643   -64
   644   -64
   645   -65
   646   -66
   647   -69
   648   -69
   649   -70
   650   -71
   651   -71
   652   -71
   653   -69
   654   -68
   655   -68
   656   -66
   657   -65
   658   -63
   659   -63
   660   -64
   661   -65
   662   -66
   663   -67
   664   -69
   665   -70
   666   -71
   667   -72
   668   -72
   669   -71
   670   -69
   671   -68
   672   -67
   673   -65
   674   -65
   675   -64
   676   -64
   677   -64
   678   -65
   679   -67
   680   -68
   681   -69
   682   -71
   683   -72
   684   -71
   685   -71
   686   -70
   687   -68
   688   -67
   689   -65
   690   -64
   691   -63
   692   -63
   693   -63
   694   -64
   695   -66
   696   -68
   697   -69
   698   -70
   699   -71
   700   -72
   701   -72
   702   -70
   703   -69
   704   -69
   705   -67
   706   -65
   707   -64
   708   -63
   709   -64
   710   -65
   711   -66
   712   -67
   713   -69
   714   -70
   715   -71
   716   -72
   717   -72
   718   -71
   719   -70
   720   -68
   721   -66
   722   -65
   723   -64
   724   -63
   725   -63
   726   -63
   727   -65
   728   -66
   729   -67
   730   -68
   731   -71
   732   -71
   733   -71
   734   -72
   735   -71
   736   -69
   737   -68
   738   -67
   739   -65
   740   -64
   741   -63
   742   -64
   743   -64
   744   -65
   745   -68
   746   -68
   747   -70
   748   -71
   749   -72
   750   -72
   751   -70
   752   -69
   753   -68
   754   -67
   755   -65
   756   -64
   757   -63
   758   -63
   759   -64
   760   -65
   761   -66
   762   -68
   763   -68
   764   -70
   765   -71
   766   -71
   767   -70
   768   -71
   769   -69
   770   -67
   771   -66
   772   -65
   773   -64
   774   -64
   775   -65
   776   -65
   777   -67
   778   -67
   779   -69
   780   -70
   781   -71
   782   -71
   783   -71
   784   -70
   785   -69
   786   -68
   787   -66
   788   -66
   789   -64
   790   -63
   791   -64
   792   -65
   793   -65
   794   -66
   795   -69
   796   -69
   797   -70
   798   -70
   799   -71
   800   -71
   801   -69
   802   -68
   803   -67
   804   -66
   805   -64
   806   -64
   807   -64
   808   -64
   809   -66
   810   -67
   811   -68
   812   -70
   813   -70
   814   -71
   815   -72
   816   -71
   817   -70
   818   -69
   819   -67
   820   -66
   821   -65
   822   -65
   823   -63
   824   -64
   825   -64
   826   -66
   827   -66
   828   -68
   829   -70
   830   -70
   831   -71
   832   -71
   833   -70
   834   -69
   835   -68
   836   -67
   837   -65
   838   -65
   839   -64
   840   -64
   841   -65
   842   -65
   843   -67
   844   -68
   845   -70
   846   -71
   847   -71
   848   -72
   849   -72
   850   -70
   851   -69
   852   -68
   853   -66
   854   -65
   855   -63
   856   -63
   857   -64
   858   -64
   859   -65
   860   -67
   861   -68
   862   -70
   863   -71
   864   -71
   865   -71
   866   -70
   867   -69
   868   -69
   869   -66
   870   -65
   871   -65
   872   -64
   873   -64
   874   -65
   875   -66
   876   -67
   877   -67
   878   -69
   879   -70
   880   -71
   881   -71
   882   -72
   883   -70
   884   -69
   885   -67
   886   -66
   887   -65
   888   -64
   889   -64
   890   -64
   891   -65
   892   -66
   893   -67
   894   -68
   895   -69
   896   -71
   897   -70
   898   -70
   899   -70
   900   -69
   901   -67
   902   -67
   903   -65
   904   -64
   905   -65
   906   -64
   907   -65
   908   -66
   909   -66
   910   -69
   911   -70
   912   -71
   913   -71
   914   -71
   915   -70
   916   -69
   917   -69
   918   -67
   919   -66
   920   -65
   921   -64
   922   -64
   923   -65
   924   -66
   925   -66
   926   -68
   927   -69
   928   -69
   929   -71
   930   -71
   931   -70
   932   -69
   933   -68
   934   -67
   935   -66
   936   -65
   937   -64
   938   -64
   939   -64
   940   -65
   941   -66
   942   -67
   943   -69
   944   -70
   945   -70
   946   -71
   947   -71
   948   -70
   949   -69
   950   -68
   951   -67
   952   -66
   953   -65
   954   -64
   955   -64
   956   -65
   957   -66
   958   -67
   959   -67
   960   -69
   961   -70
   962   -70
   963   -70
   964   -70
   965   -70
   966   -68
   967   -66
   968   -66
   969   -65
   970   -64
   971   -64
   972   -64
   973   -64
   974   -66
   975   -67
   976   -68
   977   -70
   978   -70
   979   -71
   980   -70
   981   -70
   982   -69
   983   -68
   984   -67
   985   -65
   986   -65
   987   -64
   988   -65
   989   -64
   990   -65
   991   -67
   992   -68
   993   -70
   994   -70
   995   -70
   996   -70
   997   -71
   998   -69
   999   -68
