   0   0
   1   -61
   2   -61
   3   -62
   4   -60
   5   -62
   6   -60
   7   -62
   8   -60
   9   -63
   10   -60
   11   -63
   12   -59
   13   -63
   14   -60
   15   -62
   16   -60
   17   -61
   18   -61
   19   -61
   20   -62
   21   -60
   22   -62
   23   -60
   24   -62
   25   -60
   26   -62
   27   -60
   28   -63
   29   -60
   30   -62
   31   -60
   32   -62
   33   -61
   34   -61
   35   -61
   36   -61
   37   -62
   38   -60
   39   -62
   40   -60
   41   -63
   42   -60
   43   -63
   44   -60
   45   -62
   46   -60
   47   -62
   48   -60
   49   -61
   50   -61
   51   -61
   52   -62
   53   -60
   54   -62
   55   -60
   56   -62
   57   -60
   58   -63
   59   -60
   60   -63
   61   -60
   62   -62
   63   -60
   64   -62
   65   -61
   66   -61
   67   -61
   68   -60
   69   -62
   70   -60
   71   -62
   72   -60
   73   -63
   74   -60
   75   -63
   76   -59
   77   -62
   78   -60
   79   -62
   80   -60
   81   -62
   82   -61
   83   -61
   84   -61
   85   -61
   86   -62
   87   -60
   88   -62
   89   -60
   90   -62
   91   -59
   92   -63
   93   -59
   94   -62
   95   -60
   96   -62
   97   -60
   98   -62
   99   -61
   100   -61
   101   -61
   102   -61
   103   -62
   104   -60
   105   -62
   106   -60
   107   -63
   108   -59
   109   -63
   110   -60
   111   -62
   112   -60
   113   -62
   114   -60
   115   -61
   116   -61
   117   -61
   118   -62
   119   -60
   120   -62
   121   -60
   122   -63
   123   -59
   124   -63
   125   -60
   126   -62
   127   -59
   128   -62
   129   -60
   130   -62
   131   -60
   132   -61
   133   -61
   134   -61
   135   -62
   136   -60
   137   -62
   138   -60
   139   -63
   140   -59
   141   -63
   142   -59
   143   -62
   144   -60
   145   -62
   146   -60
   147   -62
   148   -61
   149   -61
   150   -61
   151   -61
   152   -62
   153   -60
   154   -62
   155   -60
   156   -63
   157   -59
   158   -62
   159   -59
   160   -62
   161   -60
   162   -62
   163   -60
   164   -61
   165   -61
   166   -61
   167   -62
   168   -60
   169   -62
   170   -60
   171   -62
   172   -60
   173   -63
   174   -60
   175   -62
   176   -59
   177   -63
   178   -60
   179   -62
   180   -60
   181   -61
   182   -61
   183   -61
   184   -61
   185   -60
   186   -62
   187   -59
   188   -62
   189   -59
   190   -63
   191   -59
   192   -63
   193   -60
   194   -61
   195   -60
   196   -62
   197   -60
   198   -61
   199   -61
   200   -62
   201   -61
   202   -37
   203   3
   204   21
   205   17
   206   15
   207   9
   208   11
   209   9
   210   12
   211   11
   212   12
   213   11
   214   11
   215   12
   216   11
   217   13
   218   11
   219   13
   220   11
   221   14
   222   11
   223   14
   224   11
   225   14
   226   11
   227   13
   228   12
   229   13
   230   12
   231   12
   232   13
   233   12
   234   13
   235   11
   236   14
   237   11
   238   15
   239   12
   240   15
   241   11
   242   14
   243   11
   244   13
   245   12
   246   14
   247   13
   248   13
   249   13
   250   12
   251   14
   252   12
   253   15
   254   12
   255   14
   256   11
   257   15
   258   12
   259   15
   260   12
   261   14
   262   12
   263   14
   264   13
   265   13
   266   14
   267   12
   268   15
   269   12
   270   15
   271   12
   272   15
   273   12
   274   15
   275   12
   276   15
   277   12
   278   14
   279   13
   280   14
   281   14
   282   13
   283   15
   284   12
   285   15
   286   12
   287   15
   288   12
   289   15
   290   12
   291   15
   292   12
   293   14
   294   13
   295   14
   296   14
   297   13
   298   14
   299   13
   300   15
   301   12
   302   15
   303   12
   304   16
   305   12
   306   16
   307   12
   308   15
   309   13
   310   15
   311   13
   312   14
   313   14
   314   14
   315   15
   316   13
   317   15
   318   13
   319   16
   320   12
   321   16
   322   12
   323   16
   324   12
   325   15
   326   13
   327   15
   328   13
   329   14
   330   14
   331   14
   332   15
   333   13
   334   15
   335   13
   336   16
   337   12
   338   16
   339   12
   340   15
   341   13
   342   15
   343   13
   344   15
   345   14
   346   14
   347   14
   348   13
   349   15
   350   13
   351   16
   352   12
   353   16
   354   12
   355   16
   356   12
   357   16
   358   13
   359   15
   360   13
   361   14
   362   14
   363   14
   364   15
   365   13
   366   16
   367   13
   368   16
   369   13
   370   16
   371   12
   372   16
   373   13
   374   16
   375   13
   376   15
   377   14
   378   14
   379   14
   380   14
   381   15
   382   13
   383   16
   384   12
   385   15
   386   12
   387   16
   388   12
   389   15
   390   12
   391   14
   392   11
   393   13
   394   11
   395   11
   396   11
   397   9
   398   10
   399   7
   400   9
   401   5
   402   7
   403   2
   404   4
   405   -1
   406   1
   407   -4
   408   -3
   409   -7
   410   -7
   411   -10
   412   -12
   413   -13
   414   -17
   415   -17
   416   -22
   417   -21
   418   -26
   419   -25
   420   -31
   421   -29
   422   -35
   423   -33
   424   -38
   425   -38
   426   -41
   427   -42
   428   -43
   429   -45
   430   -45
   431   -49
   432   -48
   433   -51
   434   -49
   435   -54
   436   -51
   437   -55
   438   -53
   439   -56
   440   -54
   441   -57
   442   -55
   443   -57
   444   -57
   445   -57
   446   -58
   447   -57
   448   -59
   449   -57
   450   -60
   451   -57
   452   -60
   453   -57
   454   -60
   455   -57
   456   -60
   457   -58
   458   -60
   459   -58
   460   -59
   461   -59
   462   -59
   463   -60
   464   -58
   465   -60
   466   -58
   467   -61
   468   -57
   469   -61
   470   -58
   471   -61
   472   -58
   473   -60
   474   -58
   475   -59
   476   -59
   477   -59
   478   -60
   479   -58
   480   -60
   481   -58
   482   -61
   483   -58
   484   -61
   485   -57
   486   -61
   487   -58
   488   -61
   489   -58
   490   -60
   491   -58
   492   -60
   493   -59
   494   -59
   495   -60
   496   -59
   497   -61
   498   -58
   499   -61
   500   -58
   501   -61
   502   -57
   503   -61
   504   -58
   505   -61
   506   -58
   507   -60
   508   -59
   509   -60
   510   -60
   511   -59
   512   -60
   513   -58
   514   -61
   515   -58
   516   -61
   517   -58
   518   -61
   519   -58
   520   -61
   521   -58
   522   -61
   523   -59
   524   -60
   525   -59
   526   -60
   527   -60
   528   -59
   529   -60
   530   -58
   531   -61
   532   -58
   533   -61
   534   -58
   535   -62
   536   -58
   537   -61
   538   -58
   539   -61
   540   -59
   541   -61
   542   -60
   543   -59
   544   -60
   545   -59
   546   -61
   547   -58
   548   -61
   549   -58
   550   -61
   551   -58
   552   -61
   553   -58
   554   -61
   555   -59
   556   -61
   557   -59
   558   -60
   559   -60
   560   -59
   561   -60
   562   -59
   563   -61
   564   -58
   565   -62
   566   -58
   567   -61
   568   -58
   569   -61
   570   -58
   571   -61
   572   -59
   573   -61
   574   -59
   575   -60
   576   -60
   577   -60
   578   -60
   579   -59
   580   -61
   581   -59
   582   -62
   583   -58
   584   -62
   585   -58
   586   -61
   587   -58
   588   -61
   589   -59
   590   -61
   591   -60
   592   -60
   593   -60
   594   -59
   595   -61
   596   -59
   597   -62
   598   -58
   599   -61
   600   -58
   601   -62
   602   -58
   603   -61
   604   -59
   605   -61
   606   -60
   607   -60
   608   -60
   609   -60
   610   -61
   611   -59
   612   -61
   613   -58
   614   -62
   615   -58
   616   -62
   617   -58
   618   -62
   619   -59
   620   -61
   621   -59
   622   -61
   623   -60
   624   -60
   625   -60
   626   -60
   627   -61
   628   -59
   629   -61
   630   -59
   631   -62
   632   -58
   633   -62
   634   -58
   635   -62
   636   -59
   637   -62
   638   -59
   639   -61
   640   -60
   641   -60
   642   -60
   643   -59
   644   -61
   645   -59
   646   -62
   647   -58
   648   -62
   649   -58
   650   -62
   651   -59
   652   -62
   653   -59
   654   -61
   655   -60
   656   -61
   657   -60
   658   -60
   659   -61
   660   -59
   661   -61
   662   -59
   663   -62
   664   -59
   665   -62
   666   -59
   667   -62
   668   -59
   669   -62
   670   -59
   671   -61
   672   -60
   673   -60
   674   -60
   675   -60
   676   -61
   677   -59
   678   -62
   679   -59
   680   -62
   681   -59
   682   -62
   683   -59
   684   -62
   685   -59
   686   -61
   687   -59
   688   -61
   689   -60
   690   -60
   691   -61
   692   -60
   693   -61
   694   -59
   695   -62
   696   -59
   697   -62
   698   -59
   699   -62
   700   -59
   701   -61
   702   -59
   703   -61
   704   -60
   705   -61
   706   -61
   707   -60
   708   -61
   709   -59
   710   -62
   711   -59
   712   -62
   713   -59
   714   -62
   715   -59
   716   -62
   717   -59
   718   -62
   719   -60
   720   -61
   721   -60
   722   -60
   723   -61
   724   -60
   725   -61
   726   -59
   727   -62
   728   -59
   729   -62
   730   -59
   731   -62
   732   -59
   733   -62
   734   -59
   735   -62
   736   -60
   737   -61
   738   -60
   739   -60
   740   -61
   741   -60
   742   -61
   743   -59
   744   -62
   745   -59
   746   -62
   747   -59
   748   -62
   749   -59
   750   -62
   751   -59
   752   -61
   753   -60
   754   -61
   755   -60
   756   -60
   757   -61
   758   -60
   759   -61
   760   -59
   761   -62
   762   -59
   763   -62
   764   -59
   765   -62
   766   -59
   767   -62
   768   -60
   769   -61
   770   -60
   771   -61
   772   -60
   773   -60
   774   -61
   775   -59
   776   -62
   777   -59
   778   -62
   779   -59
   780   -62
   781   -59
   782   -62
   783   -59
   784   -62
   785   -59
   786   -61
   787   -60
   788   -61
   789   -61
   790   -60
   791   -61
   792   -59
   793   -62
   794   -59
   795   -62
   796   -59
   797   -62
   798   -59
   799   -62
   800   -59
   801   -61
   802   -60
   803   -61
   804   -61
   805   -60
   806   -61
   807   -60
   808   -62
   809   -59
   810   -62
   811   -59
   812   -62
   813   -59
   814   -62
   815   -59
   816   -62
   817   -59
   818   -61
   819   -60
   820   -60
   821   -61
   822   -60
   823   -61
   824   -59
   825   -62
   826   -59
   827   -62
   828   -59
   829   -62
   830   -59
   831   -62
   832   -59
   833   -62
   834   -60
   835   -61
   836   -60
   837   -60
   838   -61
   839   -60
   840   -62
   841   -59
   842   -62
   843   -59
   844   -62
   845   -59
   846   -62
   847   -59
   848   -62
   849   -59
   850   -62
   851   -60
   852   -61
   853   -61
   854   -60
   855   -61
   856   -60
   857   -62
   858   -59
   859   -62
   860   -59
   861   -62
   862   -59
   863   -62
   864   -59
   865   -62
   866   -60
   867   -61
   868   -60
   869   -61
   870   -61
   871   -60
   872   -61
   873   -60
   874   -62
   875   -59
   876   -62
   877   -59
   878   -62
   879   -59
   880   -62
   881   -60
   882   -62
   883   -60
   884   -61
   885   -60
   886   -60
   887   -61
   888   -60
   889   -61
   890   -59
   891   -62
   892   -59
   893   -62
   894   -59
   895   -62
   896   -59
   897   -62
   898   -60
   899   -62
   900   -60
   901   -61
   902   -61
   903   -61
   904   -61
   905   -60
   906   -62
   907   -60
   908   -62
   909   -59
   910   -62
   911   -59
   912   -62
   913   -59
   914   -62
   915   -60
   916   -61
   917   -60
   918   -61
   919   -61
   920   -60
   921   -61
   922   -60
   923   -62
   924   -59
   925   -62
   926   -59
   927   -62
   928   -59
   929   -62
   930   -60
   931   -61
   932   -60
   933   -61
   934   -61
   935   -60
   936   -61
   937   -60
   938   -62
   939   -60
   940   -62
   941   -59
   942   -62
   943   -59
   944   -62
   945   -59
   946   -62
   947   -60
   948   -62
   949   -60
   950   -61
   951   -61
   952   -60
   953   -61
   954   -60
   955   -62
   956   -60
   957   -62
   958   -59
   959   -62
   960   -59
   961   -62
   962   -59
   963   -62
   964   -60
   965   -62
   966   -60
   967   -61
   968   -61
   969   -60
   970   -61
   971   -60
   972   -62
   973   -60
   974   -62
   975   -59
   976   -62
   977   -59
   978   -62
   979   -59
   980   -62
   981   -60
   982   -61
   983   -61
   984   -61
   985   -61
   986   -60
   987   -61
   988   -60
   989   -62
   990   -59
   991   -62
   992   -59
   993   -62
   994   -59
   995   -62
   996   -59
   997   -61
   998   -60
   999   -61
