   0   0
   1   -61
   2   -61
   3   -61
   4   -61
   5   -62
   6   -61
   7   -62
   8   -61
   9   -62
   10   -61
   11   -62
   12   -61
   13   -62
   14   -61
   15   -62
   16   -61
   17   -62
   18   -61
   19   -61
   20   -62
   21   -61
   22   -62
   23   -60
   24   -62
   25   -60
   26   -62
   27   -60
   28   -62
   29   -61
   30   -62
   31   -61
   32   -62
   33   -61
   34   -61
   35   -62
   36   -61
   37   -62
   38   -61
   39   -62
   40   -60
   41   -62
   42   -60
   43   -63
   44   -60
   45   -62
   46   -60
   47   -62
   48   -61
   49   -62
   50   -61
   51   -61
   52   -62
   53   -61
   54   -62
   55   -61
   56   -62
   57   -61
   58   -62
   59   -61
   60   -62
   61   -61
   62   -62
   63   -61
   64   -62
   65   -61
   66   -62
   67   -61
   68   -61
   69   -62
   70   -61
   71   -62
   72   -61
   73   -62
   74   -60
   75   -62
   76   -60
   77   -62
   78   -61
   79   -62
   80   -61
   81   -62
   82   -61
   83   -61
   84   -61
   85   -61
   86   -62
   87   -61
   88   -62
   89   -60
   90   -63
   91   -60
   92   -63
   93   -60
   94   -62
   95   -60
   96   -62
   97   -61
   98   -61
   99   -61
   100   -61
   101   -62
   102   -61
   103   -62
   104   -61
   105   -62
   106   -60
   107   -63
   108   -60
   109   -62
   110   -60
   111   -62
   112   -60
   113   -62
   114   -61
   115   -61
   116   -61
   117   -62
   118   -61
   119   -61
   120   -62
   121   -61
   122   -62
   123   -60
   124   -62
   125   -60
   126   -62
   127   -60
   128   -62
   129   -61
   130   -62
   131   -61
   132   -61
   133   -62
   134   -61
   135   -62
   136   -61
   137   -62
   138   -60
   139   -62
   140   -60
   141   -62
   142   -60
   143   -62
   144   -60
   145   -62
   146   -61
   147   -62
   148   -61
   149   -61
   150   -62
   151   -61
   152   -62
   153   -60
   154   -62
   155   -60
   156   -62
   157   -60
   158   -62
   159   -60
   160   -62
   161   -60
   162   -62
   163   -61
   164   -62
   165   -61
   166   -61
   167   -62
   168   -61
   169   -62
   170   -60
   171   -63
   172   -60
   173   -62
   174   -60
   175   -62
   176   -60
   177   -62
   178   -61
   179   -62
   180   -61
   181   -62
   182   -61
   183   -61
   184   -62
   185   -61
   186   -62
   187   -61
   188   -62
   189   -60
   190   -62
   191   -60
   192   -62
   193   -61
   194   -62
   195   -60
   196   -61
   197   -61
   198   -62
   199   -61
   200   -62
   201   -60
   202   -30
   203   31
   204   60
   205   59
   206   53
   207   46
   208   46
   209   46
   210   48
   211   48
   212   47
   213   48
   214   47
   215   48
   216   47
   217   48
   218   47
   219   48
   220   46
   221   48
   222   47
   223   49
   224   47
   225   48
   226   46
   227   48
   228   47
   229   48
   230   47
   231   48
   232   48
   233   47
   234   48
   235   47
   236   48
   237   46
   238   48
   239   47
   240   49
   241   47
   242   48
   243   46
   244   47
   245   47
   246   48
   247   47
   248   47
   249   47
   250   47
   251   48
   252   47
   253   48
   254   47
   255   48
   256   46
   257   48
   258   47
   259   48
   260   46
   261   48
   262   47
   263   48
   264   48
   265   47
   266   48
   267   46
   268   48
   269   47
   270   49
   271   46
   272   48
   273   46
   274   48
   275   47
   276   48
   277   47
   278   47
   279   47
   280   47
   281   48
   282   47
   283   48
   284   46
   285   48
   286   46
   287   48
   288   46
   289   48
   290   46
   291   48
   292   46
   293   48
   294   46
   295   47
   296   46
   297   46
   298   47
   299   46
   300   47
   301   46
   302   48
   303   46
   304   48
   305   46
   306   48
   307   46
   308   48
   309   46
   310   47
   311   46
   312   47
   313   47
   314   46
   315   47
   316   46
   317   47
   318   46
   319   48
   320   45
   321   48
   322   46
   323   47
   324   46
   325   47
   326   46
   327   47
   328   46
   329   46
   330   47
   331   46
   332   47
   333   46
   334   47
   335   45
   336   47
   337   45
   338   48
   339   45
   340   47
   341   45
   342   47
   343   46
   344   46
   345   46
   346   46
   347   46
   348   45
   349   47
   350   45
   351   47
   352   45
   353   47
   354   45
   355   47
   356   45
   357   47
   358   45
   359   46
   360   45
   361   46
   362   46
   363   45
   364   46
   365   45
   366   46
   367   45
   368   47
   369   44
   370   47
   371   44
   372   47
   373   44
   374   46
   375   45
   376   46
   377   45
   378   45
   379   46
   380   45
   381   46
   382   44
   383   46
   384   44
   385   46
   386   44
   387   46
   388   44
   389   46
   390   44
   391   45
   392   44
   393   45
   394   44
   395   44
   396   45
   397   44
   398   45
   399   43
   400   45
   401   42
   402   44
   403   42
   404   44
   405   41
   406   42
   407   40
   408   41
   409   39
   410   39
   411   38
   412   37
   413   36
   414   33
   415   33
   416   30
   417   30
   418   25
   419   25
   420   20
   421   20
   422   14
   423   13
   424   8
   425   7
   426   2
   427   -1
   428   -5
   429   -9
   430   -12
   431   -17
   432   -19
   433   -24
   434   -26
   435   -31
   436   -32
   437   -37
   438   -38
   439   -42
   440   -43
   441   -46
   442   -47
   443   -49
   444   -50
   445   -52
   446   -53
   447   -53
   448   -56
   449   -55
   450   -57
   451   -56
   452   -59
   453   -57
   454   -59
   455   -57
   456   -59
   457   -58
   458   -59
   459   -59
   460   -59
   461   -60
   462   -59
   463   -60
   464   -59
   465   -60
   466   -58
   467   -61
   468   -58
   469   -61
   470   -58
   471   -61
   472   -59
   473   -60
   474   -59
   475   -60
   476   -60
   477   -60
   478   -60
   479   -59
   480   -60
   481   -59
   482   -61
   483   -59
   484   -61
   485   -59
   486   -61
   487   -59
   488   -61
   489   -59
   490   -60
   491   -59
   492   -60
   493   -60
   494   -60
   495   -60
   496   -59
   497   -61
   498   -59
   499   -61
   500   -59
   501   -61
   502   -59
   503   -61
   504   -59
   505   -61
   506   -59
   507   -60
   508   -60
   509   -60
   510   -60
   511   -60
   512   -60
   513   -59
   514   -61
   515   -59
   516   -61
   517   -59
   518   -61
   519   -59
   520   -61
   521   -59
   522   -61
   523   -60
   524   -60
   525   -60
   526   -60
   527   -61
   528   -60
   529   -61
   530   -59
   531   -61
   532   -59
   533   -61
   534   -59
   535   -61
   536   -59
   537   -61
   538   -60
   539   -61
   540   -60
   541   -60
   542   -60
   543   -60
   544   -61
   545   -60
   546   -61
   547   -60
   548   -61
   549   -59
   550   -62
   551   -59
   552   -62
   553   -59
   554   -61
   555   -60
   556   -61
   557   -60
   558   -60
   559   -61
   560   -60
   561   -61
   562   -60
   563   -61
   564   -60
   565   -62
   566   -59
   567   -61
   568   -59
   569   -62
   570   -60
   571   -61
   572   -60
   573   -61
   574   -60
   575   -61
   576   -61
   577   -60
   578   -61
   579   -60
   580   -62
   581   -59
   582   -61
   583   -59
   584   -62
   585   -60
   586   -61
   587   -60
   588   -61
   589   -60
   590   -61
   591   -61
   592   -60
   593   -61
   594   -60
   595   -61
   596   -59
   597   -62
   598   -59
   599   -62
   600   -59
   601   -62
   602   -59
   603   -61
   604   -60
   605   -61
   606   -60
   607   -61
   608   -61
   609   -60
   610   -61
   611   -60
   612   -62
   613   -60
   614   -62
   615   -59
   616   -62
   617   -60
   618   -62
   619   -60
   620   -61
   621   -60
   622   -61
   623   -61
   624   -61
   625   -61
   626   -60
   627   -61
   628   -60
   629   -62
   630   -60
   631   -62
   632   -59
   633   -62
   634   -60
   635   -62
   636   -60
   637   -61
   638   -60
   639   -61
   640   -61
   641   -61
   642   -61
   643   -60
   644   -61
   645   -60
   646   -62
   647   -60
   648   -62
   649   -59
   650   -62
   651   -60
   652   -62
   653   -60
   654   -61
   655   -60
   656   -61
   657   -61
   658   -60
   659   -61
   660   -60
   661   -62
   662   -60
   663   -62
   664   -60
   665   -62
   666   -60
   667   -62
   668   -60
   669   -61
   670   -60
   671   -61
   672   -61
   673   -61
   674   -61
   675   -60
   676   -62
   677   -60
   678   -62
   679   -60
   680   -62
   681   -60
   682   -62
   683   -60
   684   -62
   685   -60
   686   -62
   687   -60
   688   -61
   689   -61
   690   -61
   691   -61
   692   -60
   693   -61
   694   -60
   695   -62
   696   -60
   697   -62
   698   -60
   699   -62
   700   -60
   701   -62
   702   -60
   703   -61
   704   -61
   705   -61
   706   -61
   707   -61
   708   -62
   709   -60
   710   -62
   711   -60
   712   -62
   713   -60
   714   -62
   715   -59
   716   -62
   717   -60
   718   -61
   719   -60
   720   -62
   721   -61
   722   -61
   723   -61
   724   -60
   725   -61
   726   -60
   727   -62
   728   -60
   729   -62
   730   -60
   731   -62
   732   -60
   733   -62
   734   -60
   735   -62
   736   -60
   737   -61
   738   -61
   739   -61
   740   -61
   741   -60
   742   -61
   743   -60
   744   -62
   745   -60
   746   -62
   747   -60
   748   -62
   749   -60
   750   -62
   751   -60
   752   -62
   753   -61
   754   -61
   755   -61
   756   -61
   757   -62
   758   -60
   759   -62
   760   -60
   761   -62
   762   -60
   763   -62
   764   -60
   765   -62
   766   -60
   767   -62
   768   -61
   769   -61
   770   -61
   771   -61
   772   -61
   773   -61
   774   -62
   775   -60
   776   -62
   777   -60
   778   -62
   779   -60
   780   -62
   781   -60
   782   -62
   783   -60
   784   -62
   785   -60
   786   -61
   787   -61
   788   -61
   789   -61
   790   -60
   791   -62
   792   -60
   793   -62
   794   -60
   795   -62
   796   -60
   797   -62
   798   -60
   799   -62
   800   -60
   801   -61
   802   -60
   803   -61
   804   -61
   805   -60
   806   -61
   807   -60
   808   -62
   809   -60
   810   -62
   811   -60
   812   -62
   813   -60
   814   -62
   815   -60
   816   -62
   817   -60
   818   -61
   819   -61
   820   -61
   821   -61
   822   -60
   823   -62
   824   -60
   825   -62
   826   -60
   827   -62
   828   -60
   829   -62
   830   -60
   831   -62
   832   -60
   833   -62
   834   -60
   835   -62
   836   -61
   837   -61
   838   -62
   839   -60
   840   -62
   841   -60
   842   -62
   843   -60
   844   -62
   845   -60
   846   -62
   847   -60
   848   -62
   849   -60
   850   -62
   851   -60
   852   -61
   853   -61
   854   -61
   855   -61
   856   -60
   857   -62
   858   -60
   859   -62
   860   -60
   861   -62
   862   -60
   863   -62
   864   -60
   865   -62
   866   -60
   867   -62
   868   -61
   869   -61
   870   -61
   871   -61
   872   -62
   873   -60
   874   -62
   875   -60
   876   -62
   877   -60
   878   -62
   879   -60
   880   -62
   881   -60
   882   -62
   883   -60
   884   -61
   885   -61
   886   -61
   887   -61
   888   -60
   889   -62
   890   -60
   891   -62
   892   -60
   893   -62
   894   -60
   895   -62
   896   -60
   897   -62
   898   -60
   899   -61
   900   -61
   901   -61
   902   -61
   903   -61
   904   -62
   905   -60
   906   -62
   907   -60
   908   -62
   909   -60
   910   -63
   911   -60
   912   -62
   913   -60
   914   -62
   915   -60
   916   -62
   917   -60
   918   -61
   919   -61
   920   -61
   921   -61
   922   -60
   923   -62
   924   -60
   925   -62
   926   -60
   927   -62
   928   -60
   929   -62
   930   -60
   931   -62
   932   -60
   933   -61
   934   -61
   935   -61
   936   -61
   937   -61
   938   -62
   939   -60
   940   -62
   941   -60
   942   -62
   943   -60
   944   -62
   945   -60
   946   -62
   947   -60
   948   -62
   949   -61
   950   -61
   951   -61
   952   -61
   953   -61
   954   -61
   955   -62
   956   -60
   957   -62
   958   -60
   959   -62
   960   -60
   961   -62
   962   -60
   963   -62
   964   -60
   965   -62
   966   -61
   967   -61
   968   -61
   969   -61
   970   -62
   971   -60
   972   -62
   973   -60
   974   -62
   975   -60
   976   -62
   977   -60
   978   -62
   979   -60
   980   -62
   981   -61
   982   -62
   983   -61
   984   -61
   985   -61
   986   -61
   987   -62
   988   -60
   989   -62
   990   -60
   991   -62
   992   -60
   993   -62
   994   -60
   995   -62
   996   -61
   997   -62
   998   -61
   999   -61
