   0   0
   1   -61
   2   -61
   3   -61
   4   -61
   5   -61
   6   -61
   7   -61
   8   -61
   9   -61
   10   -61
   11   -61
   12   -61
   13   -61
   14   -61
   15   -61
   16   -61
   17   -61
   18   -61
   19   -61
   20   -61
   21   -61
   22   -61
   23   -61
   24   -61
   25   -61
   26   -61
   27   -61
   28   -61
   29   -61
   30   -61
   31   -61
   32   -61
   33   -61
   34   -61
   35   -61
   36   -61
   37   -61
   38   -61
   39   -61
   40   -61
   41   -61
   42   -61
   43   -61
   44   -61
   45   -61
   46   -60
   47   -61
   48   -61
   49   -61
   50   -61
   51   -61
   52   -61
   53   -61
   54   -61
   55   -61
   56   -61
   57   -61
   58   -61
   59   -61
   60   -61
   61   -61
   62   -61
   63   -61
   64   -61
   65   -61
   66   -61
   67   -61
   68   -61
   69   -61
   70   -61
   71   -61
   72   -61
   73   -61
   74   -61
   75   -61
   76   -61
   77   -61
   78   -61
   79   -61
   80   -61
   81   -61
   82   -61
   83   -61
   84   -61
   85   -61
   86   -61
   87   -61
   88   -61
   89   -61
   90   -61
   91   -61
   92   -61
   93   -61
   94   -61
   95   -60
   96   -61
   97   -61
   98   -61
   99   -61
   100   -61
   101   -61
   102   -61
   103   -61
   104   -61
   105   -61
   106   -61
   107   -61
   108   -60
   109   -62
   110   -61
   111   -62
   112   -60
   113   -61
   114   -61
   115   -61
   116   -60
   117   -62
   118   -61
   119   -61
   120   -61
   121   -61
   122   -61
   123   -61
   124   -61
   125   -61
   126   -61
   127   -61
   128   -61
   129   -61
   130   -61
   131   -61
   132   -61
   133   -61
   134   -61
   135   -61
   136   -61
   137   -61
   138   -61
   139   -61
   140   -61
   141   -61
   142   -61
   143   -61
   144   -61
   145   -61
   146   -61
   147   -61
   148   -61
   149   -61
   150   -61
   151   -61
   152   -61
   153   -61
   154   -61
   155   -61
   156   -61
   157   -60
   158   -61
   159   -61
   160   -61
   161   -61
   162   -61
   163   -61
   164   -61
   165   -61
   166   -61
   167   -61
   168   -61
   169   -61
   170   -61
   171   -61
   172   -60
   173   -61
   174   -60
   175   -61
   176   -61
   177   -62
   178   -60
   179   -61
   180   -60
   181   -61
   182   -61
   183   -61
   184   -61
   185   -61
   186   -61
   187   -61
   188   -61
   189   -61
   190   -61
   191   -61
   192   -61
   193   -61
   194   -61
   195   -60
   196   -61
   197   -61
   198   -61
   199   -60
   200   -62
   201   -59
   202   -28
   203   29
   204   52
   205   52
   206   45
   207   40
   208   39
   209   39
   210   40
   211   41
   212   40
   213   40
   214   39
   215   40
   216   40
   217   40
   218   40
   219   40
   220   40
   221   40
   222   39
   223   41
   224   39
   225   40
   226   39
   227   40
   228   39
   229   40
   230   39
   231   40
   232   39
   233   40
   234   39
   235   40
   236   40
   237   39
   238   40
   239   40
   240   41
   241   39
   242   40
   243   39
   244   40
   245   39
   246   40
   247   39
   248   40
   249   39
   250   40
   251   39
   252   40
   253   40
   254   39
   255   39
   256   39
   257   39
   258   39
   259   39
   260   39
   261   39
   262   39
   263   40
   264   39
   265   39
   266   39
   267   39
   268   39
   269   39
   270   39
   271   39
   272   39
   273   39
   274   39
   275   39
   276   40
   277   38
   278   39
   279   38
   280   39
   281   39
   282   39
   283   39
   284   39
   285   39
   286   38
   287   39
   288   38
   289   39
   290   38
   291   39
   292   38
   293   39
   294   38
   295   39
   296   38
   297   39
   298   38
   299   39
   300   38
   301   38
   302   38
   303   38
   304   39
   305   38
   306   39
   307   38
   308   39
   309   38
   310   39
   311   38
   312   39
   313   37
   314   38
   315   38
   316   39
   317   38
   318   38
   319   38
   320   38
   321   38
   322   38
   323   38
   324   37
   325   38
   326   37
   327   38
   328   38
   329   38
   330   38
   331   38
   332   38
   333   37
   334   38
   335   37
   336   38
   337   37
   338   38
   339   37
   340   38
   341   37
   342   38
   343   37
   344   38
   345   37
   346   38
   347   37
   348   37
   349   37
   350   37
   351   37
   352   36
   353   37
   354   36
   355   37
   356   36
   357   38
   358   36
   359   37
   360   36
   361   37
   362   36
   363   37
   364   36
   365   37
   366   36
   367   36
   368   37
   369   36
   370   37
   371   36
   372   37
   373   36
   374   37
   375   35
   376   36
   377   35
   378   36
   379   35
   380   37
   381   35
   382   36
   383   36
   384   35
   385   35
   386   35
   387   35
   388   34
   389   35
   390   33
   391   34
   392   32
   393   33
   394   31
   395   30
   396   28
   397   26
   398   24
   399   22
   400   19
   401   16
   402   14
   403   9
   404   6
   405   1
   406   -2
   407   -8
   408   -11
   409   -17
   410   -20
   411   -25
   412   -29
   413   -33
   414   -36
   415   -40
   416   -43
   417   -45
   418   -48
   419   -49
   420   -52
   421   -52
   422   -55
   423   -54
   424   -56
   425   -56
   426   -58
   427   -57
   428   -59
   429   -58
   430   -59
   431   -59
   432   -60
   433   -59
   434   -59
   435   -60
   436   -59
   437   -60
   438   -59
   439   -60
   440   -59
   441   -60
   442   -59
   443   -61
   444   -59
   445   -60
   446   -59
   447   -60
   448   -60
   449   -60
   450   -60
   451   -60
   452   -60
   453   -59
   454   -61
   455   -59
   456   -61
   457   -60
   458   -61
   459   -59
   460   -60
   461   -60
   462   -61
   463   -60
   464   -60
   465   -60
   466   -60
   467   -60
   468   -60
   469   -60
   470   -59
   471   -61
   472   -60
   473   -61
   474   -60
   475   -61
   476   -60
   477   -61
   478   -60
   479   -60
   480   -60
   481   -60
   482   -60
   483   -60
   484   -60
   485   -60
   486   -61
   487   -60
   488   -61
   489   -60
   490   -61
   491   -59
   492   -61
   493   -60
   494   -61
   495   -60
   496   -61
   497   -60
   498   -61
   499   -60
   500   -60
   501   -60
   502   -60
   503   -61
   504   -60
   505   -61
   506   -60
   507   -61
   508   -60
   509   -61
   510   -60
   511   -61
   512   -60
   513   -61
   514   -60
   515   -60
   516   -61
   517   -60
   518   -61
   519   -60
   520   -61
   521   -60
   522   -61
   523   -60
   524   -61
   525   -60
   526   -61
   527   -60
   528   -61
   529   -61
   530   -61
   531   -61
   532   -60
   533   -61
   534   -60
   535   -61
   536   -60
   537   -61
   538   -60
   539   -61
   540   -60
   541   -62
   542   -60
   543   -61
   544   -60
   545   -61
   546   -60
   547   -61
   548   -61
   549   -60
   550   -61
   551   -60
   552   -61
   553   -60
   554   -61
   555   -60
   556   -61
   557   -60
   558   -61
   559   -60
   560   -61
   561   -60
   562   -61
   563   -61
   564   -61
   565   -61
   566   -60
   567   -61
   568   -60
   569   -61
   570   -60
   571   -61
   572   -60
   573   -61
   574   -60
   575   -61
   576   -60
   577   -61
   578   -60
   579   -61
   580   -61
   581   -60
   582   -61
   583   -60
   584   -61
   585   -60
   586   -61
   587   -60
   588   -61
   589   -60
   590   -61
   591   -60
   592   -61
   593   -61
   594   -61
   595   -61
   596   -60
   597   -61
   598   -60
   599   -61
   600   -60
   601   -62
   602   -60
   603   -61
   604   -60
   605   -62
   606   -60
   607   -61
   608   -60
   609   -61
   610   -60
   611   -61
   612   -60
   613   -60
   614   -61
   615   -60
   616   -61
   617   -60
   618   -61
   619   -60
   620   -61
   621   -60
   622   -62
   623   -60
   624   -61
   625   -60
   626   -61
   627   -60
   628   -61
   629   -61
   630   -60
   631   -61
   632   -60
   633   -61
   634   -60
   635   -61
   636   -60
   637   -61
   638   -60
   639   -61
   640   -60
   641   -61
   642   -60
   643   -61
   644   -61
   645   -60
   646   -61
   647   -60
   648   -61
   649   -60
   650   -61
   651   -60
   652   -61
   653   -60
   654   -61
   655   -60
   656   -61
   657   -60
   658   -61
   659   -60
   660   -61
   661   -61
   662   -61
   663   -61
   664   -60
   665   -61
   666   -60
   667   -61
   668   -60
   669   -61
   670   -60
   671   -62
   672   -60
   673   -62
   674   -60
   675   -61
   676   -60
   677   -61
   678   -61
   679   -60
   680   -61
   681   -61
   682   -61
   683   -60
   684   -61
   685   -60
   686   -62
   687   -60
   688   -61
   689   -60
   690   -61
   691   -60
   692   -61
   693   -60
   694   -61
   695   -61
   696   -61
   697   -61
   698   -60
   699   -61
   700   -60
   701   -61
   702   -60
   703   -61
   704   -60
   705   -61
   706   -60
   707   -61
   708   -60
   709   -60
   710   -61
   711   -60
   712   -61
   713   -60
   714   -61
   715   -60
   716   -61
   717   -60
   718   -62
   719   -60
   720   -61
   721   -60
   722   -61
   723   -60
   724   -61
   725   -60
   726   -61
   727   -61
   728   -60
   729   -61
   730   -60
   731   -61
   732   -60
   733   -62
   734   -60
   735   -62
   736   -60
   737   -61
   738   -60
   739   -61
   740   -60
   741   -61
   742   -60
   743   -61
   744   -61
   745   -60
   746   -61
   747   -60
   748   -61
   749   -60
   750   -61
   751   -60
   752   -61
   753   -60
   754   -61
   755   -60
   756   -61
   757   -60
   758   -61
   759   -61
   760   -61
   761   -61
   762   -60
   763   -61
   764   -60
   765   -61
   766   -60
   767   -61
   768   -60
   769   -61
   770   -60
   771   -61
   772   -60
   773   -61
   774   -60
   775   -61
   776   -61
   777   -61
   778   -61
   779   -60
   780   -61
   781   -60
   782   -61
   783   -60
   784   -61
   785   -60
   786   -62
   787   -60
   788   -61
   789   -60
   790   -61
   791   -61
   792   -61
   793   -61
   794   -61
   795   -61
   796   -60
   797   -61
   798   -60
   799   -61
   800   -60
   801   -62
   802   -60
   803   -61
   804   -60
   805   -61
   806   -60
   807   -61
   808   -61
   809   -61
   810   -61
   811   -61
   812   -61
   813   -60
   814   -61
   815   -60
   816   -61
   817   -60
   818   -61
   819   -60
   820   -61
   821   -60
   822   -61
   823   -61
   824   -61
   825   -61
   826   -60
   827   -61
   828   -60
   829   -61
   830   -60
   831   -61
   832   -60
   833   -61
   834   -60
   835   -61
   836   -60
   837   -61
   838   -60
   839   -61
   840   -61
   841   -61
   842   -61
   843   -61
   844   -61
   845   -60
   846   -62
   847   -60
   848   -61
   849   -60
   850   -61
   851   -60
   852   -61
   853   -60
   854   -61
   855   -60
   856   -61
   857   -61
   858   -61
   859   -61
   860   -60
   861   -61
   862   -60
   863   -61
   864   -60
   865   -61
   866   -60
   867   -62
   868   -60
   869   -61
   870   -60
   871   -61
   872   -60
   873   -61
   874   -61
   875   -61
   876   -61
   877   -60
   878   -61
   879   -60
   880   -61
   881   -60
   882   -61
   883   -60
   884   -62
   885   -60
   886   -61
   887   -60
   888   -61
   889   -61
   890   -61
   891   -61
   892   -60
   893   -61
   894   -60
   895   -61
   896   -60
   897   -61
   898   -60
   899   -61
   900   -60
   901   -61
   902   -60
   903   -61
   904   -60
   905   -61
   906   -61
   907   -60
   908   -61
   909   -60
   910   -61
   911   -60
   912   -61
   913   -60
   914   -62
   915   -60
   916   -62
   917   -60
   918   -61
   919   -60
   920   -61
   921   -60
   922   -61
   923   -61
   924   -61
   925   -61
   926   -60
   927   -61
   928   -60
   929   -61
   930   -60
   931   -62
   932   -60
   933   -61
   934   -60
   935   -61
   936   -60
   937   -61
   938   -60
   939   -61
   940   -61
   941   -61
   942   -61
   943   -60
   944   -61
   945   -60
   946   -61
   947   -60
   948   -62
   949   -60
   950   -61
   951   -60
   952   -61
   953   -60
   954   -61
   955   -61
   956   -61
   957   -61
   958   -60
   959   -61
   960   -60
   961   -61
   962   -60
   963   -61
   964   -60
   965   -62
   966   -60
   967   -61
   968   -60
   969   -61
   970   -61
   971   -61
   972   -61
   973   -60
   974   -61
   975   -61
   976   -62
   977   -60
   978   -61
   979   -60
   980   -62
   981   -60
   982   -61
   983   -60
   984   -61
   985   -60
   986   -61
   987   -60
   988   -61
   989   -61
   990   -61
   991   -61
   992   -60
   993   -61
   994   -60
   995   -61
   996   -60
   997   -61
   998   -60
   999   -61
