   0   0
   1   -61
   2   -61
   3   -61
   4   -61
   5   -61
   6   -61
   7   -60
   8   -62
   9   -60
   10   -62
   11   -60
   12   -62
   13   -60
   14   -61
   15   -61
   16   -61
   17   -61
   18   -61
   19   -61
   20   -61
   21   -61
   22   -61
   23   -62
   24   -61
   25   -62
   26   -60
   27   -62
   28   -60
   29   -62
   30   -61
   31   -61
   32   -61
   33   -61
   34   -61
   35   -61
   36   -61
   37   -61
   38   -61
   39   -61
   40   -62
   41   -60
   42   -62
   43   -60
   44   -62
   45   -60
   46   -61
   47   -60
   48   -61
   49   -61
   50   -61
   51   -61
   52   -61
   53   -61
   54   -61
   55   -61
   56   -60
   57   -62
   58   -61
   59   -62
   60   -60
   61   -62
   62   -60
   63   -62
   64   -60
   65   -61
   66   -61
   67   -61
   68   -61
   69   -61
   70   -61
   71   -61
   72   -62
   73   -61
   74   -61
   75   -60
   76   -61
   77   -60
   78   -62
   79   -61
   80   -61
   81   -61
   82   -61
   83   -61
   84   -61
   85   -61
   86   -61
   87   -62
   88   -61
   89   -61
   90   -60
   91   -62
   92   -60
   93   -62
   94   -60
   95   -61
   96   -61
   97   -61
   98   -61
   99   -61
   100   -61
   101   -61
   102   -61
   103   -61
   104   -61
   105   -60
   106   -62
   107   -60
   108   -62
   109   -60
   110   -62
   111   -60
   112   -61
   113   -60
   114   -61
   115   -61
   116   -61
   117   -61
   118   -61
   119   -61
   120   -60
   121   -62
   122   -61
   123   -62
   124   -60
   125   -62
   126   -60
   127   -61
   128   -60
   129   -61
   130   -61
   131   -61
   132   -61
   133   -61
   134   -61
   135   -61
   136   -62
   137   -60
   138   -62
   139   -60
   140   -61
   141   -60
   142   -62
   143   -61
   144   -62
   145   -60
   146   -61
   147   -61
   148   -61
   149   -61
   150   -61
   151   -61
   152   -61
   153   -61
   154   -60
   155   -61
   156   -60
   157   -61
   158   -60
   159   -62
   160   -60
   161   -62
   162   -61
   163   -61
   164   -61
   165   -61
   166   -61
   167   -61
   168   -62
   169   -61
   170   -62
   171   -60
   172   -62
   173   -60
   174   -62
   175   -60
   176   -61
   177   -60
   178   -61
   179   -60
   180   -61
   181   -61
   182   -61
   183   -61
   184   -61
   185   -61
   186   -61
   187   -61
   188   -60
   189   -61
   190   -61
   191   -62
   192   -60
   193   -62
   194   -60
   195   -61
   196   -60
   197   -61
   198   -61
   199   -61
   200   -62
   201   -58
   202   -28
   203   18
   204   22
   205   19
   206   12
   207   13
   208   12
   209   16
   210   15
   211   18
   212   16
   213   18
   214   16
   215   18
   216   19
   217   19
   218   19
   219   18
   220   19
   221   18
   222   20
   223   20
   224   21
   225   19
   226   21
   227   20
   228   21
   229   20
   230   21
   231   21
   232   20
   233   21
   234   20
   235   21
   236   20
   237   21
   238   20
   239   22
   240   20
   241   22
   242   20
   243   21
   244   20
   245   21
   246   21
   247   21
   248   21
   249   21
   250   21
   251   21
   252   22
   253   21
   254   22
   255   20
   256   22
   257   20
   258   22
   259   20
   260   21
   261   20
   262   21
   263   21
   264   21
   265   21
   266   20
   267   21
   268   20
   269   22
   270   20
   271   22
   272   20
   273   22
   274   20
   275   22
   276   20
   277   21
   278   20
   279   21
   280   21
   281   20
   282   21
   283   20
   284   21
   285   20
   286   21
   287   20
   288   21
   289   19
   290   21
   291   19
   292   21
   293   20
   294   21
   295   20
   296   21
   297   20
   298   20
   299   20
   300   19
   301   20
   302   19
   303   21
   304   19
   305   21
   306   19
   307   21
   308   19
   309   21
   310   19
   311   20
   312   20
   313   20
   314   20
   315   19
   316   20
   317   19
   318   20
   319   19
   320   20
   321   19
   322   20
   323   19
   324   20
   325   19
   326   20
   327   19
   328   19
   329   19
   330   19
   331   20
   332   19
   333   20
   334   19
   335   20
   336   18
   337   20
   338   18
   339   20
   340   18
   341   20
   342   18
   343   19
   344   19
   345   19
   346   19
   347   18
   348   19
   349   18
   350   19
   351   18
   352   19
   353   18
   354   19
   355   18
   356   19
   357   17
   358   19
   359   18
   360   19
   361   18
   362   18
   363   18
   364   18
   365   18
   366   17
   367   19
   368   17
   369   19
   370   17
   371   19
   372   17
   373   19
   374   17
   375   19
   376   17
   377   18
   378   17
   379   18
   380   17
   381   17
   382   18
   383   17
   384   18
   385   16
   386   17
   387   15
   388   17
   389   15
   390   16
   391   14
   392   14
   393   12
   394   12
   395   11
   396   10
   397   9
   398   7
   399   7
   400   4
   401   4
   402   0
   403   0
   404   -4
   405   -4
   406   -7
   407   -8
   408   -12
   409   -13
   410   -16
   411   -17
   412   -20
   413   -22
   414   -24
   415   -27
   416   -28
   417   -31
   418   -32
   419   -36
   420   -36
   421   -39
   422   -40
   423   -43
   424   -43
   425   -46
   426   -46
   427   -48
   428   -49
   429   -50
   430   -52
   431   -52
   432   -54
   433   -54
   434   -56
   435   -55
   436   -57
   437   -56
   438   -58
   439   -57
   440   -59
   441   -58
   442   -59
   443   -59
   444   -59
   445   -59
   446   -59
   447   -60
   448   -59
   449   -60
   450   -59
   451   -61
   452   -59
   453   -61
   454   -59
   455   -61
   456   -59
   457   -61
   458   -60
   459   -61
   460   -60
   461   -60
   462   -60
   463   -60
   464   -61
   465   -59
   466   -61
   467   -60
   468   -61
   469   -60
   470   -61
   471   -60
   472   -61
   473   -60
   474   -61
   475   -60
   476   -61
   477   -60
   478   -60
   479   -61
   480   -60
   481   -61
   482   -60
   483   -61
   484   -60
   485   -61
   486   -60
   487   -61
   488   -60
   489   -61
   490   -60
   491   -61
   492   -60
   493   -61
   494   -60
   495   -60
   496   -61
   497   -60
   498   -61
   499   -59
   500   -61
   501   -60
   502   -61
   503   -59
   504   -61
   505   -60
   506   -61
   507   -60
   508   -61
   509   -60
   510   -61
   511   -61
   512   -60
   513   -61
   514   -60
   515   -61
   516   -59
   517   -61
   518   -60
   519   -62
   520   -59
   521   -62
   522   -60
   523   -61
   524   -60
   525   -61
   526   -60
   527   -61
   528   -61
   529   -61
   530   -61
   531   -60
   532   -61
   533   -60
   534   -61
   535   -60
   536   -62
   537   -60
   538   -61
   539   -60
   540   -61
   541   -60
   542   -61
   543   -61
   544   -61
   545   -61
   546   -60
   547   -61
   548   -60
   549   -61
   550   -60
   551   -61
   552   -60
   553   -61
   554   -60
   555   -61
   556   -60
   557   -61
   558   -60
   559   -61
   560   -61
   561   -61
   562   -61
   563   -60
   564   -61
   565   -60
   566   -62
   567   -60
   568   -62
   569   -60
   570   -61
   571   -60
   572   -62
   573   -60
   574   -61
   575   -61
   576   -61
   577   -61
   578   -60
   579   -61
   580   -60
   581   -61
   582   -60
   583   -62
   584   -60
   585   -62
   586   -60
   587   -62
   588   -60
   589   -61
   590   -60
   591   -61
   592   -61
   593   -61
   594   -61
   595   -60
   596   -61
   597   -60
   598   -61
   599   -60
   600   -62
   601   -60
   602   -62
   603   -60
   604   -62
   605   -60
   606   -61
   607   -60
   608   -61
   609   -61
   610   -61
   611   -61
   612   -60
   613   -61
   614   -60
   615   -62
   616   -60
   617   -62
   618   -60
   619   -62
   620   -60
   621   -61
   622   -60
   623   -61
   624   -60
   625   -61
   626   -61
   627   -60
   628   -61
   629   -60
   630   -62
   631   -60
   632   -62
   633   -60
   634   -62
   635   -60
   636   -62
   637   -60
   638   -62
   639   -60
   640   -61
   641   -60
   642   -61
   643   -61
   644   -60
   645   -61
   646   -60
   647   -61
   648   -60
   649   -61
   650   -60
   651   -62
   652   -60
   653   -62
   654   -60
   655   -61
   656   -60
   657   -61
   658   -60
   659   -61
   660   -61
   661   -60
   662   -61
   663   -60
   664   -61
   665   -60
   666   -61
   667   -60
   668   -62
   669   -60
   670   -61
   671   -60
   672   -61
   673   -60
   674   -61
   675   -61
   676   -60
   677   -61
   678   -60
   679   -61
   680   -60
   681   -62
   682   -60
   683   -62
   684   -60
   685   -61
   686   -60
   687   -61
   688   -60
   689   -61
   690   -61
   691   -61
   692   -61
   693   -60
   694   -61
   695   -60
   696   -62
   697   -60
   698   -62
   699   -60
   700   -62
   701   -60
   702   -62
   703   -60
   704   -61
   705   -60
   706   -61
   707   -61
   708   -60
   709   -61
   710   -60
   711   -61
   712   -60
   713   -62
   714   -60
   715   -62
   716   -60
   717   -62
   718   -60
   719   -61
   720   -60
   721   -61
   722   -60
   723   -61
   724   -61
   725   -61
   726   -61
   727   -60
   728   -61
   729   -60
   730   -62
   731   -60
   732   -62
   733   -60
   734   -62
   735   -60
   736   -62
   737   -60
   738   -61
   739   -61
   740   -61
   741   -61
   742   -60
   743   -61
   744   -60
   745   -62
   746   -60
   747   -62
   748   -60
   749   -62
   750   -60
   751   -62
   752   -60
   753   -62
   754   -60
   755   -61
   756   -61
   757   -61
   758   -61
   759   -61
   760   -61
   761   -60
   762   -62
   763   -60
   764   -62
   765   -60
   766   -62
   767   -60
   768   -62
   769   -60
   770   -61
   771   -60
   772   -61
   773   -61
   774   -61
   775   -61
   776   -61
   777   -61
   778   -60
   779   -61
   780   -60
   781   -62
   782   -60
   783   -62
   784   -60
   785   -62
   786   -60
   787   -61
   788   -60
   789   -61
   790   -61
   791   -61
   792   -61
   793   -60
   794   -61
   795   -60
   796   -62
   797   -60
   798   -62
   799   -60
   800   -62
   801   -60
   802   -61
   803   -60
   804   -61
   805   -61
   806   -61
   807   -61
   808   -60
   809   -61
   810   -60
   811   -62
   812   -60
   813   -62
   814   -60
   815   -62
   816   -60
   817   -62
   818   -60
   819   -61
   820   -60
   821   -61
   822   -61
   823   -61
   824   -61
   825   -60
   826   -61
   827   -60
   828   -62
   829   -60
   830   -62
   831   -60
   832   -62
   833   -60
   834   -62
   835   -60
   836   -61
   837   -60
   838   -61
   839   -61
   840   -61
   841   -61
   842   -61
   843   -62
   844   -60
   845   -61
   846   -60
   847   -62
   848   -60
   849   -62
   850   -60
   851   -61
   852   -60
   853   -61
   854   -61
   855   -61
   856   -61
   857   -60
   858   -61
   859   -60
   860   -62
   861   -60
   862   -62
   863   -59
   864   -62
   865   -60
   866   -62
   867   -60
   868   -61
   869   -60
   870   -61
   871   -61
   872   -61
   873   -61
   874   -60
   875   -61
   876   -60
   877   -62
   878   -60
   879   -62
   880   -60
   881   -62
   882   -60
   883   -62
   884   -60
   885   -61
   886   -60
   887   -61
   888   -61
   889   -61
   890   -61
   891   -60
   892   -62
   893   -60
   894   -62
   895   -60
   896   -62
   897   -60
   898   -62
   899   -60
   900   -61
   901   -60
   902   -61
   903   -61
   904   -61
   905   -61
   906   -60
   907   -61
   908   -60
   909   -61
   910   -60
   911   -62
   912   -60
   913   -62
   914   -60
   915   -62
   916   -60
   917   -61
   918   -60
   919   -61
   920   -60
   921   -61
   922   -61
   923   -60
   924   -61
   925   -60
   926   -62
   927   -60
   928   -62
   929   -60
   930   -62
   931   -60
   932   -62
   933   -60
   934   -61
   935   -60
   936   -61
   937   -61
   938   -60
   939   -61
   940   -61
   941   -62
   942   -60
   943   -62
   944   -60
   945   -62
   946   -60
   947   -62
   948   -60
   949   -62
   950   -60
   951   -61
   952   -60
   953   -61
   954   -61
   955   -61
   956   -61
   957   -60
   958   -61
   959   -60
   960   -62
   961   -60
   962   -62
   963   -60
   964   -62
   965   -60
   966   -62
   967   -60
   968   -61
   969   -61
   970   -61
   971   -61
   972   -60
   973   -61
   974   -60
   975   -61
   976   -60
   977   -62
   978   -60
   979   -62
   980   -60
   981   -62
   982   -60
   983   -62
   984   -61
   985   -61
   986   -61
   987   -60
   988   -61
   989   -60
   990   -62
   991   -60
   992   -62
   993   -60
   994   -62
   995   -60
   996   -62
   997   -60
   998   -61
   999   -60
