   0   0
   1   -61
   2   -61
   3   -61
   4   -61
   5   -61
   6   -61
   7   -61
   8   -61
   9   -62
   10   -61
   11   -62
   12   -61
   13   -62
   14   -61
   15   -62
   16   -61
   17   -62
   18   -61
   19   -62
   20   -61
   21   -61
   22   -61
   23   -61
   24   -61
   25   -61
   26   -62
   27   -61
   28   -62
   29   -61
   30   -62
   31   -61
   32   -62
   33   -61
   34   -62
   35   -61
   36   -62
   37   -61
   38   -61
   39   -61
   40   -61
   41   -62
   42   -61
   43   -61
   44   -61
   45   -62
   46   -61
   47   -62
   48   -61
   49   -61
   50   -61
   51   -61
   52   -61
   53   -61
   54   -61
   55   -61
   56   -61
   57   -61
   58   -62
   59   -61
   60   -62
   61   -61
   62   -61
   63   -61
   64   -62
   65   -61
   66   -61
   67   -61
   68   -61
   69   -61
   70   -61
   71   -61
   72   -61
   73   -61
   74   -61
   75   -62
   76   -61
   77   -62
   78   -61
   79   -62
   80   -61
   81   -62
   82   -61
   83   -61
   84   -61
   85   -61
   86   -61
   87   -61
   88   -61
   89   -61
   90   -61
   91   -61
   92   -62
   93   -61
   94   -62
   95   -61
   96   -61
   97   -61
   98   -61
   99   -61
   100   -61
   101   -61
   102   -61
   103   -61
   104   -61
   105   -61
   106   -61
   107   -61
   108   -61
   109   -62
   110   -61
   111   -62
   112   -61
   113   -62
   114   -61
   115   -61
   116   -61
   117   -61
   118   -61
   119   -61
   120   -61
   121   -61
   122   -61
   123   -61
   124   -62
   125   -61
   126   -62
   127   -61
   128   -62
   129   -61
   130   -62
   131   -61
   132   -61
   133   -61
   134   -61
   135   -61
   136   -61
   137   -61
   138   -61
   139   -62
   140   -61
   141   -61
   142   -61
   143   -62
   144   -61
   145   -62
   146   -61
   147   -62
   148   -61
   149   -61
   150   -61
   151   -61
   152   -61
   153   -61
   154   -61
   155   -61
   156   -62
   157   -61
   158   -62
   159   -61
   160   -62
   161   -61
   162   -62
   163   -61
   164   -61
   165   -61
   166   -61
   167   -61
   168   -61
   169   -62
   170   -61
   171   -61
   172   -61
   173   -61
   174   -61
   175   -62
   176   -61
   177   -62
   178   -60
   179   -61
   180   -61
   181   -61
   182   -61
   183   -61
   184   -61
   185   -61
   186   -62
   187   -61
   188   -61
   189   -60
   190   -62
   191   -61
   192   -62
   193   -61
   194   -61
   195   -61
   196   -61
   197   -61
   198   -62
   199   -61
   200   -62
   201   -60
   202   -37
   203   14
   204   43
   205   48
   206   46
   207   41
   208   40
   209   40
   210   41
   211   42
   212   42
   213   41
   214   41
   215   42
   216   42
   217   42
   218   42
   219   42
   220   41
   221   42
   222   41
   223   43
   224   41
   225   42
   226   41
   227   42
   228   41
   229   42
   230   41
   231   41
   232   41
   233   41
   234   41
   235   41
   236   41
   237   40
   238   42
   239   41
   240   42
   241   41
   242   41
   243   40
   244   41
   245   40
   246   41
   247   41
   248   41
   249   40
   250   40
   251   41
   252   40
   253   41
   254   40
   255   40
   256   39
   257   41
   258   40
   259   40
   260   40
   261   40
   262   40
   263   40
   264   40
   265   39
   266   40
   267   39
   268   40
   269   39
   270   40
   271   39
   272   40
   273   39
   274   40
   275   39
   276   40
   277   38
   278   39
   279   39
   280   39
   281   39
   282   39
   283   39
   284   38
   285   39
   286   38
   287   39
   288   38
   289   39
   290   37
   291   38
   292   38
   293   39
   294   38
   295   38
   296   38
   297   38
   298   38
   299   37
   300   38
   301   37
   302   38
   303   37
   304   38
   305   37
   306   38
   307   37
   308   38
   309   37
   310   38
   311   37
   312   37
   313   37
   314   37
   315   37
   316   37
   317   37
   318   36
   319   37
   320   36
   321   37
   322   36
   323   37
   324   36
   325   37
   326   36
   327   36
   328   36
   329   36
   330   36
   331   36
   332   36
   333   35
   334   36
   335   35
   336   36
   337   35
   338   36
   339   35
   340   36
   341   34
   342   35
   343   35
   344   35
   345   35
   346   35
   347   35
   348   34
   349   35
   350   34
   351   35
   352   34
   353   35
   354   33
   355   35
   356   34
   357   35
   358   34
   359   34
   360   33
   361   34
   362   34
   363   34
   364   34
   365   33
   366   34
   367   33
   368   34
   369   33
   370   34
   371   32
   372   33
   373   32
   374   33
   375   33
   376   33
   377   32
   378   32
   379   32
   380   32
   381   32
   382   31
   383   32
   384   30
   385   31
   386   28
   387   28
   388   25
   389   24
   390   21
   391   18
   392   14
   393   10
   394   4
   395   -1
   396   -6
   397   -13
   398   -17
   399   -24
   400   -28
   401   -35
   402   -38
   403   -43
   404   -45
   405   -50
   406   -51
   407   -54
   408   -55
   409   -57
   410   -57
   411   -58
   412   -58
   413   -59
   414   -60
   415   -59
   416   -60
   417   -59
   418   -60
   419   -59
   420   -61
   421   -59
   422   -60
   423   -59
   424   -60
   425   -60
   426   -60
   427   -60
   428   -60
   429   -60
   430   -60
   431   -60
   432   -60
   433   -61
   434   -60
   435   -61
   436   -59
   437   -61
   438   -60
   439   -61
   440   -60
   441   -60
   442   -60
   443   -60
   444   -60
   445   -60
   446   -61
   447   -60
   448   -61
   449   -60
   450   -61
   451   -59
   452   -61
   453   -60
   454   -61
   455   -60
   456   -61
   457   -60
   458   -60
   459   -60
   460   -60
   461   -61
   462   -60
   463   -61
   464   -60
   465   -61
   466   -60
   467   -61
   468   -60
   469   -61
   470   -60
   471   -61
   472   -60
   473   -61
   474   -60
   475   -61
   476   -60
   477   -60
   478   -61
   479   -60
   480   -61
   481   -60
   482   -61
   483   -60
   484   -61
   485   -60
   486   -61
   487   -60
   488   -61
   489   -60
   490   -61
   491   -60
   492   -61
   493   -60
   494   -60
   495   -61
   496   -60
   497   -61
   498   -60
   499   -61
   500   -60
   501   -61
   502   -60
   503   -61
   504   -60
   505   -61
   506   -60
   507   -61
   508   -61
   509   -60
   510   -61
   511   -60
   512   -61
   513   -60
   514   -62
   515   -60
   516   -62
   517   -60
   518   -62
   519   -60
   520   -61
   521   -60
   522   -61
   523   -60
   524   -61
   525   -61
   526   -61
   527   -61
   528   -60
   529   -61
   530   -60
   531   -62
   532   -60
   533   -61
   534   -60
   535   -61
   536   -60
   537   -61
   538   -60
   539   -61
   540   -60
   541   -61
   542   -61
   543   -61
   544   -61
   545   -61
   546   -61
   547   -60
   548   -62
   549   -60
   550   -62
   551   -60
   552   -62
   553   -60
   554   -61
   555   -60
   556   -61
   557   -61
   558   -61
   559   -61
   560   -60
   561   -61
   562   -60
   563   -62
   564   -60
   565   -62
   566   -60
   567   -62
   568   -60
   569   -61
   570   -60
   571   -61
   572   -60
   573   -61
   574   -61
   575   -61
   576   -61
   577   -61
   578   -61
   579   -60
   580   -62
   581   -60
   582   -62
   583   -60
   584   -62
   585   -60
   586   -61
   587   -60
   588   -61
   589   -61
   590   -61
   591   -61
   592   -61
   593   -61
   594   -60
   595   -61
   596   -60
   597   -61
   598   -60
   599   -61
   600   -60
   601   -62
   602   -60
   603   -61
   604   -60
   605   -61
   606   -61
   607   -61
   608   -61
   609   -60
   610   -61
   611   -60
   612   -61
   613   -60
   614   -62
   615   -60
   616   -62
   617   -60
   618   -61
   619   -60
   620   -61
   621   -61
   622   -61
   623   -61
   624   -61
   625   -61
   626   -61
   627   -62
   628   -60
   629   -62
   630   -60
   631   -62
   632   -60
   633   -62
   634   -60
   635   -62
   636   -60
   637   -61
   638   -61
   639   -61
   640   -61
   641   -61
   642   -61
   643   -60
   644   -61
   645   -60
   646   -62
   647   -60
   648   -62
   649   -60
   650   -62
   651   -60
   652   -62
   653   -60
   654   -61
   655   -60
   656   -61
   657   -61
   658   -61
   659   -61
   660   -60
   661   -61
   662   -60
   663   -62
   664   -60
   665   -62
   666   -60
   667   -61
   668   -60
   669   -61
   670   -61
   671   -61
   672   -61
   673   -61
   674   -61
   675   -60
   676   -61
   677   -60
   678   -61
   679   -60
   680   -61
   681   -60
   682   -62
   683   -60
   684   -61
   685   -60
   686   -61
   687   -61
   688   -61
   689   -61
   690   -61
   691   -61
   692   -60
   693   -62
   694   -60
   695   -62
   696   -60
   697   -62
   698   -60
   699   -62
   700   -60
   701   -62
   702   -60
   703   -61
   704   -61
   705   -61
   706   -61
   707   -61
   708   -61
   709   -60
   710   -62
   711   -60
   712   -62
   713   -60
   714   -62
   715   -60
   716   -62
   717   -60
   718   -62
   719   -60
   720   -61
   721   -61
   722   -61
   723   -61
   724   -61
   725   -61
   726   -60
   727   -62
   728   -60
   729   -62
   730   -60
   731   -62
   732   -60
   733   -62
   734   -60
   735   -61
   736   -60
   737   -61
   738   -61
   739   -61
   740   -61
   741   -60
   742   -61
   743   -60
   744   -62
   745   -60
   746   -62
   747   -60
   748   -62
   749   -60
   750   -62
   751   -61
   752   -61
   753   -61
   754   -61
   755   -61
   756   -61
   757   -61
   758   -60
   759   -62
   760   -60
   761   -62
   762   -60
   763   -62
   764   -60
   765   -62
   766   -60
   767   -62
   768   -60
   769   -61
   770   -61
   771   -61
   772   -61
   773   -61
   774   -61
   775   -60
   776   -62
   777   -60
   778   -62
   779   -60
   780   -62
   781   -60
   782   -62
   783   -60
   784   -62
   785   -61
   786   -61
   787   -61
   788   -61
   789   -61
   790   -61
   791   -62
   792   -60
   793   -62
   794   -60
   795   -62
   796   -60
   797   -62
   798   -60
   799   -62
   800   -60
   801   -61
   802   -61
   803   -61
   804   -61
   805   -61
   806   -61
   807   -60
   808   -62
   809   -60
   810   -62
   811   -60
   812   -62
   813   -60
   814   -62
   815   -60
   816   -62
   817   -60
   818   -61
   819   -61
   820   -61
   821   -61
   822   -61
   823   -62
   824   -60
   825   -62
   826   -60
   827   -62
   828   -60
   829   -62
   830   -60
   831   -62
   832   -60
   833   -62
   834   -60
   835   -61
   836   -61
   837   -61
   838   -61
   839   -60
   840   -62
   841   -60
   842   -62
   843   -60
   844   -62
   845   -60
   846   -62
   847   -60
   848   -62
   849   -60
   850   -61
   851   -61
   852   -61
   853   -61
   854   -61
   855   -61
   856   -60
   857   -62
   858   -60
   859   -62
   860   -60
   861   -62
   862   -60
   863   -62
   864   -60
   865   -61
   866   -61
   867   -61
   868   -61
   869   -61
   870   -61
   871   -60
   872   -62
   873   -60
   874   -62
   875   -60
   876   -62
   877   -60
   878   -62
   879   -60
   880   -62
   881   -60
   882   -61
   883   -61
   884   -61
   885   -61
   886   -61
   887   -61
   888   -60
   889   -62
   890   -60
   891   -62
   892   -60
   893   -62
   894   -60
   895   -62
   896   -60
   897   -62
   898   -60
   899   -61
   900   -61
   901   -61
   902   -61
   903   -61
   904   -61
   905   -60
   906   -62
   907   -60
   908   -62
   909   -60
   910   -62
   911   -60
   912   -62
   913   -60
   914   -61
   915   -61
   916   -61
   917   -61
   918   -61
   919   -61
   920   -60
   921   -62
   922   -60
   923   -62
   924   -60
   925   -62
   926   -60
   927   -62
   928   -60
   929   -62
   930   -60
   931   -62
   932   -61
   933   -61
   934   -61
   935   -61
   936   -61
   937   -60
   938   -62
   939   -60
   940   -62
   941   -60
   942   -62
   943   -60
   944   -62
   945   -60
   946   -62
   947   -60
   948   -61
   949   -60
   950   -61
   951   -61
   952   -61
   953   -61
   954   -60
   955   -62
   956   -60
   957   -62
   958   -60
   959   -62
   960   -60
   961   -62
   962   -60
   963   -62
   964   -60
   965   -61
   966   -61
   967   -61
   968   -61
   969   -60
   970   -62
   971   -60
   972   -62
   973   -60
   974   -62
   975   -60
   976   -62
   977   -60
   978   -62
   979   -60
   980   -61
   981   -61
   982   -61
   983   -61
   984   -61
   985   -61
   986   -61
   987   -62
   988   -60
   989   -62
   990   -60
   991   -62
   992   -60
   993   -62
   994   -60
   995   -62
   996   -60
   997   -61
   998   -61
   999   -61
