   0   0
   1   -62
   2   -60
   3   -63
   4   -60
   5   -62
   6   -60
   7   -62
   8   -60
   9   -61
   10   -61
   11   -61
   12   -61
   13   -60
   14   -62
   15   -60
   16   -62
   17   -60
   18   -63
   19   -60
   20   -63
   21   -60
   22   -62
   23   -60
   24   -62
   25   -61
   26   -61
   27   -61
   28   -61
   29   -62
   30   -60
   31   -62
   32   -60
   33   -62
   34   -60
   35   -63
   36   -60
   37   -62
   38   -60
   39   -62
   40   -60
   41   -62
   42   -61
   43   -61
   44   -62
   45   -61
   46   -62
   47   -60
   48   -62
   49   -59
   50   -62
   51   -60
   52   -63
   53   -60
   54   -62
   55   -60
   56   -62
   57   -60
   58   -61
   59   -61
   60   -61
   61   -62
   62   -60
   63   -62
   64   -60
   65   -62
   66   -60
   67   -62
   68   -60
   69   -63
   70   -60
   71   -62
   72   -60
   73   -62
   74   -61
   75   -61
   76   -61
   77   -61
   78   -62
   79   -60
   80   -62
   81   -60
   82   -63
   83   -59
   84   -63
   85   -60
   86   -63
   87   -60
   88   -62
   89   -60
   90   -62
   91   -61
   92   -61
   93   -61
   94   -61
   95   -62
   96   -60
   97   -62
   98   -60
   99   -62
   100   -59
   101   -62
   102   -60
   103   -63
   104   -60
   105   -62
   106   -60
   107   -61
   108   -61
   109   -61
   110   -61
   111   -60
   112   -62
   113   -60
   114   -62
   115   -60
   116   -62
   117   -60
   118   -62
   119   -60
   120   -62
   121   -60
   122   -62
   123   -61
   124   -61
   125   -61
   126   -61
   127   -62
   128   -60
   129   -62
   130   -60
   131   -62
   132   -60
   133   -63
   134   -60
   135   -62
   136   -60
   137   -62
   138   -60
   139   -62
   140   -61
   141   -61
   142   -61
   143   -60
   144   -62
   145   -60
   146   -62
   147   -60
   148   -62
   149   -59
   150   -62
   151   -60
   152   -63
   153   -60
   154   -62
   155   -60
   156   -62
   157   -61
   158   -61
   159   -61
   160   -60
   161   -62
   162   -60
   163   -62
   164   -60
   165   -62
   166   -59
   167   -63
   168   -60
   169   -62
   170   -60
   171   -62
   172   -60
   173   -61
   174   -61
   175   -61
   176   -62
   177   -60
   178   -62
   179   -60
   180   -62
   181   -60
   182   -62
   183   -60
   184   -62
   185   -60
   186   -62
   187   -60
   188   -61
   189   -61
   190   -61
   191   -61
   192   -61
   193   -62
   194   -59
   195   -62
   196   -60
   197   -63
   198   -60
   199   -62
   200   -61
   201   -61
   202   -30
   203   22
   204   38
   205   34
   206   27
   207   25
   208   23
   209   26
   210   25
   211   29
   212   25
   213   29
   214   25
   215   30
   216   26
   217   30
   218   27
   219   30
   220   28
   221   29
   222   29
   223   30
   224   30
   225   29
   226   31
   227   29
   228   32
   229   29
   230   32
   231   29
   232   32
   233   30
   234   33
   235   30
   236   33
   237   31
   238   33
   239   33
   240   33
   241   33
   242   32
   243   33
   244   32
   245   34
   246   32
   247   35
   248   32
   249   35
   250   32
   251   35
   252   34
   253   35
   254   34
   255   35
   256   35
   257   34
   258   36
   259   35
   260   37
   261   34
   262   37
   263   35
   264   38
   265   35
   266   38
   267   35
   268   38
   269   36
   270   38
   271   37
   272   37
   273   37
   274   37
   275   39
   276   37
   277   39
   278   36
   279   40
   280   37
   281   40
   282   37
   283   40
   284   38
   285   40
   286   38
   287   40
   288   39
   289   39
   290   40
   291   39
   292   41
   293   39
   294   42
   295   39
   296   42
   297   39
   298   43
   299   40
   300   43
   301   40
   302   43
   303   42
   304   43
   305   42
   306   42
   307   43
   308   42
   309   44
   310   42
   311   45
   312   42
   313   45
   314   42
   315   45
   316   43
   317   45
   318   43
   319   45
   320   44
   321   45
   322   45
   323   45
   324   46
   325   44
   326   47
   327   44
   328   47
   329   45
   330   48
   331   45
   332   48
   333   45
   334   48
   335   46
   336   48
   337   47
   338   48
   339   48
   340   47
   341   49
   342   47
   343   49
   344   47
   345   50
   346   47
   347   50
   348   47
   349   50
   350   47
   351   49
   352   48
   353   49
   354   48
   355   47
   356   47
   357   45
   358   47
   359   44
   360   46
   361   42
   362   44
   363   39
   364   41
   365   37
   366   38
   367   34
   368   34
   369   31
   370   29
   371   27
   372   24
   373   23
   374   19
   375   18
   376   13
   377   13
   378   8
   379   8
   380   2
   381   2
   382   -3
   383   -4
   384   -9
   385   -10
   386   -14
   387   -16
   388   -18
   389   -22
   390   -23
   391   -28
   392   -27
   393   -32
   394   -31
   395   -36
   396   -35
   397   -40
   398   -39
   399   -43
   400   -42
   401   -45
   402   -45
   403   -47
   404   -48
   405   -48
   406   -50
   407   -50
   408   -52
   409   -50
   410   -54
   411   -51
   412   -55
   413   -52
   414   -55
   415   -53
   416   -56
   417   -54
   418   -56
   419   -55
   420   -55
   421   -56
   422   -55
   423   -57
   424   -55
   425   -57
   426   -55
   427   -58
   428   -55
   429   -58
   430   -55
   431   -58
   432   -55
   433   -57
   434   -56
   435   -57
   436   -57
   437   -56
   438   -57
   439   -56
   440   -58
   441   -55
   442   -58
   443   -55
   444   -58
   445   -55
   446   -58
   447   -55
   448   -58
   449   -56
   450   -57
   451   -57
   452   -57
   453   -57
   454   -56
   455   -57
   456   -56
   457   -58
   458   -55
   459   -58
   460   -55
   461   -59
   462   -55
   463   -58
   464   -56
   465   -58
   466   -56
   467   -58
   468   -57
   469   -57
   470   -57
   471   -57
   472   -58
   473   -56
   474   -58
   475   -56
   476   -59
   477   -56
   478   -59
   479   -56
   480   -59
   481   -56
   482   -58
   483   -57
   484   -58
   485   -57
   486   -57
   487   -58
   488   -57
   489   -58
   490   -56
   491   -59
   492   -56
   493   -59
   494   -56
   495   -59
   496   -56
   497   -59
   498   -56
   499   -58
   500   -57
   501   -58
   502   -58
   503   -57
   504   -58
   505   -57
   506   -59
   507   -56
   508   -59
   509   -56
   510   -59
   511   -56
   512   -59
   513   -56
   514   -59
   515   -57
   516   -59
   517   -57
   518   -58
   519   -58
   520   -57
   521   -59
   522   -57
   523   -59
   524   -57
   525   -60
   526   -56
   527   -59
   528   -56
   529   -59
   530   -57
   531   -59
   532   -57
   533   -59
   534   -58
   535   -58
   536   -58
   537   -58
   538   -59
   539   -57
   540   -59
   541   -57
   542   -59
   543   -57
   544   -60
   545   -57
   546   -59
   547   -57
   548   -59
   549   -58
   550   -59
   551   -58
   552   -58
   553   -58
   554   -57
   555   -59
   556   -57
   557   -60
   558   -57
   559   -60
   560   -57
   561   -60
   562   -57
   563   -59
   564   -58
   565   -59
   566   -58
   567   -58
   568   -59
   569   -58
   570   -59
   571   -58
   572   -60
   573   -57
   574   -60
   575   -57
   576   -60
   577   -57
   578   -60
   579   -57
   580   -59
   581   -58
   582   -59
   583   -58
   584   -58
   585   -59
   586   -58
   587   -60
   588   -58
   589   -60
   590   -57
   591   -60
   592   -57
   593   -60
   594   -57
   595   -60
   596   -58
   597   -60
   598   -58
   599   -59
   600   -58
   601   -59
   602   -59
   603   -58
   604   -60
   605   -58
   606   -60
   607   -57
   608   -60
   609   -57
   610   -60
   611   -57
   612   -60
   613   -58
   614   -60
   615   -58
   616   -59
   617   -59
   618   -59
   619   -60
   620   -58
   621   -60
   622   -57
   623   -60
   624   -57
   625   -60
   626   -58
   627   -60
   628   -58
   629   -60
   630   -58
   631   -60
   632   -59
   633   -59
   634   -59
   635   -58
   636   -60
   637   -58
   638   -60
   639   -58
   640   -60
   641   -58
   642   -60
   643   -58
   644   -60
   645   -58
   646   -60
   647   -58
   648   -59
   649   -59
   650   -59
   651   -60
   652   -58
   653   -60
   654   -58
   655   -60
   656   -58
   657   -60
   658   -58
   659   -61
   660   -58
   661   -60
   662   -58
   663   -60
   664   -59
   665   -60
   666   -59
   667   -59
   668   -60
   669   -58
   670   -60
   671   -58
   672   -60
   673   -58
   674   -61
   675   -58
   676   -61
   677   -58
   678   -60
   679   -58
   680   -60
   681   -59
   682   -59
   683   -59
   684   -59
   685   -60
   686   -59
   687   -60
   688   -58
   689   -61
   690   -58
   691   -61
   692   -58
   693   -61
   694   -58
   695   -60
   696   -59
   697   -60
   698   -59
   699   -59
   700   -59
   701   -59
   702   -60
   703   -58
   704   -61
   705   -58
   706   -61
   707   -58
   708   -61
   709   -58
   710   -61
   711   -58
   712   -60
   713   -59
   714   -60
   715   -59
   716   -59
   717   -60
   718   -59
   719   -60
   720   -58
   721   -61
   722   -58
   723   -61
   724   -58
   725   -61
   726   -58
   727   -60
   728   -58
   729   -60
   730   -59
   731   -60
   732   -60
   733   -59
   734   -60
   735   -59
   736   -60
   737   -58
   738   -61
   739   -58
   740   -61
   741   -58
   742   -61
   743   -59
   744   -61
   745   -59
   746   -60
   747   -59
   748   -60
   749   -60
   750   -59
   751   -60
   752   -59
   753   -60
   754   -58
   755   -61
   756   -58
   757   -61
   758   -58
   759   -61
   760   -58
   761   -60
   762   -59
   763   -60
   764   -59
   765   -59
   766   -60
   767   -59
   768   -60
   769   -59
   770   -61
   771   -58
   772   -61
   773   -58
   774   -61
   775   -58
   776   -61
   777   -59
   778   -60
   779   -59
   780   -60
   781   -60
   782   -59
   783   -60
   784   -59
   785   -61
   786   -59
   787   -61
   788   -58
   789   -61
   790   -58
   791   -61
   792   -59
   793   -61
   794   -59
   795   -60
   796   -59
   797   -60
   798   -60
   799   -59
   800   -60
   801   -59
   802   -61
   803   -59
   804   -61
   805   -58
   806   -61
   807   -59
   808   -61
   809   -59
   810   -61
   811   -59
   812   -60
   813   -59
   814   -60
   815   -60
   816   -59
   817   -60
   818   -59
   819   -61
   820   -59
   821   -61
   822   -59
   823   -61
   824   -59
   825   -61
   826   -59
   827   -60
   828   -59
   829   -60
   830   -60
   831   -59
   832   -60
   833   -59
   834   -61
   835   -59
   836   -61
   837   -58
   838   -61
   839   -58
   840   -61
   841   -59
   842   -61
   843   -59
   844   -61
   845   -59
   846   -60
   847   -60
   848   -59
   849   -60
   850   -59
   851   -61
   852   -59
   853   -61
   854   -59
   855   -61
   856   -58
   857   -61
   858   -59
   859   -61
   860   -59
   861   -60
   862   -60
   863   -60
   864   -60
   865   -60
   866   -60
   867   -59
   868   -61
   869   -59
   870   -61
   871   -59
   872   -61
   873   -59
   874   -61
   875   -59
   876   -61
   877   -59
   878   -60
   879   -60
   880   -60
   881   -60
   882   -59
   883   -61
   884   -59
   885   -61
   886   -59
   887   -61
   888   -59
   889   -61
   890   -59
   891   -61
   892   -59
   893   -60
   894   -59
   895   -60
   896   -60
   897   -59
   898   -60
   899   -59
   900   -61
   901   -59
   902   -61
   903   -59
   904   -61
   905   -59
   906   -61
   907   -59
   908   -61
   909   -59
   910   -61
   911   -59
   912   -60
   913   -60
   914   -60
   915   -60
   916   -59
   917   -61
   918   -59
   919   -61
   920   -59
   921   -61
   922   -59
   923   -61
   924   -59
   925   -61
   926   -59
   927   -61
   928   -60
   929   -60
   930   -60
   931   -59
   932   -60
   933   -59
   934   -61
   935   -59
   936   -61
   937   -59
   938   -61
   939   -59
   940   -61
   941   -59
   942   -61
   943   -59
   944   -61
   945   -60
   946   -60
   947   -60
   948   -59
   949   -61
   950   -59
   951   -61
   952   -59
   953   -61
   954   -59
   955   -61
   956   -59
   957   -61
   958   -59
   959   -61
   960   -60
   961   -60
   962   -60
   963   -60
   964   -61
   965   -60
   966   -61
   967   -59
   968   -61
   969   -59
   970   -61
   971   -59
   972   -61
   973   -59
   974   -61
   975   -59
   976   -61
   977   -60
   978   -60
   979   -60
   980   -60
   981   -61
   982   -59
   983   -61
   984   -59
   985   -61
   986   -59
   987   -61
   988   -59
   989   -61
   990   -59
   991   -61
   992   -59
   993   -61
   994   -60
   995   -60
   996   -60
   997   -60
   998   -61
   999   -59
