   0   0
   1   -66
   2   -66
   3   -66
   4   -66
   5   -67
   6   -67
   7   -67
   8   -68
   9   -68
   10   -68
   11   -69
   12   -69
   13   -68
   14   -68
   15   -68
   16   -67
   17   -66
   18   -67
   19   -66
   20   -65
   21   -66
   22   -67
   23   -67
   24   -67
   25   -68
   26   -68
   27   -68
   28   -69
   29   -68
   30   -68
   31   -68
   32   -67
   33   -67
   34   -67
   35   -66
   36   -66
   37   -66
   38   -66
   39   -67
   40   -67
   41   -68
   42   -68
   43   -68
   44   -69
   45   -69
   46   -68
   47   -68
   48   -68
   49   -67
   50   -67
   51   -66
   52   -66
   53   -67
   54   -66
   55   -67
   56   -67
   57   -67
   58   -68
   59   -68
   60   -68
   61   -68
   62   -69
   63   -68
   64   -67
   65   -67
   66   -67
   67   -66
   68   -66
   69   -66
   70   -66
   71   -66
   72   -67
   73   -67
   74   -68
   75   -68
   76   -69
   77   -69
   78   -69
   79   -68
   80   -68
   81   -67
   82   -67
   83   -66
   84   -66
   85   -66
   86   -65
   87   -66
   88   -67
   89   -66
   90   -68
   91   -68
   92   -68
   93   -69
   94   -69
   95   -69
   96   -68
   97   -67
   98   -67
   99   -67
   100   -66
   101   -66
   102   -66
   103   -65
   104   -66
   105   -66
   106   -68
   107   -68
   108   -68
   109   -69
   110   -69
   111   -69
   112   -69
   113   -68
   114   -68
   115   -66
   116   -67
   117   -66
   118   -65
   119   -66
   120   -66
   121   -67
   122   -67
   123   -68
   124   -68
   125   -69
   126   -69
   127   -69
   128   -68
   129   -69
   130   -67
   131   -67
   132   -67
   133   -66
   134   -65
   135   -66
   136   -65
   137   -66
   138   -66
   139   -67
   140   -67
   141   -68
   142   -69
   143   -69
   144   -69
   145   -69
   146   -68
   147   -67
   148   -67
   149   -67
   150   -66
   151   -65
   152   -65
   153   -66
   154   -66
   155   -66
   156   -68
   157   -68
   158   -69
   159   -69
   160   -68
   161   -69
   162   -68
   163   -68
   164   -67
   165   -67
   166   -66
   167   -65
   168   -65
   169   -66
   170   -66
   171   -66
   172   -67
   173   -67
   174   -69
   175   -69
   176   -69
   177   -69
   178   -69
   179   -68
   180   -67
   181   -67
   182   -66
   183   -66
   184   -65
   185   -66
   186   -66
   187   -67
   188   -67
   189   -68
   190   -68
   191   -69
   192   -69
   193   -70
   194   -68
   195   -69
   196   -68
   197   -67
   198   -66
   199   -66
   200   -66
   201   -33
   202   29
   203   -18
   204   -22
   205   -16
   206   -16
   207   -18
   208   -16
   209   -17
   210   -16
   211   -15
   212   -13
   213   -14
   214   -13
   215   -12
   216   -11
   217   -11
   218   -11
   219   -11
   220   -11
   221   -12
   222   -14
   223   -13
   224   -14
   225   -14
   226   -14
   227   -14
   228   -14
   229   -12
   230   -12
   231   -11
   232   -11
   233   -10
   234   -10
   235   -10
   236   -11
   237   -11
   238   -12
   239   -13
   240   -14
   241   -14
   242   -14
   243   -14
   244   -13
   245   -14
   246   -12
   247   -11
   248   -11
   249   -10
   250   -11
   251   -11
   252   -11
   253   -12
   254   -13
   255   -13
   256   -14
   257   -16
   258   -15
   259   -15
   260   -15
   261   -14
   262   -14
   263   -13
   264   -12
   265   -11
   266   -11
   267   -11
   268   -12
   269   -12
   270   -13
   271   -14
   272   -15
   273   -15
   274   -16
   275   -16
   276   -16
   277   -15
   278   -15
   279   -14
   280   -13
   281   -12
   282   -12
   283   -12
   284   -12
   285   -13
   286   -13
   287   -14
   288   -15
   289   -15
   290   -16
   291   -17
   292   -16
   293   -16
   294   -16
   295   -15
   296   -14
   297   -14
   298   -13
   299   -13
   300   -13
   301   -13
   302   -13
   303   -15
   304   -15
   305   -16
   306   -17
   307   -18
   308   -17
   309   -17
   310   -17
   311   -16
   312   -15
   313   -15
   314   -14
   315   -14
   316   -14
   317   -14
   318   -14
   319   -15
   320   -16
   321   -17
   322   -18
   323   -18
   324   -18
   325   -18
   326   -17
   327   -17
   328   -17
   329   -15
   330   -15
   331   -15
   332   -14
   333   -14
   334   -15
   335   -15
   336   -16
   337   -17
   338   -18
   339   -19
   340   -19
   341   -19
   342   -19
   343   -19
   344   -18
   345   -18
   346   -17
   347   -16
   348   -16
   349   -17
   350   -18
   351   -18
   352   -20
   353   -21
   354   -22
   355   -24
   356   -25
   357   -26
   358   -27
   359   -27
   360   -27
   361   -28
   362   -27
   363   -28
   364   -28
   365   -30
   366   -31
   367   -32
   368   -35
   369   -37
   370   -39
   371   -41
   372   -43
   373   -44
   374   -46
   375   -46
   376   -47
   377   -48
   378   -48
   379   -49
   380   -49
   381   -50
   382   -51
   383   -52
   384   -53
   385   -56
   386   -57
   387   -59
   388   -60
   389   -61
   390   -63
   391   -62
   392   -63
   393   -63
   394   -62
   395   -62
   396   -62
   397   -62
   398   -62
   399   -62
   400   -63
   401   -64
   402   -65
   403   -67
   404   -66
   405   -68
   406   -68
   407   -68
   408   -68
   409   -68
   410   -68
   411   -67
   412   -66
   413   -65
   414   -64
   415   -64
   416   -65
   417   -66
   418   -66
   419   -67
   420   -68
   421   -68
   422   -69
   423   -70
   424   -69
   425   -68
   426   -68
   427   -67
   428   -66
   429   -65
   430   -65
   431   -64
   432   -65
   433   -65
   434   -65
   435   -66
   436   -67
   437   -67
   438   -68
   439   -69
   440   -69
   441   -68
   442   -68
   443   -67
   444   -66
   445   -65
   446   -65
   447   -65
   448   -65
   449   -65
   450   -65
   451   -67
   452   -67
   453   -68
   454   -69
   455   -69
   456   -69
   457   -69
   458   -69
   459   -67
   460   -67
   461   -67
   462   -65
   463   -64
   464   -64
   465   -65
   466   -66
   467   -66
   468   -67
   469   -68
   470   -68
   471   -69
   472   -69
   473   -69
   474   -68
   475   -68
   476   -67
   477   -66
   478   -65
   479   -65
   480   -64
   481   -65
   482   -65
   483   -66
   484   -66
   485   -68
   486   -68
   487   -68
   488   -69
   489   -69
   490   -69
   491   -68
   492   -67
   493   -67
   494   -66
   495   -66
   496   -65
   497   -65
   498   -65
   499   -66
   500   -66
   501   -67
   502   -68
   503   -68
   504   -69
   505   -69
   506   -69
   507   -68
   508   -67
   509   -67
   510   -66
   511   -65
   512   -65
   513   -65
   514   -64
   515   -66
   516   -66
   517   -67
   518   -67
   519   -69
   520   -69
   521   -69
   522   -70
   523   -69
   524   -68
   525   -68
   526   -66
   527   -65
   528   -66
   529   -65
   530   -65
   531   -66
   532   -66
   533   -67
   534   -67
   535   -68
   536   -69
   537   -69
   538   -68
   539   -68
   540   -68
   541   -68
   542   -66
   543   -66
   544   -65
   545   -65
   546   -65
   547   -65
   548   -65
   549   -66
   550   -67
   551   -67
   552   -68
   553   -68
   554   -68
   555   -69
   556   -68
   557   -68
   558   -67
   559   -66
   560   -66
   561   -65
   562   -65
   563   -65
   564   -65
   565   -66
   566   -67
   567   -67
   568   -68
   569   -69
   570   -69
   571   -69
   572   -68
   573   -68
   574   -67
   575   -67
   576   -66
   577   -66
   578   -65
   579   -65
   580   -65
   581   -65
   582   -66
   583   -67
   584   -67
   585   -68
   586   -68
   587   -68
   588   -68
   589   -69
   590   -68
   591   -67
   592   -67
   593   -66
   594   -65
   595   -65
   596   -65
   597   -65
   598   -66
   599   -67
   600   -67
   601   -68
   602   -69
   603   -69
   604   -69
   605   -69
   606   -68
   607   -67
   608   -66
   609   -67
   610   -66
   611   -65
   612   -65
   613   -66
   614   -66
   615   -67
   616   -67
   617   -68
   618   -68
   619   -68
   620   -69
   621   -68
   622   -68
   623   -67
   624   -67
   625   -66
   626   -65
   627   -65
   628   -65
   629   -65
   630   -66
   631   -67
   632   -67
   633   -68
   634   -69
   635   -69
   636   -69
   637   -69
   638   -69
   639   -68
   640   -66
   641   -67
   642   -66
   643   -65
   644   -65
   645   -65
   646   -66
   647   -66
   648   -66
   649   -68
   650   -68
   651   -69
   652   -69
   653   -69
   654   -68
   655   -68
   656   -67
   657   -66
   658   -66
   659   -65
   660   -65
   661   -66
   662   -66
   663   -65
   664   -66
   665   -67
   666   -68
   667   -68
   668   -68
   669   -68
   670   -68
   671   -68
   672   -68
   673   -68
   674   -66
   675   -66
   676   -66
   677   -65
   678   -66
   679   -66
   680   -67
   681   -67
   682   -68
   683   -68
   684   -69
   685   -69
   686   -68
   687   -68
   688   -68
   689   -67
   690   -67
   691   -66
   692   -66
   693   -66
   694   -65
   695   -65
   696   -66
   697   -66
   698   -67
   699   -67
   700   -68
   701   -68
   702   -68
   703   -68
   704   -68
   705   -67
   706   -67
   707   -66
   708   -66
   709   -66
   710   -66
   711   -66
   712   -66
   713   -67
   714   -67
   715   -68
   716   -68
   717   -69
   718   -68
   719   -69
   720   -68
   721   -67
   722   -67
   723   -67
   724   -66
   725   -66
   726   -67
   727   -66
   728   -66
   729   -66
   730   -67
   731   -67
   732   -68
   733   -67
   734   -68
   735   -69
   736   -68
   737   -67
   738   -67
   739   -67
   740   -66
   741   -66
   742   -66
   743   -66
   744   -66
   745   -66
   746   -67
   747   -67
   748   -68
   749   -68
   750   -68
   751   -69
   752   -69
   753   -68
   754   -68
   755   -67
   756   -66
   757   -66
   758   -66
   759   -66
   760   -65
   761   -66
   762   -66
   763   -66
   764   -67
   765   -68
   766   -67
   767   -68
   768   -67
   769   -68
   770   -68
   771   -66
   772   -66
   773   -66
   774   -66
   775   -66
   776   -65
   777   -66
   778   -66
   779   -67
   780   -68
   781   -68
   782   -68
   783   -69
   784   -69
   785   -68
   786   -68
   787   -68
   788   -67
   789   -67
   790   -67
   791   -66
   792   -65
   793   -66
   794   -66
   795   -67
   796   -67
   797   -67
   798   -68
   799   -68
   800   -68
   801   -68
   802   -68
   803   -67
   804   -67
   805   -66
   806   -65
   807   -66
   808   -66
   809   -65
   810   -66
   811   -67
   812   -67
   813   -67
   814   -68
   815   -68
   816   -68
   817   -68
   818   -68
   819   -68
   820   -68
   821   -67
   822   -67
   823   -67
   824   -66
   825   -67
   826   -67
   827   -67
   828   -67
   829   -68
   830   -68
   831   -68
   832   -68
   833   -68
   834   -68
   835   -67
   836   -67
   837   -67
   838   -66
   839   -66
   840   -66
   841   -66
   842   -66
   843   -67
   844   -66
   845   -67
   846   -67
   847   -68
   848   -68
   849   -68
   850   -68
   851   -67
   852   -68
   853   -67
   854   -67
   855   -67
   856   -66
   857   -67
   858   -66
   859   -67
   860   -67
   861   -68
   862   -67
   863   -68
   864   -69
   865   -68
   866   -68
   867   -68
   868   -67
   869   -67
   870   -67
   871   -66
   872   -66
   873   -66
   874   -65
   875   -66
   876   -66
   877   -67
   878   -67
   879   -68
   880   -67
   881   -67
   882   -68
   883   -68
   884   -67
   885   -67
   886   -67
   887   -67
   888   -66
   889   -66
   890   -66
   891   -67
   892   -67
   893   -68
   894   -67
   895   -68
   896   -68
   897   -68
   898   -68
   899   -68
   900   -68
   901   -67
   902   -67
   903   -67
   904   -66
   905   -67
   906   -66
   907   -66
   908   -66
   909   -66
   910   -66
   911   -67
   912   -67
   913   -67
   914   -68
   915   -67
   916   -67
   917   -67
   918   -67
   919   -67
   920   -66
   921   -66
   922   -67
   923   -66
   924   -66
   925   -67
   926   -67
   927   -67
   928   -68
   929   -68
   930   -68
   931   -68
   932   -68
   933   -68
   934   -67
   935   -67
   936   -67
   937   -66
   938   -66
   939   -67
   940   -67
   941   -67
   942   -67
   943   -68
   944   -67
   945   -67
   946   -67
   947   -68
   948   -67
   949   -67
   950   -67
   951   -67
   952   -66
   953   -66
   954   -66
   955   -66
   956   -66
   957   -66
   958   -67
   959   -67
   960   -67
   961   -67
   962   -68
   963   -68
   964   -68
   965   -69
   966   -67
   967   -67
   968   -67
   969   -67
   970   -67
   971   -66
   972   -67
   973   -66
   974   -67
   975   -68
   976   -68
   977   -67
   978   -68
   979   -68
   980   -68
   981   -67
   982   -67
   983   -67
   984   -66
   985   -66
   986   -66
   987   -66
   988   -66
   989   -66
   990   -67
   991   -67
   992   -67
   993   -67
   994   -67
   995   -68
   996   -68
   997   -67
   998   -67
   999   -67
