   0   0
   1   -66
   2   -68
   3   -67
   4   -68
   5   -68
   6   -68
   7   -68
   8   -67
   9   -67
   10   -67
   11   -67
   12   -66
   13   -66
   14   -67
   15   -67
   16   -66
   17   -68
   18   -67
   19   -68
   20   -68
   21   -68
   22   -69
   23   -68
   24   -68
   25   -68
   26   -67
   27   -67
   28   -67
   29   -66
   30   -66
   31   -66
   32   -66
   33   -66
   34   -66
   35   -67
   36   -67
   37   -68
   38   -68
   39   -68
   40   -67
   41   -67
   42   -68
   43   -67
   44   -67
   45   -66
   46   -66
   47   -67
   48   -66
   49   -67
   50   -67
   51   -68
   52   -68
   53   -69
   54   -68
   55   -68
   56   -68
   57   -68
   58   -67
   59   -67
   60   -67
   61   -66
   62   -66
   63   -66
   64   -66
   65   -66
   66   -67
   67   -67
   68   -67
   69   -68
   70   -68
   71   -68
   72   -68
   73   -67
   74   -68
   75   -67
   76   -67
   77   -66
   78   -67
   79   -66
   80   -66
   81   -66
   82   -67
   83   -67
   84   -67
   85   -68
   86   -69
   87   -68
   88   -69
   89   -69
   90   -68
   91   -68
   92   -67
   93   -67
   94   -67
   95   -66
   96   -66
   97   -66
   98   -66
   99   -66
   100   -67
   101   -67
   102   -68
   103   -67
   104   -68
   105   -68
   106   -68
   107   -67
   108   -67
   109   -67
   110   -67
   111   -66
   112   -67
   113   -67
   114   -66
   115   -67
   116   -68
   117   -68
   118   -67
   119   -68
   120   -69
   121   -68
   122   -69
   123   -68
   124   -68
   125   -67
   126   -66
   127   -67
   128   -66
   129   -66
   130   -66
   131   -66
   132   -66
   133   -67
   134   -67
   135   -68
   136   -68
   137   -68
   138   -68
   139   -68
   140   -67
   141   -67
   142   -67
   143   -66
   144   -66
   145   -66
   146   -66
   147   -67
   148   -67
   149   -67
   150   -68
   151   -68
   152   -68
   153   -68
   154   -69
   155   -69
   156   -68
   157   -68
   158   -67
   159   -67
   160   -67
   161   -66
   162   -66
   163   -66
   164   -66
   165   -67
   166   -67
   167   -67
   168   -67
   169   -68
   170   -68
   171   -68
   172   -68
   173   -68
   174   -67
   175   -67
   176   -66
   177   -66
   178   -66
   179   -66
   180   -67
   181   -66
   182   -67
   183   -68
   184   -68
   185   -68
   186   -68
   187   -68
   188   -69
   189   -69
   190   -68
   191   -68
   192   -67
   193   -67
   194   -66
   195   -66
   196   -66
   197   -67
   198   -66
   199   -67
   200   -68
   201   -38
   202   34
   203   -7
   204   -11
   205   -5
   206   -3
   207   -4
   208   -1
   209   -1
   210   -1
   211   0
   212   1
   213   0
   214   0
   215   0
   216   -1
   217   -1
   218   -1
   219   -2
   220   0
   221   -1
   222   -2
   223   0
   224   0
   225   0
   226   2
   227   2
   228   1
   229   1
   230   0
   231   1
   232   1
   233   0
   234   -1
   235   0
   236   0
   237   0
   238   0
   239   0
   240   0
   241   1
   242   2
   243   1
   244   2
   245   1
   246   1
   247   1
   248   1
   249   -1
   250   -1
   251   -2
   252   -2
   253   -2
   254   -2
   255   -2
   256   -1
   257   -1
   258   -1
   259   0
   260   0
   261   0
   262   0
   263   0
   264   -1
   265   -1
   266   -2
   267   -2
   268   -2
   269   -3
   270   -2
   271   -2
   272   -1
   273   -1
   274   -1
   275   -1
   276   0
   277   0
   278   -1
   279   0
   280   -1
   281   -2
   282   -2
   283   -3
   284   -3
   285   -3
   286   -4
   287   -4
   288   -3
   289   -3
   290   -3
   291   -2
   292   -2
   293   -2
   294   -2
   295   -2
   296   -2
   297   -3
   298   -3
   299   -4
   300   -4
   301   -4
   302   -4
   303   -4
   304   -5
   305   -3
   306   -4
   307   -3
   308   -3
   309   -2
   310   -2
   311   -2
   312   -3
   313   -3
   314   -3
   315   -4
   316   -4
   317   -5
   318   -5
   319   -6
   320   -5
   321   -5
   322   -5
   323   -5
   324   -4
   325   -4
   326   -4
   327   -4
   328   -4
   329   -4
   330   -5
   331   -6
   332   -7
   333   -7
   334   -8
   335   -9
   336   -9
   337   -10
   338   -9
   339   -10
   340   -11
   341   -11
   342   -12
   343   -13
   344   -15
   345   -16
   346   -18
   347   -20
   348   -23
   349   -25
   350   -27
   351   -30
   352   -31
   353   -33
   354   -35
   355   -36
   356   -37
   357   -39
   358   -41
   359   -42
   360   -44
   361   -46
   362   -47
   363   -49
   364   -52
   365   -53
   366   -55
   367   -57
   368   -58
   369   -59
   370   -60
   371   -60
   372   -60
   373   -61
   374   -61
   375   -61
   376   -62
   377   -62
   378   -62
   379   -64
   380   -64
   381   -65
   382   -66
   383   -66
   384   -67
   385   -67
   386   -68
   387   -67
   388   -67
   389   -67
   390   -66
   391   -65
   392   -65
   393   -66
   394   -65
   395   -66
   396   -67
   397   -67
   398   -67
   399   -68
   400   -68
   401   -68
   402   -68
   403   -68
   404   -67
   405   -66
   406   -66
   407   -65
   408   -65
   409   -66
   410   -65
   411   -65
   412   -66
   413   -66
   414   -67
   415   -67
   416   -67
   417   -68
   418   -68
   419   -68
   420   -68
   421   -67
   422   -67
   423   -67
   424   -66
   425   -66
   426   -66
   427   -66
   428   -65
   429   -67
   430   -67
   431   -68
   432   -68
   433   -68
   434   -68
   435   -68
   436   -68
   437   -68
   438   -67
   439   -66
   440   -66
   441   -66
   442   -65
   443   -66
   444   -65
   445   -66
   446   -66
   447   -67
   448   -67
   449   -67
   450   -68
   451   -68
   452   -68
   453   -68
   454   -67
   455   -67
   456   -67
   457   -66
   458   -66
   459   -66
   460   -66
   461   -66
   462   -67
   463   -68
   464   -67
   465   -69
   466   -69
   467   -69
   468   -69
   469   -69
   470   -69
   471   -67
   472   -67
   473   -66
   474   -65
   475   -66
   476   -65
   477   -66
   478   -66
   479   -66
   480   -67
   481   -67
   482   -68
   483   -69
   484   -68
   485   -69
   486   -68
   487   -67
   488   -67
   489   -67
   490   -66
   491   -66
   492   -66
   493   -66
   494   -66
   495   -67
   496   -67
   497   -68
   498   -68
   499   -69
   500   -69
   501   -69
   502   -69
   503   -68
   504   -67
   505   -67
   506   -66
   507   -66
   508   -65
   509   -65
   510   -65
   511   -66
   512   -66
   513   -66
   514   -68
   515   -67
   516   -68
   517   -68
   518   -68
   519   -68
   520   -67
   521   -66
   522   -66
   523   -66
   524   -65
   525   -66
   526   -66
   527   -66
   528   -67
   529   -67
   530   -68
   531   -69
   532   -69
   533   -69
   534   -69
   535   -69
   536   -68
   537   -68
   538   -66
   539   -66
   540   -66
   541   -65
   542   -65
   543   -66
   544   -66
   545   -66
   546   -67
   547   -67
   548   -68
   549   -68
   550   -68
   551   -67
   552   -68
   553   -67
   554   -67
   555   -67
   556   -66
   557   -66
   558   -65
   559   -65
   560   -66
   561   -66
   562   -67
   563   -68
   564   -68
   565   -68
   566   -69
   567   -70
   568   -69
   569   -68
   570   -68
   571   -67
   572   -66
   573   -66
   574   -65
   575   -65
   576   -65
   577   -66
   578   -66
   579   -67
   580   -68
   581   -68
   582   -68
   583   -68
   584   -68
   585   -68
   586   -67
   587   -66
   588   -65
   589   -65
   590   -65
   591   -65
   592   -65
   593   -66
   594   -66
   595   -66
   596   -68
   597   -69
   598   -69
   599   -69
   600   -69
   601   -68
   602   -68
   603   -68
   604   -66
   605   -67
   606   -66
   607   -66
   608   -65
   609   -66
   610   -66
   611   -66
   612   -67
   613   -68
   614   -68
   615   -68
   616   -68
   617   -68
   618   -67
   619   -67
   620   -66
   621   -65
   622   -65
   623   -65
   624   -65
   625   -66
   626   -66
   627   -66
   628   -67
   629   -68
   630   -68
   631   -69
   632   -69
   633   -69
   634   -69
   635   -68
   636   -67
   637   -67
   638   -66
   639   -66
   640   -66
   641   -65
   642   -66
   643   -67
   644   -67
   645   -67
   646   -68
   647   -68
   648   -69
   649   -68
   650   -68
   651   -67
   652   -67
   653   -66
   654   -65
   655   -65
   656   -65
   657   -65
   658   -65
   659   -66
   660   -66
   661   -67
   662   -67
   663   -69
   664   -69
   665   -69
   666   -69
   667   -69
   668   -68
   669   -67
   670   -67
   671   -66
   672   -65
   673   -65
   674   -65
   675   -66
   676   -66
   677   -67
   678   -68
   679   -68
   680   -69
   681   -69
   682   -68
   683   -69
   684   -67
   685   -67
   686   -67
   687   -66
   688   -65
   689   -65
   690   -65
   691   -65
   692   -66
   693   -66
   694   -67
   695   -67
   696   -68
   697   -69
   698   -69
   699   -68
   700   -68
   701   -68
   702   -67
   703   -67
   704   -66
   705   -66
   706   -66
   707   -65
   708   -66
   709   -66
   710   -67
   711   -69
   712   -68
   713   -69
   714   -68
   715   -69
   716   -68
   717   -68
   718   -67
   719   -67
   720   -66
   721   -65
   722   -64
   723   -65
   724   -65
   725   -65
   726   -66
   727   -67
   728   -67
   729   -69
   730   -68
   731   -68
   732   -69
   733   -68
   734   -68
   735   -67
   736   -67
   737   -66
   738   -65
   739   -66
   740   -65
   741   -66
   742   -66
   743   -67
   744   -68
   745   -68
   746   -69
   747   -70
   748   -68
   749   -69
   750   -68
   751   -67
   752   -67
   753   -66
   754   -65
   755   -65
   756   -65
   757   -65
   758   -65
   759   -66
   760   -67
   761   -68
   762   -68
   763   -68
   764   -68
   765   -68
   766   -68
   767   -68
   768   -66
   769   -66
   770   -66
   771   -65
   772   -65
   773   -66
   774   -65
   775   -66
   776   -67
   777   -68
   778   -68
   779   -69
   780   -70
   781   -69
   782   -69
   783   -68
   784   -67
   785   -67
   786   -66
   787   -65
   788   -65
   789   -65
   790   -65
   791   -65
   792   -66
   793   -66
   794   -67
   795   -68
   796   -69
   797   -69
   798   -68
   799   -68
   800   -68
   801   -67
   802   -66
   803   -65
   804   -65
   805   -66
   806   -65
   807   -65
   808   -66
   809   -67
   810   -68
   811   -68
   812   -69
   813   -69
   814   -69
   815   -69
   816   -68
   817   -67
   818   -67
   819   -66
   820   -66
   821   -66
   822   -65
   823   -65
   824   -65
   825   -67
   826   -67
   827   -68
   828   -68
   829   -69
   830   -69
   831   -68
   832   -67
   833   -68
   834   -67
   835   -66
   836   -65
   837   -65
   838   -65
   839   -65
   840   -66
   841   -66
   842   -67
   843   -67
   844   -68
   845   -69
   846   -69
   847   -69
   848   -69
   849   -68
   850   -66
   851   -66
   852   -65
   853   -65
   854   -64
   855   -65
   856   -66
   857   -65
   858   -66
   859   -67
   860   -68
   861   -68
   862   -68
   863   -69
   864   -69
   865   -68
   866   -67
   867   -67
   868   -66
   869   -65
   870   -65
   871   -65
   872   -65
   873   -65
   874   -66
   875   -67
   876   -68
   877   -69
   878   -68
   879   -69
   880   -69
   881   -69
   882   -68
   883   -67
   884   -67
   885   -66
   886   -65
   887   -65
   888   -65
   889   -65
   890   -65
   891   -66
   892   -67
   893   -68
   894   -69
   895   -68
   896   -69
   897   -69
   898   -68
   899   -67
   900   -67
   901   -66
   902   -65
   903   -65
   904   -65
   905   -65
   906   -65
   907   -66
   908   -67
   909   -68
   910   -69
   911   -69
   912   -69
   913   -69
   914   -69
   915   -67
   916   -67
   917   -67
   918   -65
   919   -65
   920   -64
   921   -65
   922   -65
   923   -65
   924   -67
   925   -67
   926   -68
   927   -68
   928   -69
   929   -69
   930   -68
   931   -68
   932   -67
   933   -66
   934   -66
   935   -65
   936   -65
   937   -65
   938   -65
   939   -66
   940   -66
   941   -67
   942   -68
   943   -69
   944   -68
   945   -70
   946   -70
   947   -69
   948   -68
   949   -67
   950   -66
   951   -66
   952   -65
   953   -65
   954   -65
   955   -65
   956   -65
   957   -66
   958   -67
   959   -68
   960   -68
   961   -69
   962   -68
   963   -69
   964   -68
   965   -67
   966   -66
   967   -65
   968   -66
   969   -65
   970   -64
   971   -66
   972   -65
   973   -66
   974   -68
   975   -68
   976   -69
   977   -69
   978   -69
   979   -70
   980   -69
   981   -68
   982   -67
   983   -66
   984   -66
   985   -65
   986   -64
   987   -64
   988   -65
   989   -66
   990   -66
   991   -67
   992   -68
   993   -68
   994   -68
   995   -69
   996   -68
   997   -67
   998   -67
   999   -66
