   0   0
   1   -61
   2   -61
   3   -61
   4   -61
   5   -61
   6   -61
   7   -61
   8   -61
   9   -61
   10   -61
   11   -62
   12   -61
   13   -61
   14   -61
   15   -61
   16   -60
   17   -61
   18   -61
   19   -61
   20   -61
   21   -61
   22   -61
   23   -61
   24   -61
   25   -61
   26   -61
   27   -61
   28   -62
   29   -61
   30   -61
   31   -60
   32   -62
   33   -61
   34   -61
   35   -61
   36   -61
   37   -61
   38   -61
   39   -61
   40   -61
   41   -61
   42   -61
   43   -61
   44   -61
   45   -61
   46   -61
   47   -61
   48   -61
   49   -61
   50   -61
   51   -61
   52   -61
   53   -61
   54   -61
   55   -61
   56   -61
   57   -61
   58   -61
   59   -61
   60   -61
   61   -61
   62   -61
   63   -61
   64   -61
   65   -61
   66   -61
   67   -61
   68   -61
   69   -61
   70   -61
   71   -61
   72   -61
   73   -62
   74   -61
   75   -61
   76   -61
   77   -61
   78   -60
   79   -61
   80   -61
   81   -61
   82   -61
   83   -61
   84   -61
   85   -61
   86   -61
   87   -61
   88   -61
   89   -61
   90   -61
   91   -61
   92   -61
   93   -60
   94   -61
   95   -61
   96   -62
   97   -61
   98   -62
   99   -61
   100   -61
   101   -61
   102   -61
   103   -61
   104   -61
   105   -61
   106   -61
   107   -61
   108   -61
   109   -61
   110   -61
   111   -61
   112   -61
   113   -61
   114   -61
   115   -61
   116   -61
   117   -61
   118   -61
   119   -61
   120   -61
   121   -61
   122   -61
   123   -61
   124   -61
   125   -61
   126   -61
   127   -61
   128   -61
   129   -61
   130   -61
   131   -61
   132   -61
   133   -61
   134   -61
   135   -61
   136   -61
   137   -61
   138   -61
   139   -61
   140   -61
   141   -61
   142   -61
   143   -61
   144   -61
   145   -62
   146   -61
   147   -61
   148   -60
   149   -61
   150   -61
   151   -61
   152   -61
   153   -61
   154   -61
   155   -61
   156   -61
   157   -61
   158   -61
   159   -61
   160   -61
   161   -60
   162   -61
   163   -61
   164   -61
   165   -61
   166   -61
   167   -61
   168   -61
   169   -61
   170   -61
   171   -61
   172   -61
   173   -61
   174   -61
   175   -61
   176   -61
   177   -61
   178   -61
   179   -61
   180   -61
   181   -61
   182   -61
   183   -61
   184   -61
   185   -61
   186   -61
   187   -61
   188   -61
   189   -61
   190   -61
   191   -61
   192   -61
   193   -61
   194   -60
   195   -61
   196   -61
   197   -61
   198   -61
   199   -61
   200   -62
   201   -60
   202   -47
   203   -24
   204   -16
   205   -17
   206   -19
   207   -21
   208   -20
   209   -21
   210   -19
   211   -20
   212   -19
   213   -20
   214   -20
   215   -19
   216   -19
   217   -19
   218   -19
   219   -19
   220   -19
   221   -18
   222   -18
   223   -17
   224   -18
   225   -18
   226   -18
   227   -17
   228   -18
   229   -17
   230   -18
   231   -16
   232   -17
   233   -17
   234   -17
   235   -17
   236   -16
   237   -17
   238   -16
   239   -16
   240   -15
   241   -16
   242   -15
   243   -16
   244   -15
   245   -16
   246   -15
   247   -15
   248   -15
   249   -15
   250   -15
   251   -14
   252   -14
   253   -14
   254   -14
   255   -14
   256   -14
   257   -13
   258   -14
   259   -13
   260   -14
   261   -13
   262   -13
   263   -13
   264   -13
   265   -12
   266   -13
   267   -13
   268   -12
   269   -12
   270   -12
   271   -12
   272   -12
   273   -12
   274   -11
   275   -12
   276   -11
   277   -12
   278   -11
   279   -11
   280   -11
   281   -11
   282   -10
   283   -10
   284   -10
   285   -10
   286   -10
   287   -9
   288   -10
   289   -9
   290   -10
   291   -9
   292   -9
   293   -8
   294   -9
   295   -8
   296   -9
   297   -8
   298   -8
   299   -8
   300   -8
   301   -8
   302   -8
   303   -8
   304   -7
   305   -7
   306   -7
   307   -7
   308   -7
   309   -7
   310   -6
   311   -7
   312   -6
   313   -6
   314   -6
   315   -6
   316   -6
   317   -5
   318   -5
   319   -5
   320   -5
   321   -5
   322   -5
   323   -4
   324   -5
   325   -4
   326   -5
   327   -4
   328   -4
   329   -3
   330   -4
   331   -3
   332   -3
   333   -3
   334   -3
   335   -3
   336   -3
   337   -3
   338   -2
   339   -3
   340   -2
   341   -3
   342   -2
   343   -3
   344   -2
   345   -2
   346   -2
   347   -3
   348   -2
   349   -3
   350   -3
   351   -3
   352   -4
   353   -4
   354   -5
   355   -5
   356   -6
   357   -7
   358   -8
   359   -8
   360   -10
   361   -11
   362   -12
   363   -13
   364   -15
   365   -16
   366   -18
   367   -19
   368   -21
   369   -23
   370   -25
   371   -27
   372   -28
   373   -30
   374   -31
   375   -34
   376   -34
   377   -37
   378   -38
   379   -40
   380   -41
   381   -43
   382   -44
   383   -45
   384   -47
   385   -47
   386   -49
   387   -49
   388   -51
   389   -51
   390   -52
   391   -52
   392   -54
   393   -54
   394   -55
   395   -55
   396   -56
   397   -56
   398   -56
   399   -56
   400   -56
   401   -57
   402   -57
   403   -57
   404   -57
   405   -58
   406   -57
   407   -58
   408   -57
   409   -58
   410   -57
   411   -58
   412   -58
   413   -58
   414   -58
   415   -58
   416   -58
   417   -58
   418   -58
   419   -58
   420   -59
   421   -58
   422   -59
   423   -58
   424   -59
   425   -58
   426   -59
   427   -58
   428   -58
   429   -58
   430   -58
   431   -58
   432   -58
   433   -58
   434   -58
   435   -59
   436   -58
   437   -59
   438   -58
   439   -59
   440   -58
   441   -59
   442   -58
   443   -59
   444   -58
   445   -58
   446   -58
   447   -59
   448   -58
   449   -58
   450   -59
   451   -58
   452   -59
   453   -58
   454   -59
   455   -58
   456   -59
   457   -58
   458   -59
   459   -58
   460   -59
   461   -58
   462   -59
   463   -58
   464   -59
   465   -59
   466   -58
   467   -59
   468   -58
   469   -59
   470   -58
   471   -59
   472   -58
   473   -59
   474   -58
   475   -59
   476   -58
   477   -59
   478   -58
   479   -59
   480   -59
   481   -59
   482   -59
   483   -59
   484   -59
   485   -58
   486   -59
   487   -59
   488   -59
   489   -58
   490   -59
   491   -59
   492   -59
   493   -58
   494   -59
   495   -59
   496   -59
   497   -59
   498   -59
   499   -59
   500   -59
   501   -59
   502   -59
   503   -59
   504   -58
   505   -59
   506   -59
   507   -59
   508   -59
   509   -59
   510   -59
   511   -59
   512   -59
   513   -59
   514   -59
   515   -59
   516   -59
   517   -59
   518   -59
   519   -58
   520   -60
   521   -59
   522   -60
   523   -59
   524   -59
   525   -59
   526   -59
   527   -59
   528   -59
   529   -59
   530   -59
   531   -59
   532   -59
   533   -59
   534   -59
   535   -60
   536   -59
   537   -60
   538   -59
   539   -60
   540   -59
   541   -60
   542   -59
   543   -59
   544   -59
   545   -59
   546   -59
   547   -59
   548   -59
   549   -59
   550   -59
   551   -59
   552   -60
   553   -59
   554   -60
   555   -59
   556   -60
   557   -59
   558   -60
   559   -59
   560   -60
   561   -59
   562   -60
   563   -59
   564   -59
   565   -59
   566   -59
   567   -60
   568   -59
   569   -60
   570   -59
   571   -60
   572   -59
   573   -60
   574   -59
   575   -60
   576   -59
   577   -59
   578   -59
   579   -59
   580   -59
   581   -59
   582   -60
   583   -59
   584   -60
   585   -59
   586   -60
   587   -59
   588   -60
   589   -59
   590   -60
   591   -59
   592   -60
   593   -59
   594   -60
   595   -60
   596   -60
   597   -60
   598   -59
   599   -60
   600   -59
   601   -60
   602   -59
   603   -60
   604   -59
   605   -60
   606   -59
   607   -60
   608   -59
   609   -60
   610   -59
   611   -60
   612   -59
   613   -60
   614   -60
   615   -59
   616   -60
   617   -59
   618   -60
   619   -59
   620   -60
   621   -59
   622   -60
   623   -59
   624   -60
   625   -60
   626   -60
   627   -59
   628   -59
   629   -60
   630   -60
   631   -60
   632   -59
   633   -60
   634   -59
   635   -60
   636   -60
   637   -60
   638   -59
   639   -60
   640   -59
   641   -60
   642   -59
   643   -60
   644   -60
   645   -60
   646   -60
   647   -60
   648   -60
   649   -59
   650   -60
   651   -59
   652   -60
   653   -59
   654   -60
   655   -59
   656   -60
   657   -60
   658   -60
   659   -59
   660   -60
   661   -60
   662   -60
   663   -60
   664   -60
   665   -60
   666   -59
   667   -60
   668   -59
   669   -60
   670   -60
   671   -60
   672   -59
   673   -60
   674   -59
   675   -61
   676   -60
   677   -60
   678   -60
   679   -60
   680   -60
   681   -60
   682   -60
   683   -60
   684   -60
   685   -59
   686   -60
   687   -59
   688   -60
   689   -60
   690   -60
   691   -60
   692   -60
   693   -60
   694   -60
   695   -60
   696   -60
   697   -60
   698   -60
   699   -60
   700   -60
   701   -60
   702   -59
   703   -60
   704   -59
   705   -60
   706   -60
   707   -60
   708   -60
   709   -60
   710   -60
   711   -60
   712   -60
   713   -60
   714   -60
   715   -60
   716   -60
   717   -60
   718   -60
   719   -59
   720   -61
   721   -60
   722   -60
   723   -59
   724   -60
   725   -60
   726   -60
   727   -60
   728   -60
   729   -60
   730   -60
   731   -60
   732   -60
   733   -60
   734   -60
   735   -61
   736   -60
   737   -60
   738   -60
   739   -60
   740   -60
   741   -60
   742   -60
   743   -60
   744   -60
   745   -60
   746   -60
   747   -60
   748   -60
   749   -60
   750   -60
   751   -60
   752   -60
   753   -60
   754   -60
   755   -60
   756   -60
   757   -60
   758   -60
   759   -60
   760   -60
   761   -60
   762   -60
   763   -60
   764   -59
   765   -60
   766   -59
   767   -60
   768   -60
   769   -61
   770   -60
   771   -60
   772   -60
   773   -60
   774   -60
   775   -60
   776   -60
   777   -60
   778   -60
   779   -60
   780   -61
   781   -59
   782   -61
   783   -60
   784   -61
   785   -60
   786   -61
   787   -60
   788   -61
   789   -60
   790   -60
   791   -60
   792   -60
   793   -60
   794   -60
   795   -60
   796   -60
   797   -60
   798   -60
   799   -60
   800   -60
   801   -60
   802   -60
   803   -61
   804   -60
   805   -61
   806   -60
   807   -60
   808   -60
   809   -60
   810   -60
   811   -60
   812   -60
   813   -60
   814   -60
   815   -60
   816   -60
   817   -60
   818   -60
   819   -60
   820   -61
   821   -60
   822   -61
   823   -60
   824   -60
   825   -60
   826   -60
   827   -60
   828   -60
   829   -61
   830   -60
   831   -60
   832   -60
   833   -61
   834   -60
   835   -61
   836   -60
   837   -60
   838   -60
   839   -60
   840   -60
   841   -60
   842   -60
   843   -60
   844   -60
   845   -60
   846   -61
   847   -60
   848   -60
   849   -60
   850   -60
   851   -60
   852   -61
   853   -60
   854   -61
   855   -60
   856   -60
   857   -60
   858   -61
   859   -60
   860   -60
   861   -60
   862   -60
   863   -61
   864   -60
   865   -60
   866   -60
   867   -61
   868   -60
   869   -60
   870   -60
   871   -61
   872   -60
   873   -60
   874   -60
   875   -60
   876   -60
   877   -60
   878   -60
   879   -60
   880   -61
   881   -60
   882   -60
   883   -60
   884   -61
   885   -60
   886   -60
   887   -60
   888   -61
   889   -60
   890   -60
   891   -60
   892   -60
   893   -60
   894   -60
   895   -61
   896   -60
   897   -60
   898   -60
   899   -61
   900   -60
   901   -61
   902   -60
   903   -61
   904   -60
   905   -61
   906   -60
   907   -60
   908   -61
   909   -60
   910   -60
   911   -60
   912   -60
   913   -60
   914   -61
   915   -60
   916   -61
   917   -60
   918   -61
   919   -60
   920   -60
   921   -60
   922   -61
   923   -60
   924   -61
   925   -60
   926   -60
   927   -60
   928   -60
   929   -61
   930   -60
   931   -61
   932   -60
   933   -61
   934   -60
   935   -60
   936   -60
   937   -61
   938   -60
   939   -60
   940   -60
   941   -60
   942   -61
   943   -60
   944   -61
   945   -60
   946   -61
   947   -60
   948   -61
   949   -60
   950   -61
   951   -60
   952   -61
   953   -60
   954   -60
   955   -60
   956   -60
   957   -60
   958   -60
   959   -61
   960   -60
   961   -61
   962   -60
   963   -61
   964   -60
   965   -61
   966   -60
   967   -61
   968   -60
   969   -61
   970   -60
   971   -60
   972   -60
   973   -61
   974   -60
   975   -60
   976   -60
   977   -60
   978   -61
   979   -60
   980   -61
   981   -60
   982   -61
   983   -60
   984   -61
   985   -60
   986   -61
   987   -60
   988   -60
   989   -60
   990   -60
   991   -60
   992   -60
   993   -61
   994   -60
   995   -61
   996   -60
   997   -61
   998   -60
   999   -61
