   0   0
   1   -62
   2   -60
   3   -62
   4   -60
   5   -62
   6   -60
   7   -62
   8   -60
   9   -62
   10   -61
   11   -62
   12   -61
   13   -61
   14   -61
   15   -61
   16   -61
   17   -61
   18   -62
   19   -60
   20   -62
   21   -60
   22   -62
   23   -60
   24   -62
   25   -61
   26   -62
   27   -61
   28   -62
   29   -61
   30   -61
   31   -61
   32   -61
   33   -62
   34   -61
   35   -62
   36   -61
   37   -62
   38   -61
   39   -62
   40   -60
   41   -62
   42   -61
   43   -62
   44   -61
   45   -62
   46   -61
   47   -61
   48   -61
   49   -61
   50   -62
   51   -61
   52   -62
   53   -61
   54   -62
   55   -60
   56   -62
   57   -61
   58   -62
   59   -61
   60   -61
   61   -61
   62   -61
   63   -61
   64   -61
   65   -61
   66   -60
   67   -62
   68   -60
   69   -62
   70   -60
   71   -62
   72   -60
   73   -62
   74   -60
   75   -62
   76   -61
   77   -61
   78   -61
   79   -61
   80   -61
   81   -61
   82   -62
   83   -60
   84   -62
   85   -60
   86   -62
   87   -60
   88   -63
   89   -60
   90   -62
   91   -60
   92   -62
   93   -60
   94   -62
   95   -61
   96   -61
   97   -61
   98   -61
   99   -61
   100   -61
   101   -62
   102   -60
   103   -62
   104   -60
   105   -62
   106   -60
   107   -62
   108   -61
   109   -62
   110   -61
   111   -61
   112   -61
   113   -61
   114   -61
   115   -61
   116   -62
   117   -61
   118   -62
   119   -60
   120   -62
   121   -60
   122   -62
   123   -60
   124   -62
   125   -61
   126   -62
   127   -61
   128   -61
   129   -61
   130   -61
   131   -61
   132   -61
   133   -62
   134   -60
   135   -62
   136   -60
   137   -62
   138   -60
   139   -62
   140   -60
   141   -62
   142   -60
   143   -62
   144   -61
   145   -61
   146   -61
   147   -61
   148   -62
   149   -61
   150   -62
   151   -60
   152   -62
   153   -60
   154   -62
   155   -60
   156   -62
   157   -60
   158   -62
   159   -60
   160   -62
   161   -61
   162   -61
   163   -61
   164   -61
   165   -61
   166   -61
   167   -62
   168   -60
   169   -62
   170   -60
   171   -62
   172   -60
   173   -62
   174   -60
   175   -62
   176   -61
   177   -61
   178   -61
   179   -61
   180   -61
   181   -61
   182   -62
   183   -60
   184   -62
   185   -60
   186   -62
   187   -60
   188   -62
   189   -60
   190   -62
   191   -61
   192   -61
   193   -61
   194   -61
   195   -61
   196   -60
   197   -62
   198   -60
   199   -62
   200   -61
   201   -60
   202   -11
   203   63
   204   62
   205   36
   206   17
   207   12
   208   13
   209   17
   210   18
   211   21
   212   19
   213   21
   214   19
   215   22
   216   20
   217   23
   218   21
   219   23
   220   21
   221   23
   222   21
   223   24
   224   23
   225   24
   226   23
   227   24
   228   24
   229   24
   230   25
   231   24
   232   25
   233   24
   234   26
   235   24
   236   26
   237   24
   238   26
   239   25
   240   27
   241   26
   242   26
   243   26
   244   26
   245   27
   246   27
   247   28
   248   27
   249   28
   250   26
   251   28
   252   27
   253   29
   254   27
   255   28
   256   27
   257   29
   258   28
   259   29
   260   29
   261   29
   262   29
   263   29
   264   30
   265   29
   266   31
   267   29
   268   31
   269   29
   270   31
   271   29
   272   31
   273   30
   274   32
   275   31
   276   31
   277   31
   278   31
   279   32
   280   31
   281   33
   282   32
   283   33
   284   31
   285   33
   286   31
   287   34
   288   32
   289   33
   290   32
   291   33
   292   33
   293   34
   294   34
   295   34
   296   34
   297   33
   298   35
   299   33
   300   35
   301   34
   302   36
   303   35
   304   36
   305   35
   306   36
   307   35
   308   36
   309   36
   310   35
   311   37
   312   35
   313   37
   314   35
   315   37
   316   35
   317   37
   318   35
   319   37
   320   35
   321   37
   322   35
   323   36
   324   35
   325   35
   326   35
   327   34
   328   34
   329   33
   330   34
   331   31
   332   32
   333   30
   334   31
   335   28
   336   29
   337   26
   338   27
   339   25
   340   25
   341   23
   342   22
   343   21
   344   19
   345   18
   346   15
   347   15
   348   12
   349   13
   350   9
   351   9
   352   5
   353   6
   354   2
   355   2
   356   -2
   357   -3
   358   -5
   359   -7
   360   -8
   361   -11
   362   -11
   363   -14
   364   -14
   365   -18
   366   -18
   367   -22
   368   -21
   369   -25
   370   -25
   371   -28
   372   -28
   373   -30
   374   -31
   375   -33
   376   -35
   377   -35
   378   -38
   379   -38
   380   -41
   381   -39
   382   -43
   383   -42
   384   -45
   385   -44
   386   -46
   387   -45
   388   -48
   389   -48
   390   -49
   391   -49
   392   -50
   393   -51
   394   -51
   395   -53
   396   -51
   397   -54
   398   -52
   399   -55
   400   -53
   401   -56
   402   -54
   403   -56
   404   -55
   405   -57
   406   -55
   407   -57
   408   -56
   409   -56
   410   -57
   411   -57
   412   -58
   413   -57
   414   -58
   415   -57
   416   -59
   417   -56
   418   -59
   419   -57
   420   -59
   421   -57
   422   -59
   423   -58
   424   -58
   425   -58
   426   -58
   427   -59
   428   -58
   429   -59
   430   -58
   431   -60
   432   -58
   433   -59
   434   -58
   435   -60
   436   -58
   437   -59
   438   -58
   439   -59
   440   -59
   441   -59
   442   -59
   443   -58
   444   -59
   445   -58
   446   -60
   447   -58
   448   -60
   449   -58
   450   -60
   451   -58
   452   -60
   453   -58
   454   -60
   455   -58
   456   -59
   457   -59
   458   -59
   459   -59
   460   -58
   461   -60
   462   -59
   463   -60
   464   -58
   465   -60
   466   -58
   467   -60
   468   -58
   469   -60
   470   -58
   471   -60
   472   -59
   473   -59
   474   -59
   475   -59
   476   -59
   477   -59
   478   -60
   479   -59
   480   -60
   481   -58
   482   -60
   483   -58
   484   -60
   485   -58
   486   -60
   487   -58
   488   -60
   489   -59
   490   -59
   491   -60
   492   -59
   493   -59
   494   -58
   495   -60
   496   -58
   497   -60
   498   -58
   499   -60
   500   -58
   501   -60
   502   -58
   503   -60
   504   -59
   505   -60
   506   -59
   507   -59
   508   -60
   509   -59
   510   -60
   511   -58
   512   -60
   513   -58
   514   -60
   515   -58
   516   -61
   517   -58
   518   -60
   519   -59
   520   -60
   521   -59
   522   -60
   523   -59
   524   -59
   525   -59
   526   -59
   527   -60
   528   -59
   529   -60
   530   -58
   531   -60
   532   -59
   533   -61
   534   -59
   535   -60
   536   -59
   537   -60
   538   -59
   539   -60
   540   -60
   541   -59
   542   -60
   543   -59
   544   -60
   545   -59
   546   -60
   547   -58
   548   -60
   549   -59
   550   -60
   551   -59
   552   -60
   553   -59
   554   -60
   555   -59
   556   -59
   557   -60
   558   -59
   559   -60
   560   -59
   561   -60
   562   -58
   563   -60
   564   -59
   565   -60
   566   -59
   567   -60
   568   -59
   569   -60
   570   -60
   571   -60
   572   -60
   573   -59
   574   -60
   575   -59
   576   -60
   577   -59
   578   -61
   579   -58
   580   -61
   581   -58
   582   -61
   583   -58
   584   -60
   585   -59
   586   -60
   587   -59
   588   -60
   589   -60
   590   -59
   591   -60
   592   -59
   593   -60
   594   -59
   595   -61
   596   -58
   597   -60
   598   -58
   599   -61
   600   -59
   601   -61
   602   -59
   603   -60
   604   -60
   605   -60
   606   -60
   607   -59
   608   -60
   609   -59
   610   -61
   611   -59
   612   -61
   613   -58
   614   -61
   615   -59
   616   -61
   617   -59
   618   -61
   619   -59
   620   -60
   621   -60
   622   -59
   623   -60
   624   -59
   625   -61
   626   -59
   627   -61
   628   -58
   629   -61
   630   -58
   631   -61
   632   -59
   633   -61
   634   -59
   635   -60
   636   -59
   637   -60
   638   -60
   639   -60
   640   -60
   641   -59
   642   -61
   643   -58
   644   -61
   645   -59
   646   -61
   647   -58
   648   -61
   649   -59
   650   -61
   651   -59
   652   -60
   653   -59
   654   -60
   655   -60
   656   -60
   657   -60
   658   -59
   659   -61
   660   -59
   661   -61
   662   -59
   663   -61
   664   -59
   665   -61
   666   -59
   667   -60
   668   -59
   669   -60
   670   -59
   671   -60
   672   -60
   673   -60
   674   -60
   675   -59
   676   -60
   677   -59
   678   -61
   679   -59
   680   -61
   681   -59
   682   -61
   683   -59
   684   -60
   685   -59
   686   -60
   687   -60
   688   -60
   689   -60
   690   -59
   691   -61
   692   -59
   693   -61
   694   -59
   695   -61
   696   -59
   697   -61
   698   -59
   699   -61
   700   -59
   701   -60
   702   -59
   703   -60
   704   -60
   705   -60
   706   -61
   707   -59
   708   -61
   709   -59
   710   -61
   711   -59
   712   -61
   713   -59
   714   -61
   715   -59
   716   -61
   717   -60
   718   -60
   719   -60
   720   -60
   721   -60
   722   -60
   723   -61
   724   -59
   725   -61
   726   -59
   727   -61
   728   -59
   729   -61
   730   -59
   731   -61
   732   -59
   733   -60
   734   -59
   735   -60
   736   -60
   737   -60
   738   -61
   739   -59
   740   -61
   741   -59
   742   -61
   743   -59
   744   -61
   745   -59
   746   -61
   747   -59
   748   -61
   749   -60
   750   -60
   751   -59
   752   -60
   753   -60
   754   -60
   755   -61
   756   -59
   757   -61
   758   -59
   759   -61
   760   -59
   761   -61
   762   -59
   763   -61
   764   -59
   765   -61
   766   -59
   767   -60
   768   -60
   769   -60
   770   -60
   771   -60
   772   -60
   773   -59
   774   -61
   775   -59
   776   -61
   777   -59
   778   -61
   779   -59
   780   -61
   781   -59
   782   -61
   783   -60
   784   -61
   785   -60
   786   -60
   787   -60
   788   -60
   789   -61
   790   -60
   791   -61
   792   -60
   793   -61
   794   -59
   795   -61
   796   -60
   797   -61
   798   -60
   799   -60
   800   -60
   801   -60
   802   -60
   803   -60
   804   -61
   805   -60
   806   -61
   807   -59
   808   -61
   809   -59
   810   -61
   811   -59
   812   -61
   813   -59
   814   -61
   815   -60
   816   -60
   817   -60
   818   -60
   819   -61
   820   -59
   821   -61
   822   -59
   823   -61
   824   -59
   825   -62
   826   -59
   827   -61
   828   -59
   829   -61
   830   -59
   831   -61
   832   -60
   833   -61
   834   -60
   835   -60
   836   -60
   837   -59
   838   -61
   839   -59
   840   -61
   841   -59
   842   -62
   843   -59
   844   -61
   845   -59
   846   -61
   847   -59
   848   -61
   849   -59
   850   -61
   851   -60
   852   -60
   853   -60
   854   -60
   855   -61
   856   -60
   857   -61
   858   -59
   859   -61
   860   -59
   861   -61
   862   -59
   863   -61
   864   -59
   865   -61
   866   -59
   867   -60
   868   -60
   869   -60
   870   -61
   871   -60
   872   -61
   873   -59
   874   -61
   875   -59
   876   -61
   877   -59
   878   -61
   879   -60
   880   -61
   881   -59
   882   -61
   883   -60
   884   -60
   885   -60
   886   -60
   887   -61
   888   -59
   889   -61
   890   -59
   891   -61
   892   -59
   893   -62
   894   -59
   895   -61
   896   -59
   897   -61
   898   -60
   899   -60
   900   -60
   901   -60
   902   -61
   903   -60
   904   -61
   905   -59
   906   -61
   907   -59
   908   -61
   909   -59
   910   -61
   911   -59
   912   -61
   913   -59
   914   -61
   915   -60
   916   -61
   917   -60
   918   -60
   919   -60
   920   -60
   921   -61
   922   -60
   923   -61
   924   -59
   925   -61
   926   -60
   927   -61
   928   -59
   929   -61
   930   -60
   931   -61
   932   -60
   933   -60
   934   -61
   935   -60
   936   -61
   937   -59
   938   -61
   939   -59
   940   -61
   941   -59
   942   -61
   943   -59
   944   -61
   945   -59
   946   -61
   947   -60
   948   -60
   949   -60
   950   -60
   951   -61
   952   -60
   953   -61
   954   -59
   955   -61
   956   -59
   957   -62
   958   -59
   959   -62
   960   -59
   961   -61
   962   -59
   963   -61
   964   -60
   965   -61
   966   -60
   967   -60
   968   -60
   969   -60
   970   -61
   971   -60
   972   -61
   973   -59
   974   -61
   975   -59
   976   -62
   977   -59
   978   -61
   979   -60
   980   -61
   981   -60
   982   -61
   983   -60
   984   -60
   985   -60
   986   -60
   987   -61
   988   -59
   989   -61
   990   -60
   991   -61
   992   -59
   993   -61
   994   -60
   995   -61
   996   -60
   997   -61
   998   -60
   999   -60
