   0   0
   1   -63
   2   -61
   3   -63
   4   -61
   5   -63
   6   -61
   7   -63
   8   -61
   9   -64
   10   -61
   11   -63
   12   -61
   13   -62
   14   -62
   15   -62
   16   -63
   17   -62
   18   -63
   19   -62
   20   -63
   21   -61
   22   -63
   23   -61
   24   -64
   25   -61
   26   -63
   27   -61
   28   -63
   29   -62
   30   -63
   31   -62
   32   -62
   33   -63
   34   -62
   35   -63
   36   -61
   37   -63
   38   -61
   39   -64
   40   -61
   41   -63
   42   -61
   43   -63
   44   -62
   45   -63
   46   -62
   47   -63
   48   -62
   49   -62
   50   -63
   51   -62
   52   -63
   53   -61
   54   -63
   55   -61
   56   -64
   57   -61
   58   -63
   59   -61
   60   -63
   61   -61
   62   -63
   63   -62
   64   -62
   65   -62
   66   -62
   67   -63
   68   -62
   69   -63
   70   -61
   71   -63
   72   -61
   73   -64
   74   -61
   75   -63
   76   -61
   77   -63
   78   -62
   79   -63
   80   -62
   81   -62
   82   -62
   83   -62
   84   -63
   85   -62
   86   -63
   87   -61
   88   -63
   89   -61
   90   -64
   91   -61
   92   -63
   93   -61
   94   -63
   95   -62
   96   -63
   97   -62
   98   -62
   99   -62
   100   -62
   101   -63
   102   -61
   103   -63
   104   -61
   105   -63
   106   -61
   107   -63
   108   -61
   109   -63
   110   -62
   111   -63
   112   -62
   113   -62
   114   -62
   115   -62
   116   -63
   117   -61
   118   -63
   119   -61
   120   -64
   121   -61
   122   -63
   123   -61
   124   -63
   125   -61
   126   -63
   127   -62
   128   -63
   129   -62
   130   -62
   131   -62
   132   -62
   133   -63
   134   -62
   135   -63
   136   -61
   137   -63
   138   -61
   139   -63
   140   -61
   141   -63
   142   -61
   143   -63
   144   -62
   145   -63
   146   -62
   147   -62
   148   -62
   149   -62
   150   -63
   151   -62
   152   -63
   153   -61
   154   -63
   155   -61
   156   -63
   157   -61
   158   -63
   159   -61
   160   -63
   161   -62
   162   -63
   163   -62
   164   -62
   165   -62
   166   -61
   167   -63
   168   -62
   169   -63
   170   -61
   171   -63
   172   -61
   173   -64
   174   -61
   175   -63
   176   -61
   177   -63
   178   -62
   179   -62
   180   -62
   181   -62
   182   -63
   183   -62
   184   -63
   185   -61
   186   -63
   187   -61
   188   -63
   189   -61
   190   -63
   191   -61
   192   -63
   193   -62
   194   -62
   195   -62
   196   -62
   197   -62
   198   -62
   199   -63
   200   -63
   201   -62
   202   -37
   203   12
   204   43
   205   46
   206   44
   207   38
   208   38
   209   37
   210   38
   211   39
   212   38
   213   39
   214   37
   215   39
   216   37
   217   39
   218   37
   219   39
   220   37
   221   39
   222   37
   223   39
   224   38
   225   38
   226   37
   227   38
   228   38
   229   38
   230   38
   231   37
   232   38
   233   36
   234   39
   235   37
   236   39
   237   36
   238   39
   239   37
   240   39
   241   37
   242   38
   243   36
   244   37
   245   37
   246   37
   247   38
   248   37
   249   38
   250   36
   251   39
   252   37
   253   39
   254   36
   255   38
   256   36
   257   38
   258   36
   259   37
   260   36
   261   37
   262   37
   263   36
   264   37
   265   36
   266   37
   267   36
   268   38
   269   35
   270   38
   271   35
   272   37
   273   35
   274   37
   275   36
   276   37
   277   36
   278   36
   279   36
   280   36
   281   37
   282   35
   283   37
   284   35
   285   37
   286   35
   287   37
   288   35
   289   37
   290   35
   291   36
   292   35
   293   36
   294   35
   295   35
   296   36
   297   35
   298   36
   299   34
   300   36
   301   34
   302   36
   303   34
   304   36
   305   34
   306   36
   307   34
   308   36
   309   35
   310   35
   311   35
   312   35
   313   35
   314   34
   315   35
   316   33
   317   36
   318   34
   319   36
   320   33
   321   36
   322   33
   323   35
   324   34
   325   35
   326   34
   327   34
   328   35
   329   34
   330   35
   331   33
   332   35
   333   33
   334   35
   335   33
   336   35
   337   33
   338   34
   339   33
   340   34
   341   33
   342   34
   343   33
   344   33
   345   34
   346   33
   347   34
   348   32
   349   34
   350   32
   351   34
   352   32
   353   34
   354   32
   355   34
   356   32
   357   33
   358   32
   359   33
   360   33
   361   32
   362   33
   363   32
   364   33
   365   31
   366   33
   367   31
   368   34
   369   31
   370   33
   371   31
   372   33
   373   31
   374   32
   375   31
   376   32
   377   32
   378   31
   379   32
   380   31
   381   32
   382   31
   383   32
   384   30
   385   32
   386   29
   387   31
   388   29
   389   30
   390   28
   391   28
   392   26
   393   26
   394   25
   395   23
   396   22
   397   20
   398   19
   399   16
   400   16
   401   12
   402   11
   403   7
   404   7
   405   3
   406   2
   407   -2
   408   -3
   409   -6
   410   -9
   411   -11
   412   -15
   413   -16
   414   -20
   415   -21
   416   -26
   417   -26
   418   -31
   419   -32
   420   -37
   421   -38
   422   -42
   423   -43
   424   -47
   425   -48
   426   -50
   427   -53
   428   -53
   429   -56
   430   -55
   431   -58
   432   -57
   433   -60
   434   -58
   435   -61
   436   -59
   437   -61
   438   -60
   439   -61
   440   -60
   441   -61
   442   -61
   443   -61
   444   -61
   445   -61
   446   -62
   447   -60
   448   -62
   449   -60
   450   -62
   451   -60
   452   -62
   453   -60
   454   -62
   455   -61
   456   -62
   457   -61
   458   -61
   459   -61
   460   -61
   461   -62
   462   -61
   463   -62
   464   -61
   465   -62
   466   -60
   467   -62
   468   -61
   469   -62
   470   -60
   471   -62
   472   -61
   473   -62
   474   -61
   475   -61
   476   -62
   477   -61
   478   -62
   479   -60
   480   -62
   481   -61
   482   -63
   483   -60
   484   -62
   485   -60
   486   -62
   487   -61
   488   -62
   489   -61
   490   -62
   491   -61
   492   -61
   493   -62
   494   -61
   495   -62
   496   -61
   497   -63
   498   -60
   499   -63
   500   -60
   501   -63
   502   -61
   503   -62
   504   -61
   505   -62
   506   -61
   507   -62
   508   -62
   509   -61
   510   -62
   511   -61
   512   -62
   513   -61
   514   -62
   515   -60
   516   -63
   517   -61
   518   -63
   519   -61
   520   -63
   521   -61
   522   -62
   523   -62
   524   -62
   525   -62
   526   -61
   527   -62
   528   -61
   529   -63
   530   -61
   531   -63
   532   -61
   533   -63
   534   -61
   535   -62
   536   -61
   537   -63
   538   -61
   539   -62
   540   -61
   541   -62
   542   -62
   543   -61
   544   -63
   545   -61
   546   -63
   547   -61
   548   -63
   549   -61
   550   -63
   551   -61
   552   -63
   553   -61
   554   -62
   555   -61
   556   -62
   557   -62
   558   -62
   559   -62
   560   -61
   561   -62
   562   -61
   563   -63
   564   -61
   565   -63
   566   -61
   567   -63
   568   -61
   569   -63
   570   -61
   571   -62
   572   -61
   573   -62
   574   -62
   575   -62
   576   -62
   577   -61
   578   -63
   579   -61
   580   -63
   581   -61
   582   -63
   583   -61
   584   -63
   585   -61
   586   -62
   587   -62
   588   -62
   589   -62
   590   -62
   591   -62
   592   -62
   593   -63
   594   -61
   595   -63
   596   -61
   597   -63
   598   -61
   599   -63
   600   -61
   601   -63
   602   -61
   603   -63
   604   -61
   605   -62
   606   -62
   607   -62
   608   -62
   609   -62
   610   -63
   611   -61
   612   -63
   613   -61
   614   -63
   615   -61
   616   -63
   617   -61
   618   -63
   619   -61
   620   -62
   621   -61
   622   -62
   623   -62
   624   -62
   625   -62
   626   -61
   627   -63
   628   -61
   629   -63
   630   -61
   631   -63
   632   -61
   633   -63
   634   -61
   635   -63
   636   -61
   637   -63
   638   -62
   639   -62
   640   -62
   641   -62
   642   -62
   643   -61
   644   -63
   645   -61
   646   -63
   647   -61
   648   -63
   649   -61
   650   -63
   651   -61
   652   -62
   653   -61
   654   -62
   655   -62
   656   -62
   657   -62
   658   -62
   659   -63
   660   -61
   661   -63
   662   -61
   663   -63
   664   -61
   665   -63
   666   -61
   667   -63
   668   -61
   669   -63
   670   -61
   671   -62
   672   -62
   673   -62
   674   -62
   675   -61
   676   -63
   677   -61
   678   -63
   679   -61
   680   -63
   681   -61
   682   -63
   683   -61
   684   -63
   685   -62
   686   -63
   687   -62
   688   -62
   689   -62
   690   -62
   691   -62
   692   -61
   693   -63
   694   -61
   695   -63
   696   -61
   697   -63
   698   -61
   699   -63
   700   -61
   701   -62
   702   -62
   703   -62
   704   -62
   705   -62
   706   -62
   707   -62
   708   -63
   709   -61
   710   -63
   711   -61
   712   -63
   713   -61
   714   -63
   715   -61
   716   -63
   717   -61
   718   -62
   719   -62
   720   -62
   721   -62
   722   -62
   723   -63
   724   -61
   725   -63
   726   -61
   727   -63
   728   -61
   729   -63
   730   -61
   731   -63
   732   -61
   733   -63
   734   -62
   735   -63
   736   -62
   737   -62
   738   -62
   739   -62
   740   -62
   741   -61
   742   -63
   743   -61
   744   -63
   745   -61
   746   -63
   747   -61
   748   -63
   749   -61
   750   -63
   751   -62
   752   -62
   753   -62
   754   -62
   755   -62
   756   -62
   757   -63
   758   -61
   759   -63
   760   -61
   761   -63
   762   -61
   763   -63
   764   -61
   765   -63
   766   -61
   767   -62
   768   -62
   769   -62
   770   -62
   771   -62
   772   -63
   773   -61
   774   -63
   775   -61
   776   -63
   777   -61
   778   -63
   779   -61
   780   -63
   781   -61
   782   -63
   783   -61
   784   -62
   785   -62
   786   -62
   787   -62
   788   -62
   789   -63
   790   -61
   791   -63
   792   -61
   793   -63
   794   -61
   795   -63
   796   -61
   797   -63
   798   -61
   799   -63
   800   -61
   801   -62
   802   -62
   803   -62
   804   -62
   805   -62
   806   -63
   807   -61
   808   -63
   809   -61
   810   -63
   811   -61
   812   -63
   813   -61
   814   -63
   815   -61
   816   -63
   817   -62
   818   -62
   819   -62
   820   -62
   821   -62
   822   -61
   823   -63
   824   -61
   825   -63
   826   -61
   827   -63
   828   -61
   829   -63
   830   -61
   831   -63
   832   -61
   833   -62
   834   -62
   835   -62
   836   -62
   837   -62
   838   -62
   839   -61
   840   -63
   841   -61
   842   -63
   843   -61
   844   -63
   845   -61
   846   -63
   847   -61
   848   -63
   849   -61
   850   -62
   851   -62
   852   -62
   853   -62
   854   -62
   855   -63
   856   -61
   857   -63
   858   -61
   859   -63
   860   -61
   861   -63
   862   -61
   863   -63
   864   -61
   865   -63
   866   -61
   867   -62
   868   -62
   869   -62
   870   -62
   871   -62
   872   -63
   873   -62
   874   -63
   875   -61
   876   -63
   877   -61
   878   -63
   879   -61
   880   -63
   881   -61
   882   -62
   883   -62
   884   -62
   885   -62
   886   -62
   887   -62
   888   -61
   889   -63
   890   -61
   891   -63
   892   -61
   893   -63
   894   -61
   895   -63
   896   -61
   897   -63
   898   -62
   899   -63
   900   -62
   901   -62
   902   -62
   903   -62
   904   -62
   905   -62
   906   -63
   907   -61
   908   -63
   909   -61
   910   -63
   911   -61
   912   -63
   913   -61
   914   -63
   915   -61
   916   -62
   917   -62
   918   -62
   919   -62
   920   -62
   921   -62
   922   -61
   923   -63
   924   -61
   925   -63
   926   -61
   927   -63
   928   -61
   929   -63
   930   -61
   931   -62
   932   -62
   933   -62
   934   -62
   935   -62
   936   -62
   937   -62
   938   -63
   939   -61
   940   -63
   941   -61
   942   -63
   943   -61
   944   -63
   945   -61
   946   -62
   947   -62
   948   -62
   949   -62
   950   -62
   951   -62
   952   -62
   953   -63
   954   -61
   955   -63
   956   -61
   957   -63
   958   -61
   959   -63
   960   -61
   961   -63
   962   -61
   963   -62
   964   -62
   965   -62
   966   -62
   967   -62
   968   -62
   969   -61
   970   -63
   971   -61
   972   -63
   973   -61
   974   -63
   975   -61
   976   -63
   977   -61
   978   -63
   979   -61
   980   -62
   981   -62
   982   -62
   983   -62
   984   -62
   985   -62
   986   -61
   987   -63
   988   -61
   989   -63
   990   -61
   991   -63
   992   -61
   993   -63
   994   -61
   995   -63
   996   -62
   997   -62
   998   -62
   999   -62
