   0   0
   1   -61
   2   -61
   3   -62
   4   -61
   5   -61
   6   -61
   7   -62
   8   -61
   9   -62
   10   -61
   11   -62
   12   -61
   13   -62
   14   -61
   15   -62
   16   -61
   17   -61
   18   -61
   19   -61
   20   -61
   21   -61
   22   -61
   23   -61
   24   -62
   25   -61
   26   -61
   27   -61
   28   -62
   29   -61
   30   -61
   31   -61
   32   -61
   33   -61
   34   -61
   35   -61
   36   -61
   37   -62
   38   -61
   39   -62
   40   -61
   41   -62
   42   -61
   43   -62
   44   -61
   45   -61
   46   -61
   47   -61
   48   -61
   49   -61
   50   -61
   51   -61
   52   -62
   53   -61
   54   -62
   55   -61
   56   -62
   57   -60
   58   -62
   59   -61
   60   -62
   61   -61
   62   -62
   63   -61
   64   -61
   65   -61
   66   -61
   67   -62
   68   -61
   69   -62
   70   -61
   71   -62
   72   -61
   73   -62
   74   -61
   75   -62
   76   -61
   77   -62
   78   -61
   79   -62
   80   -61
   81   -61
   82   -61
   83   -61
   84   -61
   85   -61
   86   -61
   87   -61
   88   -62
   89   -61
   90   -62
   91   -61
   92   -62
   93   -61
   94   -62
   95   -61
   96   -61
   97   -61
   98   -61
   99   -62
   100   -61
   101   -62
   102   -61
   103   -62
   104   -61
   105   -62
   106   -61
   107   -61
   108   -61
   109   -62
   110   -61
   111   -62
   112   -61
   113   -61
   114   -61
   115   -61
   116   -62
   117   -61
   118   -62
   119   -61
   120   -62
   121   -61
   122   -62
   123   -61
   124   -62
   125   -61
   126   -62
   127   -61
   128   -62
   129   -61
   130   -62
   131   -61
   132   -61
   133   -61
   134   -61
   135   -62
   136   -61
   137   -61
   138   -61
   139   -62
   140   -60
   141   -62
   142   -61
   143   -62
   144   -61
   145   -62
   146   -61
   147   -61
   148   -61
   149   -61
   150   -61
   151   -61
   152   -62
   153   -61
   154   -61
   155   -61
   156   -61
   157   -61
   158   -62
   159   -61
   160   -61
   161   -61
   162   -61
   163   -61
   164   -61
   165   -62
   166   -61
   167   -61
   168   -61
   169   -62
   170   -60
   171   -62
   172   -61
   173   -62
   174   -61
   175   -62
   176   -61
   177   -62
   178   -61
   179   -61
   180   -61
   181   -61
   182   -62
   183   -61
   184   -61
   185   -60
   186   -62
   187   -60
   188   -62
   189   -60
   190   -62
   191   -61
   192   -62
   193   -61
   194   -61
   195   -60
   196   -61
   197   -61
   198   -61
   199   -61
   200   -62
   201   -61
   202   -41
   203   0
   204   23
   205   27
   206   26
   207   22
   208   22
   209   21
   210   23
   211   23
   212   23
   213   23
   214   22
   215   24
   216   24
   217   24
   218   23
   219   24
   220   23
   221   24
   222   23
   223   25
   224   23
   225   24
   226   23
   227   23
   228   23
   229   23
   230   24
   231   23
   232   23
   233   23
   234   24
   235   23
   236   24
   237   22
   238   24
   239   23
   240   24
   241   23
   242   24
   243   22
   244   23
   245   23
   246   24
   247   23
   248   23
   249   23
   250   23
   251   23
   252   22
   253   24
   254   22
   255   23
   256   22
   257   23
   258   22
   259   23
   260   22
   261   23
   262   22
   263   23
   264   22
   265   22
   266   22
   267   22
   268   23
   269   22
   270   22
   271   21
   272   22
   273   22
   274   22
   275   22
   276   22
   277   21
   278   21
   279   22
   280   21
   281   22
   282   21
   283   21
   284   21
   285   22
   286   21
   287   22
   288   21
   289   21
   290   20
   291   21
   292   21
   293   21
   294   21
   295   21
   296   21
   297   21
   298   21
   299   20
   300   21
   301   19
   302   21
   303   20
   304   21
   305   20
   306   21
   307   19
   308   21
   309   20
   310   21
   311   19
   312   21
   313   20
   314   20
   315   20
   316   19
   317   20
   318   19
   319   20
   320   19
   321   20
   322   19
   323   20
   324   19
   325   20
   326   19
   327   19
   328   19
   329   20
   330   19
   331   19
   332   19
   333   18
   334   19
   335   19
   336   19
   337   18
   338   19
   339   18
   340   19
   341   18
   342   19
   343   18
   344   18
   345   18
   346   18
   347   18
   348   18
   349   18
   350   17
   351   18
   352   17
   353   18
   354   17
   355   18
   356   17
   357   17
   358   17
   359   17
   360   17
   361   17
   362   17
   363   17
   364   17
   365   17
   366   18
   367   16
   368   18
   369   16
   370   17
   371   16
   372   17
   373   16
   374   17
   375   16
   376   17
   377   15
   378   16
   379   16
   380   16
   381   15
   382   15
   383   15
   384   13
   385   13
   386   12
   387   11
   388   8
   389   8
   390   5
   391   3
   392   -1
   393   -4
   394   -7
   395   -11
   396   -14
   397   -18
   398   -22
   399   -26
   400   -30
   401   -34
   402   -37
   403   -41
   404   -43
   405   -47
   406   -48
   407   -51
   408   -52
   409   -54
   410   -55
   411   -56
   412   -58
   413   -58
   414   -59
   415   -58
   416   -60
   417   -59
   418   -60
   419   -60
   420   -61
   421   -60
   422   -61
   423   -59
   424   -61
   425   -60
   426   -60
   427   -60
   428   -60
   429   -61
   430   -60
   431   -61
   432   -60
   433   -61
   434   -60
   435   -61
   436   -60
   437   -61
   438   -60
   439   -61
   440   -60
   441   -61
   442   -60
   443   -61
   444   -60
   445   -61
   446   -60
   447   -61
   448   -61
   449   -60
   450   -61
   451   -60
   452   -61
   453   -60
   454   -61
   455   -61
   456   -61
   457   -60
   458   -61
   459   -60
   460   -61
   461   -61
   462   -60
   463   -61
   464   -60
   465   -61
   466   -60
   467   -61
   468   -60
   469   -61
   470   -60
   471   -61
   472   -60
   473   -61
   474   -61
   475   -61
   476   -61
   477   -60
   478   -61
   479   -60
   480   -61
   481   -60
   482   -61
   483   -60
   484   -61
   485   -60
   486   -61
   487   -60
   488   -61
   489   -60
   490   -61
   491   -60
   492   -61
   493   -61
   494   -61
   495   -61
   496   -61
   497   -61
   498   -60
   499   -61
   500   -60
   501   -61
   502   -60
   503   -62
   504   -60
   505   -61
   506   -60
   507   -62
   508   -60
   509   -61
   510   -61
   511   -61
   512   -61
   513   -61
   514   -61
   515   -61
   516   -61
   517   -61
   518   -61
   519   -61
   520   -61
   521   -61
   522   -61
   523   -61
   524   -61
   525   -61
   526   -61
   527   -61
   528   -61
   529   -61
   530   -61
   531   -61
   532   -61
   533   -61
   534   -60
   535   -61
   536   -60
   537   -61
   538   -61
   539   -61
   540   -60
   541   -61
   542   -61
   543   -61
   544   -61
   545   -61
   546   -61
   547   -61
   548   -61
   549   -61
   550   -62
   551   -61
   552   -61
   553   -60
   554   -61
   555   -60
   556   -61
   557   -60
   558   -61
   559   -61
   560   -61
   561   -61
   562   -61
   563   -61
   564   -61
   565   -61
   566   -60
   567   -61
   568   -60
   569   -62
   570   -61
   571   -61
   572   -61
   573   -61
   574   -61
   575   -61
   576   -61
   577   -61
   578   -61
   579   -61
   580   -61
   581   -61
   582   -61
   583   -61
   584   -61
   585   -61
   586   -62
   587   -61
   588   -61
   589   -61
   590   -61
   591   -61
   592   -61
   593   -61
   594   -61
   595   -61
   596   -61
   597   -62
   598   -61
   599   -61
   600   -61
   601   -62
   602   -61
   603   -61
   604   -60
   605   -61
   606   -61
   607   -61
   608   -61
   609   -60
   610   -61
   611   -61
   612   -62
   613   -61
   614   -61
   615   -60
   616   -62
   617   -61
   618   -62
   619   -60
   620   -61
   621   -60
   622   -62
   623   -61
   624   -61
   625   -61
   626   -61
   627   -61
   628   -61
   629   -61
   630   -60
   631   -61
   632   -61
   633   -62
   634   -60
   635   -61
   636   -60
   637   -61
   638   -61
   639   -61
   640   -61
   641   -61
   642   -61
   643   -61
   644   -61
   645   -61
   646   -61
   647   -60
   648   -61
   649   -60
   650   -61
   651   -61
   652   -62
   653   -61
   654   -61
   655   -61
   656   -61
   657   -61
   658   -61
   659   -61
   660   -61
   661   -61
   662   -61
   663   -61
   664   -61
   665   -61
   666   -60
   667   -61
   668   -60
   669   -61
   670   -61
   671   -61
   672   -61
   673   -61
   674   -61
   675   -61
   676   -62
   677   -61
   678   -62
   679   -61
   680   -61
   681   -61
   682   -62
   683   -60
   684   -61
   685   -61
   686   -61
   687   -61
   688   -61
   689   -61
   690   -61
   691   -61
   692   -61
   693   -61
   694   -61
   695   -61
   696   -60
   697   -61
   698   -61
   699   -62
   700   -61
   701   -61
   702   -61
   703   -61
   704   -61
   705   -61
   706   -61
   707   -61
   708   -61
   709   -61
   710   -61
   711   -61
   712   -62
   713   -61
   714   -61
   715   -60
   716   -62
   717   -61
   718   -61
   719   -61
   720   -61
   721   -61
   722   -61
   723   -61
   724   -61
   725   -61
   726   -61
   727   -61
   728   -61
   729   -61
   730   -61
   731   -61
   732   -60
   733   -61
   734   -60
   735   -62
   736   -61
   737   -61
   738   -61
   739   -61
   740   -61
   741   -61
   742   -61
   743   -61
   744   -61
   745   -61
   746   -61
   747   -61
   748   -62
   749   -61
   750   -61
   751   -60
   752   -62
   753   -61
   754   -62
   755   -61
   756   -61
   757   -61
   758   -61
   759   -61
   760   -61
   761   -61
   762   -61
   763   -61
   764   -61
   765   -61
   766   -60
   767   -62
   768   -61
   769   -61
   770   -60
   771   -62
   772   -61
   773   -61
   774   -61
   775   -61
   776   -61
   777   -61
   778   -61
   779   -61
   780   -61
   781   -61
   782   -62
   783   -61
   784   -61
   785   -61
   786   -61
   787   -61
   788   -61
   789   -61
   790   -61
   791   -61
   792   -61
   793   -61
   794   -61
   795   -61
   796   -61
   797   -61
   798   -61
   799   -61
   800   -61
   801   -61
   802   -61
   803   -61
   804   -61
   805   -61
   806   -61
   807   -61
   808   -61
   809   -61
   810   -61
   811   -61
   812   -61
   813   -61
   814   -61
   815   -61
   816   -62
   817   -61
   818   -61
   819   -61
   820   -61
   821   -61
   822   -61
   823   -61
   824   -61
   825   -61
   826   -61
   827   -61
   828   -61
   829   -61
   830   -61
   831   -61
   832   -61
   833   -61
   834   -61
   835   -61
   836   -61
   837   -61
   838   -61
   839   -61
   840   -61
   841   -61
   842   -61
   843   -61
   844   -61
   845   -61
   846   -62
   847   -61
   848   -61
   849   -61
   850   -62
   851   -61
   852   -61
   853   -61
   854   -61
   855   -61
   856   -61
   857   -61
   858   -61
   859   -61
   860   -61
   861   -61
   862   -61
   863   -61
   864   -61
   865   -61
   866   -61
   867   -61
   868   -61
   869   -61
   870   -61
   871   -61
   872   -61
   873   -61
   874   -62
   875   -61
   876   -62
   877   -61
   878   -61
   879   -60
   880   -62
   881   -60
   882   -61
   883   -61
   884   -62
   885   -61
   886   -62
   887   -61
   888   -61
   889   -61
   890   -61
   891   -61
   892   -61
   893   -61
   894   -61
   895   -61
   896   -61
   897   -61
   898   -61
   899   -62
   900   -61
   901   -62
   902   -61
   903   -61
   904   -61
   905   -61
   906   -61
   907   -61
   908   -61
   909   -61
   910   -61
   911   -61
   912   -62
   913   -61
   914   -61
   915   -61
   916   -61
   917   -61
   918   -61
   919   -61
   920   -61
   921   -61
   922   -61
   923   -61
   924   -61
   925   -61
   926   -61
   927   -62
   928   -61
   929   -62
   930   -61
   931   -61
   932   -61
   933   -61
   934   -61
   935   -61
   936   -61
   937   -61
   938   -61
   939   -61
   940   -61
   941   -61
   942   -61
   943   -61
   944   -62
   945   -61
   946   -61
   947   -60
   948   -62
   949   -61
   950   -62
   951   -61
   952   -61
   953   -61
   954   -61
   955   -61
   956   -61
   957   -61
   958   -61
   959   -61
   960   -61
   961   -61
   962   -60
   963   -62
   964   -60
   965   -61
   966   -61
   967   -62
   968   -61
   969   -61
   970   -61
   971   -61
   972   -61
   973   -61
   974   -61
   975   -61
   976   -62
   977   -61
   978   -61
   979   -61
   980   -61
   981   -61
   982   -61
   983   -61
   984   -61
   985   -61
   986   -61
   987   -61
   988   -61
   989   -62
   990   -61
   991   -61
   992   -61
   993   -62
   994   -61
   995   -62
   996   -61
   997   -61
   998   -60
   999   -61
