   0   0
   1   -61
   2   -61
   3   -61
   4   -61
   5   -61
   6   -61
   7   -61
   8   -61
   9   -61
   10   -62
   11   -61
   12   -62
   13   -61
   14   -61
   15   -61
   16   -61
   17   -61
   18   -62
   19   -61
   20   -61
   21   -61
   22   -61
   23   -61
   24   -61
   25   -62
   26   -61
   27   -62
   28   -61
   29   -62
   30   -61
   31   -62
   32   -61
   33   -61
   34   -61
   35   -62
   36   -61
   37   -61
   38   -61
   39   -61
   40   -61
   41   -61
   42   -61
   43   -61
   44   -61
   45   -61
   46   -62
   47   -61
   48   -62
   49   -61
   50   -61
   51   -61
   52   -61
   53   -61
   54   -61
   55   -61
   56   -61
   57   -61
   58   -61
   59   -61
   60   -61
   61   -61
   62   -61
   63   -62
   64   -61
   65   -62
   66   -61
   67   -62
   68   -61
   69   -61
   70   -61
   71   -61
   72   -61
   73   -61
   74   -61
   75   -61
   76   -62
   77   -61
   78   -62
   79   -61
   80   -62
   81   -61
   82   -62
   83   -61
   84   -62
   85   -61
   86   -61
   87   -61
   88   -61
   89   -61
   90   -61
   91   -61
   92   -61
   93   -61
   94   -61
   95   -62
   96   -61
   97   -62
   98   -61
   99   -61
   100   -61
   101   -61
   102   -61
   103   -61
   104   -61
   105   -61
   106   -61
   107   -61
   108   -61
   109   -61
   110   -62
   111   -61
   112   -61
   113   -61
   114   -62
   115   -61
   116   -61
   117   -61
   118   -61
   119   -61
   120   -61
   121   -61
   122   -61
   123   -61
   124   -61
   125   -62
   126   -61
   127   -62
   128   -61
   129   -62
   130   -61
   131   -61
   132   -61
   133   -61
   134   -61
   135   -61
   136   -61
   137   -61
   138   -61
   139   -61
   140   -62
   141   -61
   142   -62
   143   -61
   144   -62
   145   -61
   146   -62
   147   -61
   148   -62
   149   -61
   150   -62
   151   -61
   152   -62
   153   -61
   154   -61
   155   -61
   156   -61
   157   -61
   158   -61
   159   -61
   160   -61
   161   -62
   162   -61
   163   -61
   164   -61
   165   -61
   166   -61
   167   -62
   168   -61
   169   -61
   170   -61
   171   -61
   172   -61
   173   -61
   174   -61
   175   -61
   176   -62
   177   -61
   178   -62
   179   -61
   180   -61
   181   -61
   182   -62
   183   -61
   184   -61
   185   -61
   186   -61
   187   -61
   188   -61
   189   -61
   190   -61
   191   -62
   192   -61
   193   -62
   194   -60
   195   -61
   196   -60
   197   -62
   198   -61
   199   -61
   200   -62
   201   -55
   202   16
   203   101
   204   82
   205   38
   206   2
   207   -4
   208   -7
   209   0
   210   -2
   211   2
   212   -3
   213   -1
   214   -5
   215   -2
   216   -4
   217   -3
   218   -5
   219   -4
   220   -5
   221   -5
   222   -4
   223   -4
   224   -4
   225   -5
   226   -4
   227   -5
   228   -4
   229   -5
   230   -4
   231   -5
   232   -5
   233   -5
   234   -4
   235   -4
   236   -5
   237   -5
   238   -4
   239   -4
   240   -4
   241   -4
   242   -5
   243   -5
   244   -5
   245   -4
   246   -4
   247   -4
   248   -4
   249   -5
   250   -5
   251   -5
   252   -4
   253   -4
   254   -4
   255   -5
   256   -4
   257   -5
   258   -4
   259   -5
   260   -4
   261   -5
   262   -4
   263   -4
   264   -4
   265   -4
   266   -4
   267   -5
   268   -4
   269   -4
   270   -4
   271   -4
   272   -5
   273   -4
   274   -5
   275   -4
   276   -5
   277   -4
   278   -5
   279   -4
   280   -5
   281   -4
   282   -4
   283   -4
   284   -4
   285   -4
   286   -4
   287   -4
   288   -4
   289   -4
   290   -4
   291   -5
   292   -4
   293   -4
   294   -4
   295   -4
   296   -4
   297   -4
   298   -4
   299   -4
   300   -4
   301   -4
   302   -4
   303   -4
   304   -4
   305   -4
   306   -5
   307   -4
   308   -4
   309   -4
   310   -4
   311   -4
   312   -4
   313   -4
   314   -4
   315   -4
   316   -4
   317   -4
   318   -4
   319   -4
   320   -4
   321   -5
   322   -4
   323   -5
   324   -4
   325   -5
   326   -4
   327   -5
   328   -4
   329   -4
   330   -4
   331   -4
   332   -4
   333   -4
   334   -4
   335   -4
   336   -4
   337   -4
   338   -4
   339   -4
   340   -4
   341   -4
   342   -5
   343   -4
   344   -4
   345   -4
   346   -5
   347   -4
   348   -5
   349   -4
   350   -5
   351   -4
   352   -4
   353   -5
   354   -4
   355   -5
   356   -4
   357   -5
   358   -4
   359   -5
   360   -4
   361   -5
   362   -5
   363   -5
   364   -5
   365   -6
   366   -6
   367   -6
   368   -6
   369   -6
   370   -7
   371   -6
   372   -7
   373   -6
   374   -8
   375   -7
   376   -8
   377   -7
   378   -9
   379   -8
   380   -9
   381   -9
   382   -10
   383   -10
   384   -10
   385   -11
   386   -11
   387   -12
   388   -11
   389   -13
   390   -12
   391   -14
   392   -13
   393   -15
   394   -14
   395   -16
   396   -15
   397   -17
   398   -17
   399   -18
   400   -18
   401   -19
   402   -19
   403   -20
   404   -21
   405   -21
   406   -22
   407   -22
   408   -24
   409   -23
   410   -25
   411   -25
   412   -26
   413   -26
   414   -28
   415   -28
   416   -29
   417   -29
   418   -30
   419   -31
   420   -31
   421   -33
   422   -33
   423   -34
   424   -34
   425   -36
   426   -36
   427   -37
   428   -37
   429   -38
   430   -38
   431   -39
   432   -40
   433   -41
   434   -41
   435   -42
   436   -43
   437   -43
   438   -44
   439   -44
   440   -45
   441   -45
   442   -46
   443   -46
   444   -47
   445   -47
   446   -48
   447   -48
   448   -49
   449   -49
   450   -49
   451   -50
   452   -50
   453   -51
   454   -51
   455   -53
   456   -52
   457   -53
   458   -53
   459   -54
   460   -53
   461   -54
   462   -54
   463   -55
   464   -55
   465   -55
   466   -55
   467   -56
   468   -56
   469   -56
   470   -57
   471   -56
   472   -57
   473   -56
   474   -58
   475   -57
   476   -58
   477   -58
   478   -58
   479   -58
   480   -58
   481   -58
   482   -59
   483   -59
   484   -58
   485   -59
   486   -59
   487   -59
   488   -59
   489   -60
   490   -59
   491   -60
   492   -59
   493   -60
   494   -60
   495   -60
   496   -60
   497   -60
   498   -60
   499   -60
   500   -60
   501   -60
   502   -60
   503   -60
   504   -61
   505   -60
   506   -61
   507   -60
   508   -61
   509   -60
   510   -61
   511   -60
   512   -61
   513   -60
   514   -60
   515   -60
   516   -60
   517   -61
   518   -60
   519   -61
   520   -60
   521   -61
   522   -60
   523   -61
   524   -60
   525   -61
   526   -60
   527   -61
   528   -60
   529   -61
   530   -61
   531   -61
   532   -61
   533   -61
   534   -61
   535   -60
   536   -61
   537   -60
   538   -61
   539   -60
   540   -61
   541   -61
   542   -61
   543   -60
   544   -61
   545   -61
   546   -61
   547   -61
   548   -61
   549   -61
   550   -61
   551   -61
   552   -60
   553   -61
   554   -60
   555   -61
   556   -60
   557   -61
   558   -60
   559   -61
   560   -61
   561   -61
   562   -61
   563   -61
   564   -61
   565   -61
   566   -61
   567   -60
   568   -61
   569   -60
   570   -62
   571   -60
   572   -62
   573   -60
   574   -61
   575   -60
   576   -61
   577   -61
   578   -61
   579   -61
   580   -61
   581   -61
   582   -60
   583   -61
   584   -60
   585   -62
   586   -61
   587   -62
   588   -60
   589   -61
   590   -61
   591   -61
   592   -61
   593   -61
   594   -61
   595   -61
   596   -61
   597   -61
   598   -61
   599   -61
   600   -61
   601   -61
   602   -61
   603   -61
   604   -61
   605   -60
   606   -61
   607   -61
   608   -61
   609   -60
   610   -61
   611   -61
   612   -61
   613   -61
   614   -61
   615   -61
   616   -61
   617   -61
   618   -61
   619   -62
   620   -60
   621   -61
   622   -60
   623   -61
   624   -61
   625   -61
   626   -61
   627   -61
   628   -61
   629   -61
   630   -61
   631   -61
   632   -61
   633   -61
   634   -61
   635   -61
   636   -61
   637   -60
   638   -61
   639   -60
   640   -61
   641   -61
   642   -61
   643   -61
   644   -61
   645   -61
   646   -61
   647   -61
   648   -61
   649   -62
   650   -61
   651   -61
   652   -60
   653   -61
   654   -61
   655   -62
   656   -60
   657   -61
   658   -61
   659   -61
   660   -61
   661   -61
   662   -61
   663   -61
   664   -61
   665   -61
   666   -61
   667   -61
   668   -61
   669   -61
   670   -61
   671   -60
   672   -61
   673   -61
   674   -61
   675   -61
   676   -61
   677   -61
   678   -61
   679   -61
   680   -61
   681   -61
   682   -61
   683   -61
   684   -61
   685   -62
   686   -61
   687   -61
   688   -60
   689   -62
   690   -61
   691   -61
   692   -61
   693   -61
   694   -61
   695   -61
   696   -61
   697   -61
   698   -61
   699   -61
   700   -61
   701   -60
   702   -62
   703   -60
   704   -62
   705   -60
   706   -61
   707   -61
   708   -61
   709   -61
   710   -61
   711   -61
   712   -61
   713   -61
   714   -61
   715   -61
   716   -61
   717   -62
   718   -61
   719   -61
   720   -61
   721   -61
   722   -61
   723   -62
   724   -61
   725   -61
   726   -61
   727   -61
   728   -61
   729   -61
   730   -61
   731   -61
   732   -61
   733   -61
   734   -61
   735   -61
   736   -61
   737   -61
   738   -61
   739   -61
   740   -61
   741   -61
   742   -61
   743   -61
   744   -61
   745   -61
   746   -61
   747   -61
   748   -61
   749   -62
   750   -61
   751   -62
   752   -60
   753   -62
   754   -60
   755   -62
   756   -61
   757   -61
   758   -61
   759   -61
   760   -61
   761   -61
   762   -61
   763   -61
   764   -62
   765   -61
   766   -61
   767   -60
   768   -62
   769   -60
   770   -61
   771   -61
   772   -61
   773   -61
   774   -61
   775   -61
   776   -61
   777   -61
   778   -61
   779   -61
   780   -60
   781   -61
   782   -60
   783   -62
   784   -61
   785   -62
   786   -60
   787   -61
   788   -61
   789   -62
   790   -61
   791   -61
   792   -61
   793   -61
   794   -61
   795   -61
   796   -61
   797   -61
   798   -61
   799   -61
   800   -62
   801   -60
   802   -61
   803   -60
   804   -61
   805   -61
   806   -61
   807   -61
   808   -61
   809   -61
   810   -61
   811   -61
   812   -61
   813   -61
   814   -60
   815   -62
   816   -60
   817   -62
   818   -60
   819   -62
   820   -61
   821   -61
   822   -61
   823   -61
   824   -61
   825   -61
   826   -61
   827   -61
   828   -61
   829   -61
   830   -61
   831   -60
   832   -61
   833   -60
   834   -62
   835   -60
   836   -61
   837   -61
   838   -61
   839   -61
   840   -61
   841   -61
   842   -61
   843   -61
   844   -61
   845   -61
   846   -61
   847   -62
   848   -60
   849   -62
   850   -60
   851   -62
   852   -60
   853   -61
   854   -61
   855   -61
   856   -61
   857   -61
   858   -61
   859   -61
   860   -61
   861   -61
   862   -61
   863   -61
   864   -61
   865   -61
   866   -62
   867   -61
   868   -61
   869   -61
   870   -61
   871   -61
   872   -61
   873   -61
   874   -61
   875   -61
   876   -61
   877   -61
   878   -61
   879   -61
   880   -60
   881   -62
   882   -60
   883   -62
   884   -61
   885   -62
   886   -60
   887   -61
   888   -61
   889   -61
   890   -61
   891   -61
   892   -61
   893   -61
   894   -61
   895   -60
   896   -62
   897   -61
   898   -62
   899   -60
   900   -61
   901   -61
   902   -62
   903   -60
   904   -61
   905   -61
   906   -61
   907   -61
   908   -61
   909   -61
   910   -61
   911   -62
   912   -61
   913   -62
   914   -60
   915   -62
   916   -60
   917   -62
   918   -61
   919   -61
   920   -61
   921   -61
   922   -61
   923   -61
   924   -61
   925   -61
   926   -61
   927   -61
   928   -61
   929   -61
   930   -61
   931   -60
   932   -61
   933   -60
   934   -61
   935   -61
   936   -62
   937   -61
   938   -61
   939   -61
   940   -61
   941   -61
   942   -61
   943   -62
   944   -61
   945   -61
   946   -60
   947   -62
   948   -61
   949   -62
   950   -60
   951   -61
   952   -61
   953   -61
   954   -61
   955   -61
   956   -61
   957   -61
   958   -61
   959   -61
   960   -61
   961   -61
   962   -61
   963   -60
   964   -62
   965   -60
   966   -62
   967   -61
   968   -61
   969   -61
   970   -61
   971   -61
   972   -61
   973   -61
   974   -61
   975   -61
   976   -61
   977   -61
   978   -60
   979   -62
   980   -61
   981   -62
   982   -60
   983   -62
   984   -61
   985   -61
   986   -61
   987   -61
   988   -61
   989   -61
   990   -61
   991   -61
   992   -61
   993   -61
   994   -61
   995   -61
   996   -62
   997   -61
   998   -62
   999   -61
