   0   0
   1   -61
   2   -62
   3   -61
   4   -62
   5   -61
   6   -61
   7   -61
   8   -61
   9   -61
   10   -61
   11   -61
   12   -61
   13   -61
   14   -61
   15   -61
   16   -61
   17   -61
   18   -61
   19   -62
   20   -61
   21   -61
   22   -61
   23   -61
   24   -61
   25   -61
   26   -61
   27   -61
   28   -61
   29   -61
   30   -62
   31   -61
   32   -61
   33   -61
   34   -62
   35   -61
   36   -61
   37   -61
   38   -61
   39   -61
   40   -61
   41   -61
   42   -61
   43   -61
   44   -61
   45   -61
   46   -61
   47   -61
   48   -61
   49   -62
   50   -61
   51   -62
   52   -61
   53   -61
   54   -61
   55   -61
   56   -61
   57   -61
   58   -61
   59   -61
   60   -61
   61   -61
   62   -62
   63   -61
   64   -62
   65   -61
   66   -62
   67   -61
   68   -62
   69   -61
   70   -62
   71   -61
   72   -61
   73   -61
   74   -61
   75   -61
   76   -61
   77   -61
   78   -61
   79   -62
   80   -61
   81   -62
   82   -61
   83   -62
   84   -61
   85   -62
   86   -61
   87   -61
   88   -61
   89   -61
   90   -61
   91   -61
   92   -61
   93   -61
   94   -61
   95   -61
   96   -61
   97   -61
   98   -62
   99   -61
   100   -62
   101   -61
   102   -62
   103   -61
   104   -61
   105   -61
   106   -61
   107   -61
   108   -61
   109   -61
   110   -61
   111   -61
   112   -61
   113   -62
   114   -61
   115   -62
   116   -61
   117   -61
   118   -61
   119   -62
   120   -61
   121   -61
   122   -61
   123   -61
   124   -61
   125   -61
   126   -61
   127   -61
   128   -61
   129   -61
   130   -62
   131   -61
   132   -62
   133   -61
   134   -62
   135   -61
   136   -61
   137   -61
   138   -61
   139   -61
   140   -61
   141   -61
   142   -61
   143   -61
   144   -61
   145   -62
   146   -61
   147   -62
   148   -61
   149   -62
   150   -61
   151   -62
   152   -61
   153   -61
   154   -61
   155   -61
   156   -61
   157   -61
   158   -61
   159   -61
   160   -61
   161   -61
   162   -61
   163   -61
   164   -62
   165   -61
   166   -62
   167   -61
   168   -61
   169   -61
   170   -62
   171   -61
   172   -62
   173   -61
   174   -61
   175   -61
   176   -61
   177   -61
   178   -61
   179   -62
   180   -61
   181   -61
   182   -61
   183   -62
   184   -61
   185   -61
   186   -61
   187   -61
   188   -61
   189   -61
   190   -61
   191   -61
   192   -61
   193   -61
   194   -61
   195   -61
   196   -61
   197   -61
   198   -62
   199   -60
   200   -63
   201   -58
   202   -8
   203   70
   204   67
   205   46
   206   26
   207   24
   208   23
   209   29
   210   29
   211   32
   212   30
   213   32
   214   31
   215   32
   216   33
   217   34
   218   34
   219   34
   220   34
   221   34
   222   35
   223   36
   224   36
   225   36
   226   36
   227   37
   228   37
   229   38
   230   37
   231   38
   232   38
   233   39
   234   39
   235   39
   236   39
   237   40
   238   40
   239   41
   240   41
   241   41
   242   42
   243   41
   244   42
   245   42
   246   43
   247   42
   248   43
   249   43
   250   44
   251   44
   252   45
   253   44
   254   45
   255   45
   256   45
   257   45
   258   46
   259   46
   260   46
   261   47
   262   46
   263   48
   264   47
   265   48
   266   48
   267   49
   268   48
   269   49
   270   49
   271   50
   272   50
   273   50
   274   50
   275   51
   276   51
   277   51
   278   52
   279   51
   280   52
   281   52
   282   53
   283   53
   284   53
   285   53
   286   54
   287   54
   288   55
   289   55
   290   55
   291   55
   292   55
   293   56
   294   56
   295   57
   296   57
   297   57
   298   57
   299   58
   300   58
   301   58
   302   58
   303   59
   304   59
   305   59
   306   60
   307   60
   308   60
   309   60
   310   61
   311   60
   312   61
   313   60
   314   61
   315   60
   316   60
   317   60
   318   60
   319   59
   320   59
   321   58
   322   58
   323   57
   324   56
   325   56
   326   54
   327   54
   328   52
   329   52
   330   49
   331   49
   332   46
   333   46
   334   43
   335   42
   336   40
   337   38
   338   36
   339   33
   340   32
   341   29
   342   27
   343   25
   344   23
   345   19
   346   18
   347   14
   348   13
   349   10
   350   8
   351   5
   352   2
   353   0
   354   -2
   355   -5
   356   -7
   357   -10
   358   -12
   359   -14
   360   -17
   361   -18
   362   -21
   363   -23
   364   -25
   365   -26
   366   -29
   367   -30
   368   -32
   369   -34
   370   -35
   371   -37
   372   -38
   373   -40
   374   -41
   375   -42
   376   -42
   377   -44
   378   -45
   379   -47
   380   -47
   381   -48
   382   -48
   383   -50
   384   -50
   385   -51
   386   -51
   387   -52
   388   -53
   389   -53
   390   -54
   391   -53
   392   -54
   393   -54
   394   -55
   395   -55
   396   -56
   397   -55
   398   -56
   399   -56
   400   -56
   401   -56
   402   -57
   403   -56
   404   -57
   405   -57
   406   -57
   407   -57
   408   -57
   409   -58
   410   -57
   411   -58
   412   -57
   413   -58
   414   -57
   415   -58
   416   -57
   417   -58
   418   -57
   419   -58
   420   -58
   421   -58
   422   -58
   423   -57
   424   -58
   425   -57
   426   -58
   427   -57
   428   -58
   429   -57
   430   -58
   431   -58
   432   -58
   433   -58
   434   -58
   435   -58
   436   -58
   437   -58
   438   -58
   439   -58
   440   -58
   441   -58
   442   -58
   443   -58
   444   -57
   445   -59
   446   -58
   447   -58
   448   -58
   449   -58
   450   -58
   451   -58
   452   -58
   453   -58
   454   -58
   455   -58
   456   -58
   457   -58
   458   -59
   459   -58
   460   -58
   461   -58
   462   -59
   463   -58
   464   -59
   465   -58
   466   -59
   467   -58
   468   -58
   469   -58
   470   -58
   471   -58
   472   -58
   473   -58
   474   -58
   475   -59
   476   -58
   477   -58
   478   -58
   479   -59
   480   -58
   481   -59
   482   -58
   483   -59
   484   -58
   485   -58
   486   -58
   487   -58
   488   -58
   489   -58
   490   -59
   491   -58
   492   -59
   493   -58
   494   -59
   495   -58
   496   -59
   497   -58
   498   -59
   499   -58
   500   -59
   501   -58
   502   -58
   503   -59
   504   -58
   505   -59
   506   -58
   507   -59
   508   -58
   509   -59
   510   -58
   511   -59
   512   -58
   513   -59
   514   -58
   515   -59
   516   -58
   517   -59
   518   -58
   519   -59
   520   -59
   521   -58
   522   -59
   523   -58
   524   -59
   525   -58
   526   -59
   527   -59
   528   -59
   529   -58
   530   -59
   531   -58
   532   -59
   533   -59
   534   -59
   535   -59
   536   -59
   537   -59
   538   -59
   539   -59
   540   -59
   541   -59
   542   -58
   543   -59
   544   -59
   545   -59
   546   -58
   547   -59
   548   -59
   549   -59
   550   -59
   551   -59
   552   -59
   553   -59
   554   -59
   555   -59
   556   -59
   557   -59
   558   -59
   559   -58
   560   -59
   561   -59
   562   -59
   563   -59
   564   -59
   565   -59
   566   -59
   567   -59
   568   -59
   569   -59
   570   -59
   571   -59
   572   -59
   573   -60
   574   -58
   575   -59
   576   -58
   577   -59
   578   -58
   579   -60
   580   -59
   581   -59
   582   -59
   583   -59
   584   -59
   585   -59
   586   -59
   587   -59
   588   -59
   589   -59
   590   -59
   591   -59
   592   -59
   593   -59
   594   -59
   595   -59
   596   -59
   597   -59
   598   -59
   599   -59
   600   -59
   601   -59
   602   -59
   603   -59
   604   -59
   605   -59
   606   -59
   607   -59
   608   -59
   609   -59
   610   -59
   611   -59
   612   -59
   613   -59
   614   -59
   615   -59
   616   -59
   617   -59
   618   -59
   619   -59
   620   -59
   621   -59
   622   -59
   623   -59
   624   -59
   625   -58
   626   -59
   627   -59
   628   -60
   629   -59
   630   -59
   631   -59
   632   -59
   633   -59
   634   -59
   635   -59
   636   -59
   637   -59
   638   -59
   639   -60
   640   -59
   641   -60
   642   -59
   643   -60
   644   -59
   645   -60
   646   -59
   647   -59
   648   -59
   649   -59
   650   -59
   651   -59
   652   -59
   653   -59
   654   -59
   655   -59
   656   -59
   657   -59
   658   -60
   659   -59
   660   -59
   661   -59
   662   -60
   663   -59
   664   -59
   665   -59
   666   -59
   667   -59
   668   -59
   669   -59
   670   -59
   671   -60
   672   -59
   673   -59
   674   -59
   675   -60
   676   -59
   677   -60
   678   -59
   679   -59
   680   -59
   681   -59
   682   -59
   683   -59
   684   -60
   685   -59
   686   -60
   687   -59
   688   -59
   689   -59
   690   -60
   691   -59
   692   -60
   693   -59
   694   -60
   695   -59
   696   -60
   697   -59
   698   -59
   699   -59
   700   -59
   701   -59
   702   -59
   703   -60
   704   -59
   705   -60
   706   -59
   707   -60
   708   -59
   709   -60
   710   -59
   711   -60
   712   -59
   713   -60
   714   -59
   715   -59
   716   -59
   717   -59
   718   -59
   719   -59
   720   -59
   721   -59
   722   -60
   723   -59
   724   -60
   725   -59
   726   -60
   727   -59
   728   -60
   729   -59
   730   -60
   731   -59
   732   -60
   733   -59
   734   -59
   735   -59
   736   -59
   737   -60
   738   -59
   739   -60
   740   -59
   741   -60
   742   -59
   743   -60
   744   -59
   745   -60
   746   -60
   747   -60
   748   -59
   749   -60
   750   -59
   751   -59
   752   -60
   753   -59
   754   -60
   755   -59
   756   -60
   757   -59
   758   -60
   759   -59
   760   -60
   761   -59
   762   -60
   763   -59
   764   -60
   765   -59
   766   -59
   767   -60
   768   -59
   769   -60
   770   -59
   771   -60
   772   -59
   773   -60
   774   -59
   775   -60
   776   -59
   777   -60
   778   -59
   779   -60
   780   -59
   781   -60
   782   -59
   783   -60
   784   -60
   785   -59
   786   -60
   787   -60
   788   -60
   789   -59
   790   -60
   791   -60
   792   -60
   793   -59
   794   -60
   795   -60
   796   -60
   797   -60
   798   -60
   799   -60
   800   -60
   801   -60
   802   -59
   803   -60
   804   -59
   805   -60
   806   -59
   807   -60
   808   -59
   809   -60
   810   -60
   811   -60
   812   -59
   813   -60
   814   -60
   815   -60
   816   -60
   817   -59
   818   -60
   819   -59
   820   -60
   821   -59
   822   -60
   823   -59
   824   -60
   825   -59
   826   -60
   827   -59
   828   -60
   829   -59
   830   -60
   831   -60
   832   -60
   833   -60
   834   -59
   835   -60
   836   -59
   837   -60
   838   -60
   839   -60
   840   -59
   841   -60
   842   -59
   843   -60
   844   -60
   845   -60
   846   -60
   847   -60
   848   -60
   849   -60
   850   -60
   851   -60
   852   -60
   853   -60
   854   -60
   855   -59
   856   -60
   857   -59
   858   -60
   859   -60
   860   -60
   861   -59
   862   -60
   863   -60
   864   -60
   865   -60
   866   -60
   867   -60
   868   -59
   869   -60
   870   -59
   871   -60
   872   -60
   873   -60
   874   -60
   875   -60
   876   -59
   877   -60
   878   -60
   879   -60
   880   -60
   881   -60
   882   -60
   883   -60
   884   -60
   885   -60
   886   -60
   887   -59
   888   -60
   889   -59
   890   -60
   891   -59
   892   -60
   893   -59
   894   -60
   895   -60
   896   -60
   897   -60
   898   -60
   899   -60
   900   -60
   901   -60
   902   -60
   903   -60
   904   -60
   905   -60
   906   -59
   907   -60
   908   -60
   909   -60
   910   -60
   911   -60
   912   -60
   913   -60
   914   -60
   915   -60
   916   -60
   917   -60
   918   -60
   919   -60
   920   -60
   921   -59
   922   -60
   923   -60
   924   -60
   925   -60
   926   -60
   927   -60
   928   -60
   929   -60
   930   -60
   931   -60
   932   -60
   933   -60
   934   -60
   935   -60
   936   -59
   937   -60
   938   -60
   939   -60
   940   -59
   941   -60
   942   -60
   943   -60
   944   -60
   945   -60
   946   -60
   947   -60
   948   -60
   949   -60
   950   -60
   951   -60
   952   -60
   953   -60
   954   -60
   955   -60
   956   -60
   957   -60
   958   -60
   959   -60
   960   -60
   961   -60
   962   -60
   963   -60
   964   -60
   965   -60
   966   -60
   967   -60
   968   -60
   969   -60
   970   -60
   971   -60
   972   -59
   973   -60
   974   -60
   975   -60
   976   -60
   977   -60
   978   -60
   979   -60
   980   -60
   981   -60
   982   -60
   983   -60
   984   -60
   985   -60
   986   -60
   987   -60
   988   -60
   989   -60
   990   -60
   991   -60
   992   -60
   993   -60
   994   -60
   995   -60
   996   -60
   997   -60
   998   -60
   999   -60
