   0   0
   1   -69
   2   -68
   3   -68
   4   -67
   5   -66
   6   -66
   7   -65
   8   -66
   9   -66
   10   -66
   11   -66
   12   -68
   13   -68
   14   -69
   15   -69
   16   -70
   17   -69
   18   -69
   19   -68
   20   -67
   21   -67
   22   -66
   23   -66
   24   -66
   25   -65
   26   -66
   27   -67
   28   -67
   29   -68
   30   -69
   31   -69
   32   -69
   33   -69
   34   -69
   35   -68
   36   -68
   37   -66
   38   -66
   39   -66
   40   -66
   41   -65
   42   -65
   43   -67
   44   -67
   45   -68
   46   -69
   47   -69
   48   -69
   49   -69
   50   -69
   51   -68
   52   -68
   53   -66
   54   -66
   55   -66
   56   -65
   57   -65
   58   -65
   59   -66
   60   -66
   61   -67
   62   -69
   63   -69
   64   -70
   65   -69
   66   -70
   67   -69
   68   -68
   69   -68
   70   -66
   71   -66
   72   -65
   73   -65
   74   -65
   75   -65
   76   -66
   77   -67
   78   -68
   79   -69
   80   -69
   81   -69
   82   -70
   83   -69
   84   -69
   85   -68
   86   -67
   87   -66
   88   -66
   89   -65
   90   -65
   91   -66
   92   -66
   93   -67
   94   -68
   95   -69
   96   -69
   97   -69
   98   -70
   99   -69
   100   -68
   101   -68
   102   -67
   103   -66
   104   -65
   105   -65
   106   -65
   107   -65
   108   -66
   109   -66
   110   -68
   111   -69
   112   -69
   113   -70
   114   -70
   115   -70
   116   -69
   117   -68
   118   -67
   119   -66
   120   -65
   121   -65
   122   -65
   123   -66
   124   -65
   125   -66
   126   -67
   127   -69
   128   -69
   129   -70
   130   -70
   131   -69
   132   -69
   133   -69
   134   -68
   135   -67
   136   -66
   137   -65
   138   -65
   139   -65
   140   -65
   141   -66
   142   -67
   143   -68
   144   -69
   145   -70
   146   -70
   147   -70
   148   -69
   149   -69
   150   -68
   151   -66
   152   -66
   153   -65
   154   -64
   155   -65
   156   -65
   157   -66
   158   -67
   159   -68
   160   -69
   161   -70
   162   -70
   163   -70
   164   -70
   165   -69
   166   -69
   167   -67
   168   -66
   169   -65
   170   -64
   171   -65
   172   -65
   173   -65
   174   -66
   175   -67
   176   -69
   177   -69
   178   -70
   179   -70
   180   -71
   181   -69
   182   -69
   183   -68
   184   -67
   185   -65
   186   -65
   187   -64
   188   -64
   189   -65
   190   -66
   191   -67
   192   -68
   193   -69
   194   -70
   195   -70
   196   -70
   197   -70
   198   -69
   199   -68
   200   -67
   201   -38
   202   52
   203   11
   204   6
   205   12
   206   13
   207   11
   208   11
   209   11
   210   10
   211   10
   212   12
   213   11
   214   12
   215   14
   216   15
   217   16
   218   18
   219   18
   220   19
   221   19
   222   17
   223   16
   224   15
   225   14
   226   13
   227   13
   228   11
   229   12
   230   13
   231   14
   232   15
   233   16
   234   17
   235   18
   236   18
   237   17
   238   17
   239   16
   240   14
   241   14
   242   12
   243   11
   244   11
   245   10
   246   10
   247   12
   248   12
   249   14
   250   15
   251   15
   252   16
   253   16
   254   15
   255   15
   256   13
   257   11
   258   10
   259   10
   260   8
   261   8
   262   8
   263   9
   264   10
   265   12
   266   12
   267   14
   268   14
   269   14
   270   14
   271   12
   272   11
   273   9
   274   8
   275   6
   276   6
   277   5
   278   6
   279   6
   280   7
   281   9
   282   9
   283   11
   284   11
   285   12
   286   11
   287   11
   288   10
   289   8
   290   6
   291   5
   292   3
   293   3
   294   4
   295   3
   296   5
   297   6
   298   7
   299   9
   300   9
   301   10
   302   9
   303   9
   304   8
   305   6
   306   4
   307   3
   308   2
   309   1
   310   2
   311   1
   312   2
   313   2
   314   4
   315   5
   316   6
   317   7
   318   7
   319   6
   320   5
   321   4
   322   3
   323   1
   324   0
   325   0
   326   -1
   327   -1
   328   -1
   329   1
   330   2
   331   3
   332   4
   333   5
   334   5
   335   4
   336   4
   337   3
   338   1
   339   -1
   340   -2
   341   -3
   342   -4
   343   -4
   344   -4
   345   -2
   346   -2
   347   0
   348   1
   349   2
   350   2
   351   2
   352   2
   353   1
   354   -1
   355   -2
   356   -4
   357   -5
   358   -6
   359   -6
   360   -5
   361   -5
   362   -4
   363   -3
   364   -2
   365   -1
   366   0
   367   0
   368   -1
   369   -3
   370   -5
   371   -7
   372   -9
   373   -11
   374   -14
   375   -15
   376   -16
   377   -16
   378   -16
   379   -16
   380   -16
   381   -15
   382   -17
   383   -18
   384   -20
   385   -22
   386   -25
   387   -28
   388   -32
   389   -35
   390   -38
   391   -39
   392   -42
   393   -43
   394   -43
   395   -44
   396   -43
   397   -44
   398   -44
   399   -45
   400   -46
   401   -48
   402   -50
   403   -53
   404   -56
   405   -58
   406   -61
   407   -63
   408   -63
   409   -64
   410   -63
   411   -63
   412   -63
   413   -62
   414   -61
   415   -60
   416   -61
   417   -61
   418   -63
   419   -64
   420   -66
   421   -67
   422   -69
   423   -70
   424   -70
   425   -70
   426   -69
   427   -68
   428   -66
   429   -65
   430   -64
   431   -63
   432   -62
   433   -63
   434   -63
   435   -65
   436   -66
   437   -68
   438   -69
   439   -70
   440   -71
   441   -71
   442   -70
   443   -69
   444   -68
   445   -66
   446   -65
   447   -64
   448   -63
   449   -63
   450   -63
   451   -64
   452   -65
   453   -68
   454   -69
   455   -70
   456   -71
   457   -71
   458   -70
   459   -69
   460   -69
   461   -66
   462   -66
   463   -64
   464   -63
   465   -63
   466   -63
   467   -63
   468   -65
   469   -67
   470   -68
   471   -69
   472   -70
   473   -71
   474   -70
   475   -70
   476   -69
   477   -66
   478   -66
   479   -64
   480   -63
   481   -63
   482   -63
   483   -63
   484   -64
   485   -66
   486   -68
   487   -70
   488   -70
   489   -71
   490   -71
   491   -70
   492   -69
   493   -68
   494   -66
   495   -65
   496   -64
   497   -63
   498   -63
   499   -63
   500   -64
   501   -66
   502   -67
   503   -68
   504   -70
   505   -71
   506   -72
   507   -70
   508   -70
   509   -69
   510   -66
   511   -66
   512   -64
   513   -63
   514   -63
   515   -62
   516   -64
   517   -65
   518   -67
   519   -68
   520   -70
   521   -70
   522   -71
   523   -71
   524   -70
   525   -69
   526   -67
   527   -65
   528   -65
   529   -63
   530   -63
   531   -63
   532   -64
   533   -64
   534   -67
   535   -68
   536   -69
   537   -71
   538   -71
   539   -71
   540   -71
   541   -70
   542   -68
   543   -67
   544   -65
   545   -64
   546   -62
   547   -63
   548   -63
   549   -64
   550   -65
   551   -67
   552   -69
   553   -69
   554   -71
   555   -71
   556   -71
   557   -70
   558   -69
   559   -67
   560   -66
   561   -64
   562   -63
   563   -63
   564   -63
   565   -64
   566   -65
   567   -67
   568   -68
   569   -70
   570   -71
   571   -71
   572   -71
   573   -70
   574   -69
   575   -67
   576   -67
   577   -64
   578   -64
   579   -63
   580   -63
   581   -63
   582   -64
   583   -67
   584   -68
   585   -69
   586   -70
   587   -71
   588   -72
   589   -70
   590   -70
   591   -68
   592   -67
   593   -65
   594   -64
   595   -63
   596   -63
   597   -64
   598   -64
   599   -66
   600   -67
   601   -69
   602   -70
   603   -70
   604   -71
   605   -70
   606   -69
   607   -69
   608   -67
   609   -66
   610   -64
   611   -63
   612   -63
   613   -63
   614   -64
   615   -65
   616   -67
   617   -69
   618   -70
   619   -71
   620   -71
   621   -71
   622   -70
   623   -69
   624   -67
   625   -66
   626   -65
   627   -64
   628   -63
   629   -63
   630   -63
   631   -65
   632   -66
   633   -68
   634   -69
   635   -71
   636   -71
   637   -71
   638   -70
   639   -70
   640   -68
   641   -66
   642   -65
   643   -64
   644   -63
   645   -63
   646   -63
   647   -64
   648   -66
   649   -67
   650   -69
   651   -70
   652   -71
   653   -71
   654   -71
   655   -71
   656   -69
   657   -67
   658   -66
   659   -65
   660   -63
   661   -64
   662   -64
   663   -64
   664   -65
   665   -67
   666   -68
   667   -69
   668   -70
   669   -71
   670   -71
   671   -70
   672   -69
   673   -67
   674   -66
   675   -65
   676   -64
   677   -63
   678   -63
   679   -64
   680   -65
   681   -66
   682   -68
   683   -69
   684   -70
   685   -71
   686   -71
   687   -71
   688   -70
   689   -68
   690   -67
   691   -66
   692   -64
   693   -64
   694   -64
   695   -64
   696   -65
   697   -66
   698   -67
   699   -69
   700   -70
   701   -70
   702   -70
   703   -71
   704   -70
   705   -68
   706   -67
   707   -65
   708   -65
   709   -63
   710   -63
   711   -64
   712   -64
   713   -65
   714   -66
   715   -68
   716   -69
   717   -70
   718   -70
   719   -71
   720   -70
   721   -68
   722   -68
   723   -67
   724   -65
   725   -64
   726   -64
   727   -64
   728   -64
   729   -65
   730   -67
   731   -68
   732   -69
   733   -69
   734   -71
   735   -70
   736   -70
   737   -69
   738   -68
   739   -66
   740   -65
   741   -64
   742   -64
   743   -63
   744   -63
   745   -65
   746   -65
   747   -67
   748   -68
   749   -70
   750   -70
   751   -71
   752   -70
   753   -70
   754   -68
   755   -67
   756   -66
   757   -65
   758   -64
   759   -64
   760   -64
   761   -64
   762   -65
   763   -67
   764   -68
   765   -70
   766   -70
   767   -70
   768   -71
   769   -70
   770   -69
   771   -67
   772   -67
   773   -65
   774   -64
   775   -63
   776   -63
   777   -64
   778   -64
   779   -66
   780   -67
   781   -68
   782   -70
   783   -70
   784   -70
   785   -70
   786   -69
   787   -68
   788   -67
   789   -65
   790   -65
   791   -64
   792   -64
   793   -65
   794   -65
   795   -66
   796   -67
   797   -69
   798   -70
   799   -70
   800   -71
   801   -70
   802   -70
   803   -69
   804   -67
   805   -66
   806   -65
   807   -64
   808   -63
   809   -64
   810   -65
   811   -65
   812   -66
   813   -68
   814   -68
   815   -70
   816   -70
   817   -70
   818   -69
   819   -69
   820   -68
   821   -67
   822   -65
   823   -64
   824   -64
   825   -64
   826   -64
   827   -66
   828   -66
   829   -68
   830   -68
   831   -70
   832   -71
   833   -70
   834   -70
   835   -69
   836   -68
   837   -66
   838   -66
   839   -65
   840   -63
   841   -65
   842   -64
   843   -64
   844   -66
   845   -66
   846   -68
   847   -68
   848   -69
   849   -70
   850   -69
   851   -69
   852   -68
   853   -67
   854   -66
   855   -66
   856   -64
   857   -64
   858   -64
   859   -65
   860   -66
   861   -66
   862   -68
   863   -69
   864   -70
   865   -70
   866   -70
   867   -70
   868   -69
   869   -67
   870   -67
   871   -66
   872   -65
   873   -64
   874   -64
   875   -65
   876   -65
   877   -66
   878   -67
   879   -68
   880   -70
   881   -69
   882   -70
   883   -70
   884   -68
   885   -67
   886   -67
   887   -65
   888   -65
   889   -64
   890   -64
   891   -64
   892   -65
   893   -66
   894   -67
   895   -68
   896   -69
   897   -69
   898   -70
   899   -70
   900   -70
   901   -68
   902   -68
   903   -67
   904   -64
   905   -65
   906   -65
   907   -65
   908   -65
   909   -66
   910   -67
   911   -68
   912   -69
   913   -69
   914   -70
   915   -69
   916   -69
   917   -69
   918   -67
   919   -66
   920   -65
   921   -64
   922   -64
   923   -64
   924   -65
   925   -65
   926   -67
   927   -67
   928   -68
   929   -69
   930   -70
   931   -70
   932   -69
   933   -68
   934   -68
   935   -67
   936   -66
   937   -65
   938   -65
   939   -64
   940   -65
   941   -65
   942   -66
   943   -67
   944   -68
   945   -69
   946   -69
   947   -69
   948   -70
   949   -69
   950   -68
   951   -67
   952   -66
   953   -65
   954   -65
   955   -64
   956   -64
   957   -65
   958   -65
   959   -67
   960   -68
   961   -68
   962   -69
   963   -69
   964   -69
   965   -69
   966   -68
   967   -67
   968   -66
   969   -65
   970   -65
   971   -65
   972   -64
   973   -65
   974   -66
   975   -66
   976   -67
   977   -68
   978   -69
   979   -69
   980   -70
   981   -70
   982   -68
   983   -68
   984   -66
   985   -66
   986   -65
   987   -65
   988   -65
   989   -65
   990   -65
   991   -67
   992   -68
   993   -67
   994   -68
   995   -69
   996   -69
   997   -69
   998   -68
   999   -68
