   0   0
   1   -61
   2   -61
   3   -61
   4   -61
   5   -61
   6   -61
   7   -61
   8   -61
   9   -61
   10   -62
   11   -61
   12   -61
   13   -61
   14   -61
   15   -61
   16   -61
   17   -61
   18   -61
   19   -61
   20   -61
   21   -61
   22   -61
   23   -61
   24   -61
   25   -62
   26   -61
   27   -61
   28   -61
   29   -62
   30   -61
   31   -61
   32   -61
   33   -61
   34   -61
   35   -61
   36   -61
   37   -61
   38   -61
   39   -61
   40   -62
   41   -61
   42   -62
   43   -61
   44   -61
   45   -61
   46   -62
   47   -61
   48   -62
   49   -61
   50   -61
   51   -61
   52   -61
   53   -61
   54   -61
   55   -61
   56   -61
   57   -61
   58   -61
   59   -62
   60   -61
   61   -61
   62   -61
   63   -61
   64   -61
   65   -61
   66   -61
   67   -61
   68   -61
   69   -61
   70   -61
   71   -61
   72   -61
   73   -61
   74   -61
   75   -61
   76   -62
   77   -61
   78   -62
   79   -61
   80   -62
   81   -61
   82   -61
   83   -61
   84   -61
   85   -61
   86   -61
   87   -61
   88   -61
   89   -61
   90   -61
   91   -62
   92   -61
   93   -62
   94   -61
   95   -61
   96   -61
   97   -61
   98   -61
   99   -61
   100   -61
   101   -61
   102   -61
   103   -61
   104   -61
   105   -61
   106   -61
   107   -61
   108   -62
   109   -61
   110   -61
   111   -61
   112   -61
   113   -61
   114   -62
   115   -61
   116   -61
   117   -61
   118   -61
   119   -61
   120   -61
   121   -61
   122   -61
   123   -61
   124   -61
   125   -62
   126   -61
   127   -62
   128   -61
   129   -62
   130   -61
   131   -61
   132   -61
   133   -61
   134   -61
   135   -61
   136   -61
   137   -61
   138   -61
   139   -61
   140   -61
   141   -61
   142   -62
   143   -61
   144   -61
   145   -61
   146   -61
   147   -61
   148   -61
   149   -61
   150   -61
   151   -61
   152   -61
   153   -62
   154   -61
   155   -61
   156   -61
   157   -61
   158   -61
   159   -61
   160   -61
   161   -61
   162   -61
   163   -61
   164   -61
   165   -61
   166   -61
   167   -61
   168   -61
   169   -61
   170   -61
   171   -61
   172   -61
   173   -61
   174   -61
   175   -61
   176   -61
   177   -61
   178   -61
   179   -61
   180   -61
   181   -61
   182   -61
   183   -61
   184   -61
   185   -61
   186   -61
   187   -61
   188   -61
   189   -61
   190   -61
   191   -62
   192   -61
   193   -62
   194   -60
   195   -62
   196   -61
   197   -62
   198   -61
   199   -61
   200   -62
   201   -60
   202   -43
   203   -2
   204   22
   205   26
   206   23
   207   19
   208   17
   209   18
   210   18
   211   19
   212   18
   213   19
   214   18
   215   19
   216   18
   217   19
   218   19
   219   18
   220   18
   221   18
   222   19
   223   18
   224   18
   225   17
   226   18
   227   18
   228   18
   229   18
   230   18
   231   18
   232   18
   233   18
   234   18
   235   18
   236   17
   237   18
   238   18
   239   18
   240   18
   241   18
   242   17
   243   17
   244   17
   245   18
   246   18
   247   18
   248   17
   249   17
   250   17
   251   17
   252   18
   253   17
   254   18
   255   17
   256   18
   257   17
   258   18
   259   17
   260   17
   261   17
   262   18
   263   17
   264   17
   265   17
   266   17
   267   17
   268   17
   269   17
   270   17
   271   17
   272   16
   273   17
   274   17
   275   17
   276   16
   277   17
   278   16
   279   17
   280   16
   281   17
   282   16
   283   16
   284   16
   285   16
   286   17
   287   16
   288   17
   289   16
   290   16
   291   16
   292   16
   293   16
   294   16
   295   16
   296   16
   297   16
   298   16
   299   16
   300   16
   301   16
   302   16
   303   16
   304   16
   305   16
   306   15
   307   16
   308   16
   309   16
   310   16
   311   16
   312   16
   313   16
   314   16
   315   15
   316   16
   317   15
   318   16
   319   15
   320   16
   321   15
   322   16
   323   15
   324   16
   325   15
   326   15
   327   15
   328   15
   329   15
   330   15
   331   15
   332   15
   333   15
   334   15
   335   15
   336   14
   337   15
   338   14
   339   15
   340   14
   341   15
   342   14
   343   15
   344   14
   345   15
   346   14
   347   14
   348   14
   349   14
   350   14
   351   14
   352   14
   353   14
   354   14
   355   14
   356   14
   357   14
   358   14
   359   14
   360   14
   361   14
   362   14
   363   13
   364   14
   365   14
   366   14
   367   14
   368   13
   369   14
   370   13
   371   14
   372   13
   373   14
   374   13
   375   13
   376   13
   377   13
   378   13
   379   13
   380   13
   381   13
   382   13
   383   13
   384   13
   385   13
   386   13
   387   13
   388   13
   389   12
   390   13
   391   12
   392   13
   393   12
   394   13
   395   12
   396   12
   397   12
   398   12
   399   12
   400   12
   401   12
   402   11
   403   11
   404   10
   405   10
   406   8
   407   7
   408   5
   409   4
   410   1
   411   -2
   412   -5
   413   -9
   414   -13
   415   -17
   416   -22
   417   -26
   418   -31
   419   -35
   420   -39
   421   -43
   422   -45
   423   -49
   424   -51
   425   -53
   426   -55
   427   -56
   428   -57
   429   -58
   430   -58
   431   -59
   432   -59
   433   -59
   434   -60
   435   -60
   436   -60
   437   -60
   438   -60
   439   -60
   440   -60
   441   -60
   442   -60
   443   -60
   444   -60
   445   -60
   446   -60
   447   -60
   448   -60
   449   -60
   450   -60
   451   -61
   452   -60
   453   -61
   454   -60
   455   -61
   456   -60
   457   -60
   458   -60
   459   -61
   460   -60
   461   -61
   462   -60
   463   -60
   464   -61
   465   -60
   466   -61
   467   -60
   468   -61
   469   -60
   470   -61
   471   -60
   472   -61
   473   -60
   474   -61
   475   -60
   476   -61
   477   -60
   478   -61
   479   -61
   480   -61
   481   -61
   482   -60
   483   -61
   484   -60
   485   -61
   486   -60
   487   -61
   488   -60
   489   -61
   490   -60
   491   -61
   492   -60
   493   -60
   494   -60
   495   -61
   496   -61
   497   -60
   498   -61
   499   -60
   500   -61
   501   -60
   502   -61
   503   -60
   504   -61
   505   -60
   506   -61
   507   -61
   508   -61
   509   -60
   510   -61
   511   -61
   512   -61
   513   -61
   514   -61
   515   -61
   516   -61
   517   -61
   518   -61
   519   -61
   520   -61
   521   -61
   522   -60
   523   -61
   524   -60
   525   -61
   526   -61
   527   -61
   528   -61
   529   -61
   530   -61
   531   -61
   532   -61
   533   -61
   534   -61
   535   -60
   536   -61
   537   -61
   538   -61
   539   -61
   540   -61
   541   -61
   542   -61
   543   -61
   544   -61
   545   -61
   546   -61
   547   -61
   548   -61
   549   -61
   550   -61
   551   -61
   552   -61
   553   -61
   554   -61
   555   -61
   556   -61
   557   -61
   558   -61
   559   -61
   560   -61
   561   -61
   562   -61
   563   -61
   564   -61
   565   -61
   566   -61
   567   -61
   568   -61
   569   -60
   570   -61
   571   -61
   572   -61
   573   -61
   574   -61
   575   -60
   576   -61
   577   -61
   578   -61
   579   -61
   580   -61
   581   -61
   582   -61
   583   -61
   584   -61
   585   -61
   586   -61
   587   -61
   588   -61
   589   -61
   590   -61
   591   -61
   592   -61
   593   -61
   594   -61
   595   -61
   596   -61
   597   -61
   598   -61
   599   -61
   600   -61
   601   -61
   602   -61
   603   -61
   604   -61
   605   -61
   606   -61
   607   -61
   608   -61
   609   -61
   610   -61
   611   -61
   612   -61
   613   -61
   614   -61
   615   -61
   616   -61
   617   -61
   618   -61
   619   -61
   620   -61
   621   -61
   622   -61
   623   -61
   624   -61
   625   -61
   626   -61
   627   -61
   628   -61
   629   -61
   630   -61
   631   -61
   632   -61
   633   -61
   634   -61
   635   -61
   636   -61
   637   -61
   638   -61
   639   -61
   640   -61
   641   -61
   642   -61
   643   -61
   644   -61
   645   -61
   646   -61
   647   -61
   648   -61
   649   -61
   650   -61
   651   -61
   652   -61
   653   -61
   654   -61
   655   -61
   656   -61
   657   -61
   658   -61
   659   -61
   660   -61
   661   -61
   662   -61
   663   -61
   664   -61
   665   -61
   666   -61
   667   -61
   668   -61
   669   -61
   670   -61
   671   -61
   672   -61
   673   -61
   674   -61
   675   -61
   676   -61
   677   -61
   678   -61
   679   -61
   680   -61
   681   -61
   682   -61
   683   -61
   684   -61
   685   -61
   686   -61
   687   -61
   688   -61
   689   -61
   690   -61
   691   -61
   692   -61
   693   -61
   694   -61
   695   -61
   696   -61
   697   -60
   698   -61
   699   -61
   700   -61
   701   -61
   702   -61
   703   -61
   704   -61
   705   -61
   706   -61
   707   -61
   708   -61
   709   -61
   710   -61
   711   -61
   712   -61
   713   -61
   714   -61
   715   -61
   716   -61
   717   -61
   718   -61
   719   -61
   720   -61
   721   -61
   722   -61
   723   -61
   724   -61
   725   -61
   726   -61
   727   -61
   728   -61
   729   -61
   730   -61
   731   -61
   732   -61
   733   -61
   734   -61
   735   -61
   736   -61
   737   -61
   738   -61
   739   -61
   740   -61
   741   -61
   742   -61
   743   -61
   744   -61
   745   -61
   746   -61
   747   -61
   748   -61
   749   -61
   750   -61
   751   -61
   752   -61
   753   -61
   754   -61
   755   -61
   756   -61
   757   -61
   758   -61
   759   -61
   760   -61
   761   -61
   762   -61
   763   -61
   764   -61
   765   -61
   766   -61
   767   -61
   768   -61
   769   -61
   770   -61
   771   -61
   772   -61
   773   -61
   774   -61
   775   -61
   776   -61
   777   -61
   778   -61
   779   -61
   780   -61
   781   -61
   782   -61
   783   -61
   784   -61
   785   -61
   786   -61
   787   -61
   788   -61
   789   -61
   790   -61
   791   -61
   792   -61
   793   -61
   794   -61
   795   -61
   796   -61
   797   -61
   798   -61
   799   -61
   800   -61
   801   -61
   802   -61
   803   -61
   804   -61
   805   -61
   806   -61
   807   -61
   808   -61
   809   -61
   810   -61
   811   -61
   812   -61
   813   -61
   814   -61
   815   -61
   816   -61
   817   -61
   818   -61
   819   -61
   820   -61
   821   -61
   822   -61
   823   -61
   824   -61
   825   -61
   826   -61
   827   -61
   828   -61
   829   -61
   830   -61
   831   -61
   832   -61
   833   -61
   834   -61
   835   -61
   836   -61
   837   -61
   838   -61
   839   -61
   840   -61
   841   -61
   842   -61
   843   -61
   844   -61
   845   -61
   846   -61
   847   -61
   848   -61
   849   -61
   850   -61
   851   -61
   852   -61
   853   -61
   854   -61
   855   -61
   856   -61
   857   -61
   858   -61
   859   -61
   860   -61
   861   -61
   862   -61
   863   -61
   864   -61
   865   -61
   866   -61
   867   -61
   868   -61
   869   -61
   870   -61
   871   -61
   872   -61
   873   -61
   874   -61
   875   -61
   876   -61
   877   -61
   878   -61
   879   -61
   880   -61
   881   -61
   882   -61
   883   -61
   884   -61
   885   -61
   886   -61
   887   -61
   888   -61
   889   -61
   890   -61
   891   -61
   892   -61
   893   -61
   894   -61
   895   -61
   896   -61
   897   -61
   898   -61
   899   -61
   900   -61
   901   -61
   902   -61
   903   -61
   904   -61
   905   -61
   906   -61
   907   -61
   908   -61
   909   -61
   910   -61
   911   -61
   912   -61
   913   -61
   914   -61
   915   -61
   916   -61
   917   -61
   918   -61
   919   -61
   920   -61
   921   -61
   922   -61
   923   -61
   924   -61
   925   -61
   926   -61
   927   -61
   928   -61
   929   -61
   930   -61
   931   -61
   932   -61
   933   -61
   934   -61
   935   -61
   936   -61
   937   -61
   938   -61
   939   -61
   940   -61
   941   -61
   942   -61
   943   -61
   944   -61
   945   -61
   946   -61
   947   -61
   948   -61
   949   -61
   950   -61
   951   -61
   952   -61
   953   -61
   954   -61
   955   -61
   956   -61
   957   -61
   958   -61
   959   -61
   960   -61
   961   -61
   962   -61
   963   -61
   964   -61
   965   -61
   966   -61
   967   -61
   968   -61
   969   -61
   970   -61
   971   -61
   972   -61
   973   -61
   974   -61
   975   -61
   976   -61
   977   -61
   978   -61
   979   -61
   980   -61
   981   -61
   982   -61
   983   -61
   984   -61
   985   -61
   986   -61
   987   -61
   988   -61
   989   -61
   990   -61
   991   -61
   992   -61
   993   -61
   994   -61
   995   -61
   996   -61
   997   -61
   998   -61
   999   -61
