   0   0
   1   -69
   2   -69
   3   -68
   4   -67
   5   -67
   6   -65
   7   -65
   8   -66
   9   -66
   10   -66
   11   -66
   12   -68
   13   -68
   14   -68
   15   -69
   16   -70
   17   -69
   18   -69
   19   -69
   20   -67
   21   -67
   22   -66
   23   -65
   24   -65
   25   -65
   26   -65
   27   -66
   28   -67
   29   -68
   30   -69
   31   -68
   32   -70
   33   -70
   34   -69
   35   -68
   36   -68
   37   -67
   38   -66
   39   -65
   40   -65
   41   -65
   42   -66
   43   -66
   44   -67
   45   -67
   46   -68
   47   -69
   48   -70
   49   -69
   50   -69
   51   -69
   52   -68
   53   -68
   54   -67
   55   -66
   56   -66
   57   -65
   58   -65
   59   -65
   60   -66
   61   -67
   62   -67
   63   -68
   64   -69
   65   -69
   66   -69
   67   -69
   68   -68
   69   -68
   70   -67
   71   -66
   72   -66
   73   -65
   74   -65
   75   -65
   76   -66
   77   -67
   78   -67
   79   -69
   80   -69
   81   -69
   82   -69
   83   -70
   84   -69
   85   -68
   86   -67
   87   -66
   88   -66
   89   -65
   90   -65
   91   -65
   92   -65
   93   -67
   94   -67
   95   -68
   96   -69
   97   -69
   98   -69
   99   -70
   100   -69
   101   -68
   102   -67
   103   -66
   104   -66
   105   -65
   106   -65
   107   -65
   108   -66
   109   -66
   110   -67
   111   -68
   112   -68
   113   -69
   114   -70
   115   -70
   116   -69
   117   -68
   118   -68
   119   -67
   120   -66
   121   -66
   122   -65
   123   -65
   124   -66
   125   -66
   126   -66
   127   -67
   128   -68
   129   -69
   130   -69
   131   -69
   132   -69
   133   -68
   134   -68
   135   -67
   136   -67
   137   -66
   138   -65
   139   -65
   140   -65
   141   -66
   142   -66
   143   -67
   144   -68
   145   -69
   146   -70
   147   -69
   148   -70
   149   -69
   150   -68
   151   -68
   152   -67
   153   -66
   154   -65
   155   -65
   156   -65
   157   -65
   158   -66
   159   -66
   160   -67
   161   -68
   162   -70
   163   -69
   164   -69
   165   -69
   166   -69
   167   -68
   168   -66
   169   -66
   170   -66
   171   -65
   172   -65
   173   -65
   174   -65
   175   -66
   176   -67
   177   -68
   178   -68
   179   -69
   180   -69
   181   -69
   182   -69
   183   -68
   184   -67
   185   -67
   186   -66
   187   -66
   188   -65
   189   -66
   190   -66
   191   -66
   192   -67
   193   -68
   194   -68
   195   -69
   196   -69
   197   -69
   198   -68
   199   -69
   200   -68
   201   -41
   202   9
   203   -46
   204   -53
   205   -45
   206   -44
   207   -46
   208   -45
   209   -45
   210   -47
   211   -48
   212   -47
   213   -48
   214   -47
   215   -47
   216   -47
   217   -45
   218   -45
   219   -44
   220   -42
   221   -43
   222   -44
   223   -43
   224   -44
   225   -45
   226   -46
   227   -46
   228   -48
   229   -47
   230   -47
   231   -47
   232   -46
   233   -46
   234   -45
   235   -43
   236   -43
   237   -43
   238   -43
   239   -43
   240   -44
   241   -44
   242   -45
   243   -46
   244   -46
   245   -47
   246   -47
   247   -47
   248   -46
   249   -46
   250   -45
   251   -44
   252   -44
   253   -44
   254   -43
   255   -43
   256   -44
   257   -45
   258   -46
   259   -46
   260   -47
   261   -48
   262   -48
   263   -48
   264   -47
   265   -46
   266   -46
   267   -45
   268   -44
   269   -44
   270   -43
   271   -43
   272   -44
   273   -44
   274   -45
   275   -46
   276   -47
   277   -47
   278   -48
   279   -47
   280   -48
   281   -47
   282   -46
   283   -46
   284   -45
   285   -44
   286   -44
   287   -44
   288   -44
   289   -45
   290   -45
   291   -46
   292   -47
   293   -47
   294   -48
   295   -48
   296   -48
   297   -47
   298   -47
   299   -46
   300   -45
   301   -44
   302   -45
   303   -44
   304   -44
   305   -45
   306   -45
   307   -46
   308   -47
   309   -48
   310   -48
   311   -49
   312   -48
   313   -48
   314   -48
   315   -46
   316   -46
   317   -45
   318   -44
   319   -44
   320   -44
   321   -44
   322   -45
   323   -46
   324   -46
   325   -48
   326   -48
   327   -49
   328   -49
   329   -49
   330   -48
   331   -48
   332   -47
   333   -46
   334   -45
   335   -46
   336   -45
   337   -45
   338   -45
   339   -46
   340   -47
   341   -47
   342   -48
   343   -48
   344   -49
   345   -49
   346   -49
   347   -48
   348   -47
   349   -47
   350   -46
   351   -46
   352   -45
   353   -45
   354   -46
   355   -46
   356   -47
   357   -48
   358   -48
   359   -49
   360   -49
   361   -49
   362   -49
   363   -49
   364   -48
   365   -47
   366   -47
   367   -46
   368   -45
   369   -46
   370   -46
   371   -46
   372   -47
   373   -48
   374   -48
   375   -49
   376   -50
   377   -50
   378   -49
   379   -50
   380   -49
   381   -48
   382   -48
   383   -47
   384   -46
   385   -46
   386   -46
   387   -46
   388   -47
   389   -48
   390   -49
   391   -49
   392   -50
   393   -50
   394   -49
   395   -50
   396   -49
   397   -49
   398   -47
   399   -47
   400   -47
   401   -46
   402   -46
   403   -47
   404   -47
   405   -47
   406   -49
   407   -49
   408   -49
   409   -50
   410   -50
   411   -50
   412   -50
   413   -49
   414   -48
   415   -48
   416   -48
   417   -47
   418   -47
   419   -48
   420   -48
   421   -48
   422   -49
   423   -50
   424   -51
   425   -51
   426   -52
   427   -51
   428   -51
   429   -51
   430   -50
   431   -49
   432   -50
   433   -49
   434   -49
   435   -49
   436   -49
   437   -50
   438   -51
   439   -51
   440   -52
   441   -53
   442   -54
   443   -54
   444   -54
   445   -54
   446   -54
   447   -53
   448   -53
   449   -53
   450   -53
   451   -53
   452   -54
   453   -54
   454   -55
   455   -56
   456   -57
   457   -58
   458   -58
   459   -59
   460   -59
   461   -59
   462   -58
   463   -59
   464   -58
   465   -58
   466   -57
   467   -57
   468   -58
   469   -58
   470   -59
   471   -59
   472   -60
   473   -61
   474   -62
   475   -63
   476   -63
   477   -63
   478   -63
   479   -62
   480   -62
   481   -61
   482   -62
   483   -62
   484   -61
   485   -62
   486   -63
   487   -63
   488   -64
   489   -65
   490   -65
   491   -66
   492   -65
   493   -66
   494   -66
   495   -66
   496   -65
   497   -65
   498   -64
   499   -64
   500   -64
   501   -64
   502   -64
   503   -65
   504   -66
   505   -66
   506   -66
   507   -67
   508   -67
   509   -68
   510   -67
   511   -67
   512   -66
   513   -66
   514   -65
   515   -66
   516   -65
   517   -66
   518   -65
   519   -66
   520   -67
   521   -67
   522   -67
   523   -68
   524   -68
   525   -68
   526   -68
   527   -68
   528   -67
   529   -67
   530   -67
   531   -66
   532   -66
   533   -65
   534   -66
   535   -66
   536   -66
   537   -67
   538   -67
   539   -68
   540   -68
   541   -69
   542   -68
   543   -68
   544   -68
   545   -66
   546   -67
   547   -66
   548   -66
   549   -65
   550   -65
   551   -66
   552   -66
   553   -66
   554   -67
   555   -68
   556   -68
   557   -69
   558   -68
   559   -69
   560   -68
   561   -67
   562   -68
   563   -67
   564   -67
   565   -66
   566   -66
   567   -66
   568   -66
   569   -67
   570   -67
   571   -67
   572   -68
   573   -68
   574   -68
   575   -68
   576   -68
   577   -67
   578   -67
   579   -67
   580   -66
   581   -66
   582   -66
   583   -66
   584   -65
   585   -66
   586   -67
   587   -67
   588   -68
   589   -68
   590   -68
   591   -69
   592   -68
   593   -68
   594   -68
   595   -67
   596   -67
   597   -66
   598   -66
   599   -66
   600   -66
   601   -67
   602   -67
   603   -67
   604   -68
   605   -68
   606   -68
   607   -69
   608   -68
   609   -68
   610   -67
   611   -67
   612   -67
   613   -66
   614   -65
   615   -66
   616   -66
   617   -65
   618   -66
   619   -67
   620   -67
   621   -67
   622   -68
   623   -68
   624   -68
   625   -68
   626   -68
   627   -67
   628   -67
   629   -67
   630   -66
   631   -66
   632   -67
   633   -66
   634   -67
   635   -66
   636   -67
   637   -68
   638   -68
   639   -68
   640   -68
   641   -68
   642   -67
   643   -67
   644   -67
   645   -66
   646   -66
   647   -66
   648   -66
   649   -66
   650   -66
   651   -66
   652   -66
   653   -67
   654   -67
   655   -68
   656   -67
   657   -68
   658   -68
   659   -67
   660   -67
   661   -67
   662   -66
   663   -66
   664   -67
   665   -66
   666   -66
   667   -67
   668   -67
   669   -68
   670   -68
   671   -68
   672   -68
   673   -69
   674   -68
   675   -67
   676   -67
   677   -67
   678   -67
   679   -67
   680   -66
   681   -66
   682   -66
   683   -67
   684   -66
   685   -67
   686   -67
   687   -67
   688   -68
   689   -68
   690   -68
   691   -67
   692   -67
   693   -67
   694   -67
   695   -66
   696   -67
   697   -67
   698   -67
   699   -66
   700   -67
   701   -68
   702   -67
   703   -68
   704   -68
   705   -68
   706   -68
   707   -68
   708   -68
   709   -67
   710   -67
   711   -67
   712   -67
   713   -67
   714   -66
   715   -66
   716   -66
   717   -67
   718   -67
   719   -67
   720   -67
   721   -67
   722   -68
   723   -68
   724   -67
   725   -67
   726   -67
   727   -67
   728   -67
   729   -66
   730   -66
   731   -67
   732   -66
   733   -66
   734   -67
   735   -67
   736   -67
   737   -68
   738   -68
   739   -68
   740   -68
   741   -68
   742   -67
   743   -67
   744   -67
   745   -67
   746   -66
   747   -66
   748   -67
   749   -67
   750   -66
   751   -67
   752   -67
   753   -67
   754   -67
   755   -67
   756   -67
   757   -68
   758   -67
   759   -67
   760   -67
   761   -66
   762   -66
   763   -66
   764   -66
   765   -67
   766   -67
   767   -66
   768   -67
   769   -68
   770   -68
   771   -68
   772   -67
   773   -68
   774   -68
   775   -67
   776   -67
   777   -67
   778   -67
   779   -66
   780   -67
   781   -67
   782   -67
   783   -67
   784   -67
   785   -67
   786   -67
   787   -68
   788   -68
   789   -68
   790   -67
   791   -67
   792   -67
   793   -66
   794   -67
   795   -67
   796   -66
   797   -67
   798   -66
   799   -67
   800   -67
   801   -67
   802   -68
   803   -67
   804   -67
   805   -68
   806   -68
   807   -67
   808   -68
   809   -67
   810   -67
   811   -67
   812   -67
   813   -67
   814   -67
   815   -67
   816   -67
   817   -67
   818   -67
   819   -67
   820   -68
   821   -68
   822   -67
   823   -68
   824   -67
   825   -67
   826   -67
   827   -66
   828   -67
   829   -67
   830   -67
   831   -67
   832   -67
   833   -67
   834   -67
   835   -67
   836   -68
   837   -67
   838   -67
   839   -67
   840   -67
   841   -67
   842   -67
   843   -67
   844   -67
   845   -67
   846   -67
   847   -67
   848   -67
   849   -67
   850   -66
   851   -67
   852   -67
   853   -67
   854   -67
   855   -68
   856   -67
   857   -67
   858   -67
   859   -67
   860   -67
   861   -67
   862   -67
   863   -67
   864   -67
   865   -66
   866   -67
   867   -67
   868   -68
   869   -67
   870   -68
   871   -68
   872   -67
   873   -67
   874   -67
   875   -67
   876   -67
   877   -67
   878   -67
   879   -67
   880   -67
   881   -67
   882   -67
   883   -67
   884   -67
   885   -67
   886   -67
   887   -67
   888   -67
   889   -67
   890   -67
   891   -67
   892   -67
   893   -66
   894   -67
   895   -67
   896   -67
   897   -67
   898   -67
   899   -66
   900   -67
   901   -67
   902   -67
   903   -67
   904   -68
   905   -67
   906   -67
   907   -67
   908   -68
   909   -67
   910   -67
   911   -67
   912   -67
   913   -67
   914   -67
   915   -67
   916   -67
   917   -68
   918   -67
   919   -67
   920   -68
   921   -67
   922   -67
   923   -67
   924   -67
   925   -67
   926   -67
   927   -67
   928   -67
   929   -67
   930   -67
   931   -67
   932   -67
   933   -67
   934   -67
   935   -67
   936   -68
   937   -67
   938   -67
   939   -67
   940   -67
   941   -67
   942   -67
   943   -67
   944   -67
   945   -67
   946   -67
   947   -67
   948   -67
   949   -67
   950   -67
   951   -67
   952   -67
   953   -67
   954   -67
   955   -67
   956   -67
   957   -67
   958   -67
   959   -67
   960   -66
   961   -67
   962   -67
   963   -66
   964   -67
   965   -67
   966   -67
   967   -67
   968   -67
   969   -67
   970   -67
   971   -67
   972   -67
   973   -67
   974   -67
   975   -67
   976   -67
   977   -67
   978   -67
   979   -67
   980   -67
   981   -67
   982   -67
   983   -67
   984   -67
   985   -67
   986   -67
   987   -67
   988   -67
   989   -67
   990   -67
   991   -66
   992   -67
   993   -67
   994   -67
   995   -67
   996   -67
   997   -67
   998   -67
   999   -67
