   0   0
   1   -60
   2   -62
   3   -61
   4   -61
   5   -62
   6   -60
   7   -63
   8   -60
   9   -63
   10   -59
   11   -63
   12   -59
   13   -63
   14   -59
   15   -63
   16   -60
   17   -63
   18   -60
   19   -62
   20   -61
   21   -61
   22   -62
   23   -60
   24   -63
   25   -60
   26   -63
   27   -59
   28   -63
   29   -59
   30   -63
   31   -59
   32   -63
   33   -60
   34   -62
   35   -61
   36   -62
   37   -61
   38   -61
   39   -62
   40   -60
   41   -63
   42   -60
   43   -63
   44   -60
   45   -63
   46   -59
   47   -63
   48   -60
   49   -63
   50   -60
   51   -62
   52   -61
   53   -61
   54   -62
   55   -61
   56   -63
   57   -60
   58   -63
   59   -59
   60   -63
   61   -59
   62   -63
   63   -59
   64   -63
   65   -60
   66   -63
   67   -61
   68   -62
   69   -61
   70   -61
   71   -62
   72   -60
   73   -63
   74   -60
   75   -63
   76   -59
   77   -63
   78   -59
   79   -63
   80   -59
   81   -63
   82   -60
   83   -62
   84   -61
   85   -62
   86   -61
   87   -61
   88   -62
   89   -60
   90   -62
   91   -60
   92   -63
   93   -59
   94   -63
   95   -59
   96   -63
   97   -60
   98   -63
   99   -60
   100   -62
   101   -61
   102   -61
   103   -62
   104   -61
   105   -62
   106   -60
   107   -63
   108   -60
   109   -63
   110   -59
   111   -63
   112   -59
   113   -63
   114   -60
   115   -63
   116   -60
   117   -62
   118   -61
   119   -61
   120   -62
   121   -60
   122   -63
   123   -60
   124   -63
   125   -59
   126   -63
   127   -59
   128   -63
   129   -59
   130   -63
   131   -59
   132   -63
   133   -61
   134   -62
   135   -62
   136   -61
   137   -62
   138   -60
   139   -63
   140   -60
   141   -63
   142   -59
   143   -64
   144   -59
   145   -63
   146   -59
   147   -63
   148   -60
   149   -62
   150   -60
   151   -61
   152   -61
   153   -61
   154   -62
   155   -60
   156   -63
   157   -60
   158   -63
   159   -59
   160   -63
   161   -59
   162   -63
   163   -59
   164   -63
   165   -60
   166   -62
   167   -61
   168   -61
   169   -61
   170   -61
   171   -62
   172   -60
   173   -63
   174   -60
   175   -63
   176   -60
   177   -63
   178   -59
   179   -63
   180   -60
   181   -62
   182   -61
   183   -62
   184   -61
   185   -61
   186   -62
   187   -60
   188   -63
   189   -59
   190   -63
   191   -59
   192   -63
   193   -59
   194   -62
   195   -59
   196   -63
   197   -60
   198   -63
   199   -60
   200   -63
   201   -59
   202   -30
   203   33
   204   62
   205   62
   206   58
   207   50
   208   51
   209   48
   210   52
   211   50
   212   53
   213   50
   214   52
   215   51
   216   52
   217   52
   218   51
   219   52
   220   50
   221   52
   222   50
   223   54
   224   50
   225   53
   226   49
   227   54
   228   50
   229   53
   230   50
   231   53
   232   51
   233   52
   234   52
   235   51
   236   52
   237   50
   238   53
   239   50
   240   54
   241   50
   242   54
   243   49
   244   53
   245   49
   246   53
   247   51
   248   52
   249   51
   250   52
   251   52
   252   51
   253   53
   254   50
   255   53
   256   49
   257   54
   258   49
   259   54
   260   49
   261   53
   262   50
   263   53
   264   50
   265   52
   266   51
   267   51
   268   52
   269   51
   270   53
   271   50
   272   53
   273   50
   274   53
   275   50
   276   53
   277   49
   278   53
   279   50
   280   52
   281   51
   282   52
   283   51
   284   51
   285   52
   286   50
   287   53
   288   49
   289   53
   290   49
   291   53
   292   49
   293   53
   294   50
   295   53
   296   50
   297   52
   298   51
   299   51
   300   51
   301   50
   302   52
   303   50
   304   53
   305   49
   306   53
   307   49
   308   53
   309   49
   310   53
   311   50
   312   52
   313   50
   314   52
   315   51
   316   51
   317   52
   318   50
   319   53
   320   49
   321   53
   322   49
   323   53
   324   49
   325   53
   326   49
   327   53
   328   49
   329   52
   330   50
   331   51
   332   50
   333   50
   334   51
   335   50
   336   52
   337   49
   338   52
   339   49
   340   53
   341   49
   342   52
   343   49
   344   52
   345   49
   346   52
   347   50
   348   51
   349   50
   350   50
   351   51
   352   49
   353   52
   354   49
   355   52
   356   48
   357   52
   358   48
   359   52
   360   49
   361   52
   362   49
   363   51
   364   50
   365   50
   366   51
   367   49
   368   51
   369   49
   370   52
   371   48
   372   52
   373   48
   374   52
   375   48
   376   52
   377   48
   378   51
   379   49
   380   51
   381   50
   382   49
   383   50
   384   48
   385   51
   386   48
   387   51
   388   47
   389   51
   390   47
   391   51
   392   47
   393   51
   394   47
   395   50
   396   48
   397   49
   398   47
   399   47
   400   48
   401   46
   402   48
   403   45
   404   47
   405   43
   406   46
   407   42
   408   45
   409   40
   410   42
   411   39
   412   39
   413   36
   414   35
   415   33
   416   30
   417   29
   418   24
   419   24
   420   18
   421   19
   422   12
   423   12
   424   5
   425   5
   426   -3
   427   -3
   428   -9
   429   -11
   430   -16
   431   -19
   432   -22
   433   -27
   434   -28
   435   -34
   436   -33
   437   -40
   438   -39
   439   -45
   440   -43
   441   -49
   442   -47
   443   -51
   444   -50
   445   -54
   446   -53
   447   -55
   448   -55
   449   -55
   450   -57
   451   -56
   452   -59
   453   -56
   454   -59
   455   -56
   456   -60
   457   -57
   458   -60
   459   -57
   460   -60
   461   -58
   462   -60
   463   -58
   464   -59
   465   -59
   466   -59
   467   -60
   468   -58
   469   -61
   470   -57
   471   -61
   472   -57
   473   -61
   474   -57
   475   -61
   476   -58
   477   -61
   478   -59
   479   -60
   480   -59
   481   -59
   482   -60
   483   -59
   484   -61
   485   -58
   486   -61
   487   -58
   488   -61
   489   -57
   490   -61
   491   -58
   492   -61
   493   -58
   494   -60
   495   -59
   496   -60
   497   -60
   498   -59
   499   -60
   500   -58
   501   -61
   502   -58
   503   -61
   504   -58
   505   -62
   506   -57
   507   -62
   508   -58
   509   -61
   510   -58
   511   -61
   512   -59
   513   -60
   514   -60
   515   -60
   516   -61
   517   -58
   518   -61
   519   -58
   520   -61
   521   -58
   522   -62
   523   -58
   524   -62
   525   -58
   526   -61
   527   -58
   528   -61
   529   -59
   530   -60
   531   -60
   532   -59
   533   -61
   534   -59
   535   -62
   536   -58
   537   -62
   538   -58
   539   -62
   540   -58
   541   -62
   542   -59
   543   -61
   544   -59
   545   -60
   546   -60
   547   -60
   548   -61
   549   -59
   550   -62
   551   -59
   552   -62
   553   -58
   554   -62
   555   -58
   556   -62
   557   -58
   558   -62
   559   -59
   560   -61
   561   -60
   562   -60
   563   -60
   564   -60
   565   -61
   566   -59
   567   -62
   568   -58
   569   -62
   570   -58
   571   -62
   572   -58
   573   -62
   574   -58
   575   -62
   576   -59
   577   -61
   578   -60
   579   -60
   580   -60
   581   -60
   582   -61
   583   -59
   584   -62
   585   -59
   586   -62
   587   -58
   588   -62
   589   -58
   590   -62
   591   -59
   592   -62
   593   -59
   594   -61
   595   -60
   596   -60
   597   -60
   598   -59
   599   -61
   600   -59
   601   -62
   602   -58
   603   -62
   604   -58
   605   -62
   606   -59
   607   -62
   608   -59
   609   -61
   610   -60
   611   -61
   612   -60
   613   -60
   614   -61
   615   -59
   616   -62
   617   -59
   618   -62
   619   -58
   620   -62
   621   -58
   622   -62
   623   -59
   624   -62
   625   -59
   626   -61
   627   -60
   628   -61
   629   -60
   630   -60
   631   -61
   632   -59
   633   -62
   634   -59
   635   -62
   636   -58
   637   -62
   638   -59
   639   -62
   640   -59
   641   -62
   642   -59
   643   -62
   644   -60
   645   -61
   646   -61
   647   -60
   648   -61
   649   -59
   650   -62
   651   -59
   652   -62
   653   -58
   654   -62
   655   -59
   656   -62
   657   -59
   658   -62
   659   -59
   660   -61
   661   -60
   662   -60
   663   -61
   664   -60
   665   -62
   666   -59
   667   -62
   668   -59
   669   -62
   670   -59
   671   -62
   672   -59
   673   -62
   674   -60
   675   -61
   676   -60
   677   -61
   678   -61
   679   -60
   680   -61
   681   -60
   682   -62
   683   -59
   684   -62
   685   -59
   686   -62
   687   -59
   688   -63
   689   -59
   690   -62
   691   -59
   692   -61
   693   -60
   694   -61
   695   -61
   696   -60
   697   -62
   698   -60
   699   -62
   700   -59
   701   -62
   702   -59
   703   -63
   704   -59
   705   -62
   706   -59
   707   -62
   708   -60
   709   -62
   710   -60
   711   -61
   712   -61
   713   -60
   714   -62
   715   -59
   716   -62
   717   -59
   718   -62
   719   -59
   720   -63
   721   -59
   722   -62
   723   -59
   724   -62
   725   -60
   726   -61
   727   -60
   728   -61
   729   -61
   730   -60
   731   -62
   732   -59
   733   -62
   734   -59
   735   -63
   736   -59
   737   -63
   738   -59
   739   -62
   740   -59
   741   -62
   742   -60
   743   -61
   744   -61
   745   -60
   746   -62
   747   -60
   748   -62
   749   -59
   750   -62
   751   -59
   752   -63
   753   -59
   754   -63
   755   -59
   756   -62
   757   -60
   758   -62
   759   -60
   760   -61
   761   -61
   762   -60
   763   -62
   764   -60
   765   -62
   766   -59
   767   -63
   768   -59
   769   -63
   770   -59
   771   -62
   772   -59
   773   -62
   774   -60
   775   -61
   776   -60
   777   -61
   778   -61
   779   -60
   780   -62
   781   -60
   782   -62
   783   -59
   784   -62
   785   -59
   786   -63
   787   -60
   788   -62
   789   -59
   790   -61
   791   -60
   792   -61
   793   -61
   794   -61
   795   -61
   796   -60
   797   -62
   798   -60
   799   -62
   800   -59
   801   -62
   802   -59
   803   -62
   804   -59
   805   -62
   806   -60
   807   -62
   808   -60
   809   -61
   810   -61
   811   -60
   812   -62
   813   -60
   814   -62
   815   -59
   816   -62
   817   -59
   818   -63
   819   -59
   820   -62
   821   -59
   822   -62
   823   -60
   824   -62
   825   -60
   826   -61
   827   -61
   828   -60
   829   -62
   830   -60
   831   -62
   832   -59
   833   -63
   834   -59
   835   -63
   836   -59
   837   -62
   838   -60
   839   -62
   840   -60
   841   -61
   842   -61
   843   -61
   844   -61
   845   -60
   846   -62
   847   -60
   848   -62
   849   -59
   850   -62
   851   -59
   852   -62
   853   -59
   854   -62
   855   -60
   856   -62
   857   -60
   858   -61
   859   -61
   860   -60
   861   -61
   862   -60
   863   -62
   864   -59
   865   -62
   866   -59
   867   -63
   868   -59
   869   -62
   870   -59
   871   -62
   872   -60
   873   -62
   874   -60
   875   -61
   876   -61
   877   -60
   878   -62
   879   -60
   880   -62
   881   -59
   882   -62
   883   -59
   884   -63
   885   -59
   886   -63
   887   -59
   888   -62
   889   -60
   890   -62
   891   -60
   892   -61
   893   -61
   894   -60
   895   -62
   896   -60
   897   -62
   898   -59
   899   -62
   900   -59
   901   -63
   902   -59
   903   -62
   904   -59
   905   -62
   906   -60
   907   -62
   908   -61
   909   -61
   910   -61
   911   -61
   912   -62
   913   -60
   914   -62
   915   -60
   916   -63
   917   -59
   918   -62
   919   -60
   920   -62
   921   -60
   922   -62
   923   -60
   924   -61
   925   -61
   926   -60
   927   -62
   928   -60
   929   -62
   930   -59
   931   -62
   932   -59
   933   -62
   934   -59
   935   -63
   936   -60
   937   -62
   938   -60
   939   -61
   940   -60
   941   -61
   942   -61
   943   -61
   944   -62
   945   -60
   946   -62
   947   -59
   948   -62
   949   -59
   950   -63
   951   -59
   952   -63
   953   -59
   954   -62
   955   -60
   956   -62
   957   -61
   958   -61
   959   -61
   960   -60
   961   -62
   962   -60
   963   -62
   964   -59
   965   -63
   966   -59
   967   -63
   968   -59
   969   -62
   970   -60
   971   -62
   972   -60
   973   -61
   974   -61
   975   -61
   976   -61
   977   -60
   978   -62
   979   -60
   980   -62
   981   -59
   982   -63
   983   -59
   984   -62
   985   -59
   986   -62
   987   -60
   988   -62
   989   -60
   990   -61
   991   -61
   992   -61
   993   -62
   994   -60
   995   -62
   996   -60
   997   -62
   998   -59
   999   -63
