   0   0
   1   -61
   2   -61
   3   -61
   4   -61
   5   -61
   6   -61
   7   -61
   8   -61
   9   -61
   10   -61
   11   -61
   12   -61
   13   -61
   14   -61
   15   -62
   16   -60
   17   -61
   18   -61
   19   -61
   20   -61
   21   -61
   22   -61
   23   -61
   24   -61
   25   -61
   26   -61
   27   -61
   28   -61
   29   -61
   30   -61
   31   -61
   32   -61
   33   -61
   34   -62
   35   -61
   36   -61
   37   -61
   38   -61
   39   -61
   40   -61
   41   -61
   42   -61
   43   -61
   44   -61
   45   -61
   46   -61
   47   -62
   48   -61
   49   -61
   50   -61
   51   -61
   52   -61
   53   -61
   54   -61
   55   -61
   56   -61
   57   -61
   58   -61
   59   -61
   60   -62
   61   -61
   62   -61
   63   -61
   64   -62
   65   -61
   66   -61
   67   -61
   68   -62
   69   -61
   70   -62
   71   -61
   72   -61
   73   -61
   74   -61
   75   -61
   76   -61
   77   -61
   78   -61
   79   -61
   80   -61
   81   -62
   82   -61
   83   -62
   84   -61
   85   -62
   86   -61
   87   -62
   88   -61
   89   -61
   90   -61
   91   -61
   92   -61
   93   -61
   94   -61
   95   -61
   96   -61
   97   -61
   98   -61
   99   -61
   100   -61
   101   -61
   102   -61
   103   -61
   104   -61
   105   -61
   106   -61
   107   -61
   108   -61
   109   -61
   110   -61
   111   -61
   112   -61
   113   -62
   114   -61
   115   -62
   116   -61
   117   -62
   118   -61
   119   -61
   120   -61
   121   -61
   122   -61
   123   -61
   124   -61
   125   -61
   126   -61
   127   -61
   128   -61
   129   -61
   130   -61
   131   -61
   132   -62
   133   -61
   134   -62
   135   -61
   136   -61
   137   -61
   138   -61
   139   -61
   140   -61
   141   -61
   142   -61
   143   -61
   144   -61
   145   -61
   146   -61
   147   -62
   148   -61
   149   -62
   150   -61
   151   -62
   152   -61
   153   -61
   154   -61
   155   -61
   156   -61
   157   -61
   158   -61
   159   -61
   160   -61
   161   -61
   162   -61
   163   -61
   164   -62
   165   -61
   166   -62
   167   -61
   168   -61
   169   -61
   170   -62
   171   -61
   172   -61
   173   -61
   174   -61
   175   -61
   176   -61
   177   -61
   178   -60
   179   -61
   180   -61
   181   -61
   182   -61
   183   -62
   184   -61
   185   -61
   186   -61
   187   -61
   188   -61
   189   -61
   190   -61
   191   -61
   192   -61
   193   -61
   194   -61
   195   -61
   196   -62
   197   -61
   198   -62
   199   -60
   200   -63
   201   -58
   202   -27
   203   17
   204   24
   205   21
   206   17
   207   16
   208   16
   209   18
   210   19
   211   21
   212   21
   213   21
   214   21
   215   22
   216   23
   217   22
   218   23
   219   23
   220   23
   221   23
   222   24
   223   24
   224   24
   225   24
   226   24
   227   24
   228   24
   229   25
   230   24
   231   25
   232   24
   233   25
   234   25
   235   25
   236   25
   237   25
   238   25
   239   25
   240   26
   241   25
   242   25
   243   24
   244   25
   245   24
   246   26
   247   24
   248   25
   249   24
   250   25
   251   25
   252   25
   253   25
   254   25
   255   25
   256   25
   257   25
   258   24
   259   25
   260   24
   261   25
   262   24
   263   25
   264   24
   265   25
   266   24
   267   24
   268   24
   269   24
   270   24
   271   24
   272   24
   273   24
   274   24
   275   24
   276   25
   277   24
   278   24
   279   23
   280   24
   281   23
   282   24
   283   23
   284   24
   285   23
   286   23
   287   23
   288   23
   289   23
   290   23
   291   23
   292   23
   293   23
   294   23
   295   23
   296   23
   297   23
   298   22
   299   23
   300   23
   301   22
   302   22
   303   23
   304   23
   305   23
   306   23
   307   22
   308   23
   309   22
   310   23
   311   22
   312   23
   313   22
   314   22
   315   22
   316   22
   317   22
   318   22
   319   22
   320   22
   321   22
   322   21
   323   22
   324   21
   325   22
   326   21
   327   22
   328   21
   329   22
   330   21
   331   21
   332   21
   333   21
   334   20
   335   21
   336   21
   337   21
   338   21
   339   20
   340   21
   341   20
   342   21
   343   20
   344   21
   345   20
   346   21
   347   20
   348   20
   349   19
   350   20
   351   20
   352   20
   353   20
   354   19
   355   20
   356   19
   357   20
   358   19
   359   19
   360   19
   361   20
   362   19
   363   20
   364   19
   365   20
   366   19
   367   19
   368   19
   369   19
   370   19
   371   19
   372   19
   373   18
   374   19
   375   18
   376   19
   377   18
   378   19
   379   18
   380   19
   381   18
   382   18
   383   18
   384   18
   385   18
   386   18
   387   18
   388   18
   389   18
   390   17
   391   18
   392   17
   393   18
   394   17
   395   18
   396   17
   397   18
   398   17
   399   18
   400   17
   401   17
   402   17
   403   17
   404   17
   405   16
   406   17
   407   16
   408   17
   409   16
   410   16
   411   15
   412   15
   413   14
   414   15
   415   13
   416   13
   417   12
   418   11
   419   10
   420   9
   421   8
   422   7
   423   6
   424   4
   425   3
   426   0
   427   -1
   428   -3
   429   -4
   430   -6
   431   -8
   432   -10
   433   -12
   434   -14
   435   -16
   436   -18
   437   -20
   438   -22
   439   -24
   440   -25
   441   -28
   442   -29
   443   -32
   444   -33
   445   -36
   446   -37
   447   -39
   448   -40
   449   -42
   450   -44
   451   -45
   452   -47
   453   -48
   454   -49
   455   -49
   456   -52
   457   -52
   458   -54
   459   -53
   460   -55
   461   -55
   462   -56
   463   -56
   464   -58
   465   -57
   466   -58
   467   -58
   468   -59
   469   -59
   470   -59
   471   -59
   472   -59
   473   -60
   474   -59
   475   -60
   476   -59
   477   -61
   478   -60
   479   -61
   480   -60
   481   -61
   482   -60
   483   -60
   484   -60
   485   -60
   486   -60
   487   -60
   488   -61
   489   -60
   490   -61
   491   -60
   492   -61
   493   -60
   494   -61
   495   -60
   496   -61
   497   -60
   498   -61
   499   -60
   500   -60
   501   -60
   502   -60
   503   -60
   504   -60
   505   -61
   506   -60
   507   -61
   508   -60
   509   -61
   510   -60
   511   -61
   512   -60
   513   -61
   514   -60
   515   -61
   516   -60
   517   -61
   518   -60
   519   -60
   520   -61
   521   -60
   522   -61
   523   -60
   524   -61
   525   -60
   526   -61
   527   -60
   528   -61
   529   -60
   530   -61
   531   -60
   532   -61
   533   -60
   534   -61
   535   -60
   536   -60
   537   -61
   538   -60
   539   -61
   540   -60
   541   -61
   542   -60
   543   -61
   544   -60
   545   -61
   546   -60
   547   -61
   548   -60
   549   -61
   550   -61
   551   -60
   552   -61
   553   -61
   554   -61
   555   -60
   556   -61
   557   -60
   558   -61
   559   -60
   560   -61
   561   -60
   562   -61
   563   -61
   564   -61
   565   -61
   566   -61
   567   -61
   568   -61
   569   -61
   570   -60
   571   -61
   572   -60
   573   -61
   574   -60
   575   -61
   576   -60
   577   -61
   578   -60
   579   -61
   580   -61
   581   -61
   582   -61
   583   -61
   584   -61
   585   -61
   586   -61
   587   -60
   588   -61
   589   -60
   590   -61
   591   -60
   592   -61
   593   -60
   594   -61
   595   -60
   596   -61
   597   -60
   598   -61
   599   -61
   600   -61
   601   -61
   602   -61
   603   -61
   604   -61
   605   -61
   606   -60
   607   -61
   608   -60
   609   -61
   610   -60
   611   -61
   612   -60
   613   -61
   614   -60
   615   -61
   616   -61
   617   -61
   618   -61
   619   -61
   620   -61
   621   -61
   622   -61
   623   -60
   624   -61
   625   -61
   626   -61
   627   -60
   628   -61
   629   -61
   630   -61
   631   -61
   632   -61
   633   -61
   634   -61
   635   -61
   636   -60
   637   -61
   638   -60
   639   -61
   640   -60
   641   -61
   642   -60
   643   -61
   644   -60
   645   -61
   646   -60
   647   -61
   648   -61
   649   -61
   650   -61
   651   -61
   652   -61
   653   -61
   654   -61
   655   -61
   656   -61
   657   -60
   658   -61
   659   -60
   660   -61
   661   -60
   662   -61
   663   -61
   664   -61
   665   -60
   666   -61
   667   -61
   668   -61
   669   -61
   670   -60
   671   -61
   672   -60
   673   -61
   674   -61
   675   -61
   676   -60
   677   -61
   678   -61
   679   -61
   680   -60
   681   -61
   682   -61
   683   -60
   684   -61
   685   -61
   686   -61
   687   -60
   688   -61
   689   -61
   690   -61
   691   -60
   692   -61
   693   -61
   694   -61
   695   -61
   696   -61
   697   -61
   698   -61
   699   -61
   700   -61
   701   -61
   702   -61
   703   -61
   704   -60
   705   -61
   706   -60
   707   -62
   708   -60
   709   -61
   710   -60
   711   -61
   712   -60
   713   -61
   714   -60
   715   -61
   716   -61
   717   -61
   718   -61
   719   -61
   720   -61
   721   -60
   722   -61
   723   -60
   724   -61
   725   -60
   726   -61
   727   -60
   728   -61
   729   -61
   730   -61
   731   -60
   732   -61
   733   -61
   734   -61
   735   -61
   736   -60
   737   -61
   738   -61
   739   -61
   740   -60
   741   -61
   742   -60
   743   -61
   744   -60
   745   -61
   746   -61
   747   -61
   748   -61
   749   -61
   750   -61
   751   -61
   752   -61
   753   -60
   754   -61
   755   -61
   756   -61
   757   -60
   758   -61
   759   -60
   760   -61
   761   -60
   762   -61
   763   -61
   764   -61
   765   -61
   766   -61
   767   -61
   768   -61
   769   -61
   770   -61
   771   -61
   772   -60
   773   -61
   774   -60
   775   -61
   776   -60
   777   -61
   778   -60
   779   -61
   780   -61
   781   -61
   782   -61
   783   -61
   784   -61
   785   -61
   786   -61
   787   -60
   788   -61
   789   -60
   790   -61
   791   -60
   792   -61
   793   -60
   794   -61
   795   -61
   796   -61
   797   -61
   798   -61
   799   -61
   800   -61
   801   -61
   802   -61
   803   -61
   804   -60
   805   -61
   806   -61
   807   -61
   808   -61
   809   -61
   810   -61
   811   -61
   812   -61
   813   -61
   814   -61
   815   -61
   816   -61
   817   -61
   818   -61
   819   -61
   820   -61
   821   -60
   822   -62
   823   -60
   824   -62
   825   -60
   826   -61
   827   -60
   828   -61
   829   -61
   830   -61
   831   -61
   832   -61
   833   -61
   834   -60
   835   -61
   836   -60
   837   -61
   838   -60
   839   -62
   840   -60
   841   -62
   842   -61
   843   -61
   844   -60
   845   -61
   846   -61
   847   -61
   848   -61
   849   -61
   850   -61
   851   -60
   852   -62
   853   -61
   854   -61
   855   -60
   856   -61
   857   -60
   858   -61
   859   -61
   860   -61
   861   -61
   862   -61
   863   -61
   864   -61
   865   -61
   866   -61
   867   -61
   868   -60
   869   -61
   870   -61
   871   -61
   872   -60
   873   -61
   874   -61
   875   -61
   876   -60
   877   -61
   878   -61
   879   -61
   880   -61
   881   -61
   882   -61
   883   -61
   884   -61
   885   -60
   886   -61
   887   -60
   888   -61
   889   -60
   890   -61
   891   -60
   892   -61
   893   -61
   894   -61
   895   -61
   896   -61
   897   -61
   898   -60
   899   -61
   900   -61
   901   -61
   902   -60
   903   -61
   904   -60
   905   -61
   906   -60
   907   -62
   908   -60
   909   -62
   910   -60
   911   -61
   912   -61
   913   -61
   914   -61
   915   -61
   916   -61
   917   -60
   918   -61
   919   -60
   920   -61
   921   -60
   922   -61
   923   -60
   924   -61
   925   -61
   926   -61
   927   -61
   928   -61
   929   -61
   930   -61
   931   -61
   932   -61
   933   -61
   934   -60
   935   -61
   936   -60
   937   -61
   938   -60
   939   -61
   940   -61
   941   -61
   942   -60
   943   -61
   944   -61
   945   -61
   946   -61
   947   -61
   948   -61
   949   -60
   950   -61
   951   -60
   952   -61
   953   -60
   954   -62
   955   -60
   956   -61
   957   -60
   958   -61
   959   -61
   960   -61
   961   -61
   962   -61
   963   -61
   964   -61
   965   -61
   966   -61
   967   -62
   968   -60
   969   -61
   970   -60
   971   -62
   972   -60
   973   -62
   974   -61
   975   -61
   976   -60
   977   -61
   978   -61
   979   -61
   980   -61
   981   -61
   982   -61
   983   -61
   984   -61
   985   -60
   986   -61
   987   -60
   988   -61
   989   -60
   990   -61
   991   -61
   992   -61
   993   -61
   994   -61
   995   -61
   996   -61
   997   -61
   998   -61
   999   -61
