   0   0
   1   -61
   2   -62
   3   -61
   4   -62
   5   -61
   6   -61
   7   -61
   8   -61
   9   -61
   10   -61
   11   -61
   12   -61
   13   -61
   14   -61
   15   -61
   16   -61
   17   -62
   18   -61
   19   -62
   20   -61
   21   -62
   22   -61
   23   -61
   24   -61
   25   -61
   26   -61
   27   -61
   28   -62
   29   -61
   30   -62
   31   -61
   32   -62
   33   -61
   34   -62
   35   -61
   36   -62
   37   -61
   38   -62
   39   -61
   40   -61
   41   -61
   42   -61
   43   -61
   44   -61
   45   -62
   46   -61
   47   -61
   48   -61
   49   -62
   50   -61
   51   -62
   52   -61
   53   -61
   54   -61
   55   -61
   56   -61
   57   -61
   58   -61
   59   -61
   60   -61
   61   -61
   62   -61
   63   -61
   64   -61
   65   -60
   66   -62
   67   -61
   68   -62
   69   -61
   70   -61
   71   -61
   72   -62
   73   -61
   74   -62
   75   -61
   76   -61
   77   -62
   78   -61
   79   -61
   80   -61
   81   -62
   82   -61
   83   -62
   84   -61
   85   -62
   86   -61
   87   -61
   88   -61
   89   -61
   90   -61
   91   -62
   92   -61
   93   -61
   94   -61
   95   -61
   96   -62
   97   -61
   98   -62
   99   -61
   100   -62
   101   -61
   102   -62
   103   -61
   104   -61
   105   -61
   106   -61
   107   -61
   108   -61
   109   -62
   110   -61
   111   -61
   112   -61
   113   -62
   114   -61
   115   -62
   116   -61
   117   -62
   118   -61
   119   -62
   120   -61
   121   -61
   122   -61
   123   -61
   124   -61
   125   -61
   126   -61
   127   -61
   128   -61
   129   -60
   130   -62
   131   -61
   132   -62
   133   -61
   134   -62
   135   -61
   136   -62
   137   -61
   138   -62
   139   -61
   140   -61
   141   -61
   142   -61
   143   -61
   144   -61
   145   -61
   146   -61
   147   -62
   148   -61
   149   -62
   150   -61
   151   -62
   152   -61
   153   -62
   154   -61
   155   -61
   156   -61
   157   -62
   158   -61
   159   -61
   160   -61
   161   -61
   162   -62
   163   -61
   164   -62
   165   -61
   166   -62
   167   -61
   168   -62
   169   -61
   170   -62
   171   -61
   172   -61
   173   -61
   174   -61
   175   -61
   176   -61
   177   -61
   178   -61
   179   -62
   180   -61
   181   -62
   182   -61
   183   -62
   184   -61
   185   -62
   186   -61
   187   -61
   188   -61
   189   -61
   190   -62
   191   -61
   192   -62
   193   -61
   194   -61
   195   -61
   196   -62
   197   -61
   198   -62
   199   -60
   200   -63
   201   -60
   202   -40
   203   7
   204   32
   205   39
   206   36
   207   33
   208   32
   209   32
   210   33
   211   33
   212   33
   213   33
   214   34
   215   33
   216   34
   217   33
   218   34
   219   33
   220   34
   221   33
   222   34
   223   34
   224   33
   225   33
   226   33
   227   34
   228   33
   229   34
   230   33
   231   34
   232   32
   233   33
   234   33
   235   33
   236   33
   237   33
   238   33
   239   33
   240   34
   241   33
   242   33
   243   32
   244   33
   245   32
   246   34
   247   32
   248   33
   249   32
   250   33
   251   32
   252   33
   253   32
   254   32
   255   32
   256   32
   257   33
   258   32
   259   33
   260   31
   261   32
   262   31
   263   33
   264   31
   265   32
   266   31
   267   32
   268   31
   269   32
   270   31
   271   32
   272   31
   273   31
   274   31
   275   31
   276   31
   277   30
   278   31
   279   30
   280   32
   281   30
   282   31
   283   30
   284   31
   285   30
   286   31
   287   30
   288   30
   289   30
   290   30
   291   31
   292   30
   293   31
   294   29
   295   30
   296   29
   297   30
   298   29
   299   30
   300   29
   301   30
   302   29
   303   30
   304   30
   305   29
   306   30
   307   29
   308   30
   309   29
   310   30
   311   28
   312   30
   313   28
   314   30
   315   28
   316   30
   317   28
   318   29
   319   28
   320   29
   321   29
   322   28
   323   29
   324   28
   325   29
   326   27
   327   29
   328   27
   329   29
   330   27
   331   29
   332   27
   333   28
   334   27
   335   28
   336   27
   337   28
   338   27
   339   27
   340   28
   341   27
   342   28
   343   26
   344   27
   345   26
   346   27
   347   26
   348   27
   349   26
   350   27
   351   26
   352   27
   353   26
   354   26
   355   26
   356   26
   357   27
   358   25
   359   27
   360   25
   361   27
   362   25
   363   26
   364   25
   365   26
   366   25
   367   26
   368   25
   369   25
   370   26
   371   25
   372   25
   373   24
   374   26
   375   24
   376   26
   377   24
   378   26
   379   23
   380   25
   381   23
   382   24
   383   22
   384   23
   385   21
   386   20
   387   18
   388   16
   389   14
   390   11
   391   8
   392   3
   393   0
   394   -6
   395   -9
   396   -16
   397   -19
   398   -26
   399   -29
   400   -35
   401   -38
   402   -42
   403   -45
   404   -48
   405   -51
   406   -53
   407   -55
   408   -55
   409   -57
   410   -57
   411   -59
   412   -58
   413   -60
   414   -59
   415   -60
   416   -60
   417   -60
   418   -60
   419   -60
   420   -60
   421   -60
   422   -60
   423   -60
   424   -61
   425   -59
   426   -61
   427   -59
   428   -61
   429   -60
   430   -61
   431   -60
   432   -61
   433   -60
   434   -60
   435   -60
   436   -60
   437   -61
   438   -60
   439   -61
   440   -59
   441   -61
   442   -59
   443   -61
   444   -59
   445   -61
   446   -59
   447   -61
   448   -60
   449   -61
   450   -60
   451   -61
   452   -60
   453   -61
   454   -61
   455   -60
   456   -61
   457   -60
   458   -61
   459   -60
   460   -61
   461   -60
   462   -61
   463   -60
   464   -61
   465   -60
   466   -61
   467   -60
   468   -61
   469   -60
   470   -60
   471   -61
   472   -60
   473   -61
   474   -60
   475   -61
   476   -60
   477   -62
   478   -60
   479   -61
   480   -60
   481   -61
   482   -60
   483   -61
   484   -61
   485   -61
   486   -61
   487   -60
   488   -62
   489   -60
   490   -62
   491   -59
   492   -62
   493   -59
   494   -62
   495   -60
   496   -62
   497   -60
   498   -61
   499   -60
   500   -61
   501   -61
   502   -61
   503   -61
   504   -60
   505   -62
   506   -60
   507   -62
   508   -60
   509   -62
   510   -60
   511   -62
   512   -60
   513   -62
   514   -60
   515   -62
   516   -61
   517   -62
   518   -61
   519   -61
   520   -61
   521   -61
   522   -61
   523   -60
   524   -62
   525   -60
   526   -62
   527   -60
   528   -62
   529   -60
   530   -61
   531   -60
   532   -61
   533   -61
   534   -61
   535   -61
   536   -60
   537   -62
   538   -60
   539   -62
   540   -60
   541   -62
   542   -60
   543   -62
   544   -60
   545   -62
   546   -60
   547   -61
   548   -61
   549   -61
   550   -61
   551   -60
   552   -62
   553   -60
   554   -62
   555   -60
   556   -62
   557   -60
   558   -62
   559   -60
   560   -62
   561   -60
   562   -62
   563   -60
   564   -62
   565   -61
   566   -61
   567   -61
   568   -61
   569   -62
   570   -60
   571   -62
   572   -60
   573   -62
   574   -60
   575   -62
   576   -60
   577   -62
   578   -60
   579   -62
   580   -60
   581   -62
   582   -60
   583   -61
   584   -61
   585   -61
   586   -61
   587   -60
   588   -61
   589   -60
   590   -61
   591   -60
   592   -62
   593   -60
   594   -62
   595   -60
   596   -61
   597   -61
   598   -61
   599   -61
   600   -61
   601   -61
   602   -60
   603   -62
   604   -60
   605   -62
   606   -60
   607   -62
   608   -60
   609   -62
   610   -60
   611   -62
   612   -60
   613   -61
   614   -61
   615   -61
   616   -61
   617   -61
   618   -61
   619   -60
   620   -62
   621   -60
   622   -62
   623   -59
   624   -62
   625   -60
   626   -62
   627   -60
   628   -62
   629   -60
   630   -62
   631   -60
   632   -61
   633   -61
   634   -61
   635   -61
   636   -61
   637   -62
   638   -60
   639   -62
   640   -60
   641   -62
   642   -60
   643   -62
   644   -60
   645   -62
   646   -60
   647   -62
   648   -61
   649   -62
   650   -61
   651   -61
   652   -61
   653   -61
   654   -61
   655   -60
   656   -62
   657   -60
   658   -62
   659   -60
   660   -62
   661   -61
   662   -61
   663   -61
   664   -61
   665   -61
   666   -61
   667   -62
   668   -60
   669   -62
   670   -60
   671   -62
   672   -60
   673   -62
   674   -60
   675   -62
   676   -60
   677   -62
   678   -60
   679   -61
   680   -60
   681   -61
   682   -61
   683   -61
   684   -62
   685   -60
   686   -62
   687   -60
   688   -62
   689   -60
   690   -62
   691   -60
   692   -62
   693   -60
   694   -62
   695   -60
   696   -62
   697   -60
   698   -61
   699   -61
   700   -61
   701   -62
   702   -61
   703   -62
   704   -60
   705   -62
   706   -60
   707   -62
   708   -60
   709   -62
   710   -60
   711   -62
   712   -61
   713   -61
   714   -61
   715   -61
   716   -61
   717   -61
   718   -62
   719   -61
   720   -62
   721   -60
   722   -62
   723   -60
   724   -62
   725   -60
   726   -62
   727   -61
   728   -61
   729   -61
   730   -61
   731   -62
   732   -61
   733   -62
   734   -60
   735   -62
   736   -60
   737   -62
   738   -60
   739   -62
   740   -60
   741   -62
   742   -60
   743   -62
   744   -60
   745   -61
   746   -61
   747   -61
   748   -61
   749   -60
   750   -62
   751   -60
   752   -62
   753   -60
   754   -62
   755   -60
   756   -62
   757   -59
   758   -62
   759   -60
   760   -62
   761   -60
   762   -62
   763   -61
   764   -61
   765   -61
   766   -61
   767   -61
   768   -60
   769   -62
   770   -60
   771   -62
   772   -60
   773   -62
   774   -60
   775   -62
   776   -60
   777   -62
   778   -61
   779   -61
   780   -61
   781   -61
   782   -62
   783   -60
   784   -62
   785   -60
   786   -62
   787   -60
   788   -62
   789   -60
   790   -62
   791   -60
   792   -62
   793   -61
   794   -61
   795   -61
   796   -61
   797   -61
   798   -60
   799   -62
   800   -60
   801   -62
   802   -60
   803   -63
   804   -60
   805   -63
   806   -60
   807   -62
   808   -60
   809   -62
   810   -60
   811   -62
   812   -61
   813   -61
   814   -61
   815   -61
   816   -62
   817   -60
   818   -62
   819   -60
   820   -62
   821   -60
   822   -62
   823   -60
   824   -62
   825   -60
   826   -62
   827   -60
   828   -62
   829   -61
   830   -61
   831   -61
   832   -60
   833   -62
   834   -60
   835   -62
   836   -60
   837   -62
   838   -60
   839   -62
   840   -60
   841   -62
   842   -60
   843   -62
   844   -61
   845   -61
   846   -61
   847   -60
   848   -62
   849   -61
   850   -62
   851   -60
   852   -62
   853   -60
   854   -62
   855   -60
   856   -62
   857   -60
   858   -62
   859   -60
   860   -61
   861   -61
   862   -61
   863   -61
   864   -60
   865   -62
   866   -60
   867   -62
   868   -60
   869   -62
   870   -60
   871   -62
   872   -60
   873   -62
   874   -60
   875   -62
   876   -60
   877   -61
   878   -61
   879   -61
   880   -61
   881   -61
   882   -61
   883   -60
   884   -62
   885   -60
   886   -62
   887   -60
   888   -62
   889   -60
   890   -62
   891   -60
   892   -61
   893   -60
   894   -62
   895   -61
   896   -61
   897   -61
   898   -61
   899   -62
   900   -60
   901   -62
   902   -60
   903   -62
   904   -60
   905   -62
   906   -60
   907   -62
   908   -60
   909   -61
   910   -61
   911   -61
   912   -62
   913   -60
   914   -62
   915   -60
   916   -62
   917   -60
   918   -63
   919   -60
   920   -62
   921   -60
   922   -62
   923   -60
   924   -62
   925   -61
   926   -62
   927   -61
   928   -61
   929   -61
   930   -60
   931   -62
   932   -60
   933   -62
   934   -60
   935   -63
   936   -60
   937   -62
   938   -60
   939   -62
   940   -60
   941   -62
   942   -60
   943   -61
   944   -61
   945   -61
   946   -61
   947   -61
   948   -62
   949   -60
   950   -62
   951   -60
   952   -62
   953   -60
   954   -62
   955   -60
   956   -62
   957   -61
   958   -61
   959   -61
   960   -61
   961   -61
   962   -61
   963   -62
   964   -61
   965   -62
   966   -60
   967   -62
   968   -60
   969   -62
   970   -60
   971   -62
   972   -60
   973   -62
   974   -61
   975   -61
   976   -61
   977   -61
   978   -62
   979   -60
   980   -62
   981   -60
   982   -62
   983   -60
   984   -62
   985   -60
   986   -62
   987   -60
   988   -62
   989   -60
   990   -62
   991   -61
   992   -61
   993   -61
   994   -61
   995   -62
   996   -60
   997   -62
   998   -60
   999   -62
