   0   0
   1   -61
   2   -61
   3   -62
   4   -61
   5   -62
   6   -60
   7   -62
   8   -60
   9   -62
   10   -60
   11   -62
   12   -60
   13   -61
   14   -61
   15   -61
   16   -61
   17   -61
   18   -61
   19   -61
   20   -62
   21   -60
   22   -62
   23   -60
   24   -62
   25   -60
   26   -62
   27   -60
   28   -62
   29   -60
   30   -61
   31   -61
   32   -61
   33   -61
   34   -61
   35   -62
   36   -60
   37   -61
   38   -60
   39   -62
   40   -60
   41   -62
   42   -60
   43   -62
   44   -60
   45   -61
   46   -61
   47   -61
   48   -61
   49   -61
   50   -61
   51   -61
   52   -62
   53   -60
   54   -62
   55   -60
   56   -62
   57   -60
   58   -62
   59   -60
   60   -62
   61   -60
   62   -62
   63   -60
   64   -61
   65   -61
   66   -61
   67   -61
   68   -61
   69   -61
   70   -60
   71   -62
   72   -60
   73   -62
   74   -60
   75   -62
   76   -60
   77   -62
   78   -60
   79   -62
   80   -61
   81   -61
   82   -61
   83   -61
   84   -61
   85   -60
   86   -62
   87   -60
   88   -62
   89   -60
   90   -62
   91   -60
   92   -62
   93   -60
   94   -61
   95   -60
   96   -61
   97   -61
   98   -61
   99   -61
   100   -61
   101   -61
   102   -60
   103   -62
   104   -60
   105   -62
   106   -60
   107   -62
   108   -60
   109   -62
   110   -60
   111   -61
   112   -61
   113   -61
   114   -61
   115   -61
   116   -61
   117   -61
   118   -62
   119   -60
   120   -62
   121   -60
   122   -62
   123   -60
   124   -62
   125   -60
   126   -62
   127   -60
   128   -61
   129   -60
   130   -61
   131   -61
   132   -61
   133   -61
   134   -61
   135   -62
   136   -61
   137   -62
   138   -60
   139   -61
   140   -60
   141   -62
   142   -60
   143   -62
   144   -61
   145   -61
   146   -61
   147   -61
   148   -61
   149   -61
   150   -61
   151   -60
   152   -62
   153   -60
   154   -62
   155   -60
   156   -62
   157   -60
   158   -61
   159   -61
   160   -62
   161   -60
   162   -61
   163   -61
   164   -61
   165   -61
   166   -61
   167   -62
   168   -60
   169   -62
   170   -60
   171   -62
   172   -60
   173   -62
   174   -60
   175   -62
   176   -60
   177   -61
   178   -60
   179   -61
   180   -61
   181   -61
   182   -61
   183   -61
   184   -61
   185   -60
   186   -62
   187   -60
   188   -61
   189   -60
   190   -62
   191   -60
   192   -62
   193   -61
   194   -61
   195   -61
   196   -61
   197   -61
   198   -61
   199   -61
   200   -61
   201   -59
   202   -21
   203   37
   204   56
   205   55
   206   50
   207   46
   208   47
   209   48
   210   49
   211   51
   212   50
   213   51
   214   49
   215   52
   216   51
   217   53
   218   51
   219   53
   220   51
   221   53
   222   51
   223   54
   224   52
   225   53
   226   52
   227   53
   228   53
   229   53
   230   53
   231   52
   232   53
   233   52
   234   54
   235   51
   236   54
   237   51
   238   54
   239   52
   240   54
   241   52
   242   53
   243   52
   244   53
   245   53
   246   53
   247   53
   248   52
   249   53
   250   52
   251   54
   252   52
   253   54
   254   52
   255   54
   256   52
   257   54
   258   52
   259   53
   260   52
   261   53
   262   53
   263   53
   264   53
   265   52
   266   53
   267   51
   268   54
   269   52
   270   54
   271   52
   272   53
   273   51
   274   53
   275   52
   276   53
   277   52
   278   52
   279   52
   280   52
   281   53
   282   52
   283   53
   284   51
   285   53
   286   51
   287   53
   288   51
   289   53
   290   51
   291   52
   292   51
   293   52
   294   52
   295   52
   296   52
   297   51
   298   52
   299   51
   300   52
   301   50
   302   53
   303   51
   304   53
   305   51
   306   52
   307   51
   308   52
   309   51
   310   52
   311   52
   312   51
   313   52
   314   51
   315   52
   316   50
   317   52
   318   50
   319   52
   320   50
   321   52
   322   50
   323   52
   324   50
   325   51
   326   50
   327   51
   328   51
   329   50
   330   51
   331   50
   332   51
   333   49
   334   51
   335   50
   336   51
   337   49
   338   51
   339   50
   340   51
   341   50
   342   50
   343   50
   344   50
   345   51
   346   49
   347   50
   348   49
   349   51
   350   49
   351   51
   352   49
   353   51
   354   49
   355   50
   356   49
   357   50
   358   49
   359   49
   360   49
   361   49
   362   50
   363   49
   364   50
   365   48
   366   50
   367   48
   368   50
   369   48
   370   50
   371   47
   372   49
   373   48
   374   48
   375   47
   376   47
   377   47
   378   46
   379   46
   380   44
   381   44
   382   41
   383   41
   384   37
   385   37
   386   33
   387   32
   388   27
   389   25
   390   20
   391   17
   392   12
   393   8
   394   4
   395   -1
   396   -5
   397   -11
   398   -13
   399   -19
   400   -22
   401   -28
   402   -30
   403   -35
   404   -36
   405   -41
   406   -42
   407   -46
   408   -47
   409   -49
   410   -52
   411   -52
   412   -54
   413   -54
   414   -56
   415   -55
   416   -58
   417   -57
   418   -59
   419   -57
   420   -60
   421   -58
   422   -59
   423   -59
   424   -60
   425   -60
   426   -59
   427   -60
   428   -59
   429   -60
   430   -59
   431   -61
   432   -59
   433   -61
   434   -58
   435   -61
   436   -59
   437   -61
   438   -59
   439   -60
   440   -59
   441   -60
   442   -60
   443   -60
   444   -60
   445   -59
   446   -61
   447   -59
   448   -61
   449   -59
   450   -61
   451   -59
   452   -61
   453   -59
   454   -61
   455   -59
   456   -60
   457   -60
   458   -60
   459   -60
   460   -60
   461   -61
   462   -59
   463   -61
   464   -59
   465   -61
   466   -59
   467   -61
   468   -59
   469   -61
   470   -59
   471   -61
   472   -60
   473   -60
   474   -60
   475   -60
   476   -60
   477   -59
   478   -61
   479   -59
   480   -61
   481   -59
   482   -61
   483   -59
   484   -61
   485   -59
   486   -61
   487   -59
   488   -61
   489   -60
   490   -60
   491   -60
   492   -60
   493   -61
   494   -60
   495   -61
   496   -60
   497   -61
   498   -59
   499   -61
   500   -59
   501   -61
   502   -59
   503   -61
   504   -60
   505   -61
   506   -60
   507   -61
   508   -61
   509   -60
   510   -61
   511   -60
   512   -61
   513   -59
   514   -62
   515   -59
   516   -62
   517   -59
   518   -62
   519   -59
   520   -61
   521   -60
   522   -61
   523   -60
   524   -61
   525   -61
   526   -60
   527   -61
   528   -60
   529   -62
   530   -59
   531   -61
   532   -59
   533   -62
   534   -60
   535   -61
   536   -60
   537   -61
   538   -60
   539   -60
   540   -61
   541   -60
   542   -61
   543   -60
   544   -62
   545   -59
   546   -62
   547   -59
   548   -62
   549   -59
   550   -62
   551   -59
   552   -61
   553   -60
   554   -61
   555   -60
   556   -61
   557   -61
   558   -60
   559   -61
   560   -60
   561   -62
   562   -59
   563   -62
   564   -59
   565   -62
   566   -59
   567   -62
   568   -59
   569   -61
   570   -60
   571   -61
   572   -61
   573   -61
   574   -61
   575   -60
   576   -61
   577   -60
   578   -61
   579   -59
   580   -61
   581   -60
   582   -62
   583   -59
   584   -61
   585   -60
   586   -61
   587   -60
   588   -61
   589   -60
   590   -60
   591   -61
   592   -60
   593   -61
   594   -59
   595   -62
   596   -60
   597   -62
   598   -59
   599   -61
   600   -60
   601   -62
   602   -60
   603   -61
   604   -60
   605   -61
   606   -61
   607   -60
   608   -61
   609   -60
   610   -61
   611   -59
   612   -62
   613   -60
   614   -62
   615   -59
   616   -62
   617   -60
   618   -61
   619   -60
   620   -61
   621   -60
   622   -60
   623   -61
   624   -60
   625   -61
   626   -60
   627   -62
   628   -60
   629   -62
   630   -59
   631   -62
   632   -59
   633   -62
   634   -60
   635   -61
   636   -60
   637   -61
   638   -60
   639   -60
   640   -61
   641   -60
   642   -61
   643   -60
   644   -61
   645   -59
   646   -62
   647   -59
   648   -62
   649   -60
   650   -61
   651   -60
   652   -61
   653   -60
   654   -61
   655   -61
   656   -60
   657   -61
   658   -60
   659   -62
   660   -60
   661   -62
   662   -59
   663   -62
   664   -59
   665   -61
   666   -60
   667   -61
   668   -60
   669   -61
   670   -61
   671   -60
   672   -61
   673   -60
   674   -62
   675   -60
   676   -62
   677   -59
   678   -62
   679   -59
   680   -62
   681   -60
   682   -62
   683   -59
   684   -61
   685   -60
   686   -61
   687   -61
   688   -60
   689   -61
   690   -60
   691   -61
   692   -60
   693   -62
   694   -59
   695   -62
   696   -59
   697   -62
   698   -60
   699   -62
   700   -60
   701   -61
   702   -60
   703   -61
   704   -61
   705   -60
   706   -61
   707   -60
   708   -61
   709   -60
   710   -62
   711   -59
   712   -62
   713   -60
   714   -62
   715   -60
   716   -62
   717   -60
   718   -61
   719   -60
   720   -61
   721   -61
   722   -60
   723   -61
   724   -60
   725   -62
   726   -59
   727   -62
   728   -59
   729   -62
   730   -60
   731   -61
   732   -60
   733   -61
   734   -60
   735   -61
   736   -61
   737   -60
   738   -61
   739   -60
   740   -62
   741   -60
   742   -62
   743   -59
   744   -62
   745   -59
   746   -62
   747   -60
   748   -62
   749   -60
   750   -61
   751   -60
   752   -61
   753   -61
   754   -61
   755   -61
   756   -60
   757   -61
   758   -60
   759   -62
   760   -59
   761   -62
   762   -60
   763   -62
   764   -60
   765   -61
   766   -60
   767   -61
   768   -60
   769   -61
   770   -61
   771   -60
   772   -61
   773   -60
   774   -62
   775   -60
   776   -62
   777   -59
   778   -62
   779   -60
   780   -62
   781   -60
   782   -61
   783   -60
   784   -61
   785   -61
   786   -60
   787   -61
   788   -60
   789   -61
   790   -60
   791   -62
   792   -59
   793   -62
   794   -60
   795   -62
   796   -60
   797   -62
   798   -60
   799   -61
   800   -60
   801   -61
   802   -61
   803   -60
   804   -61
   805   -60
   806   -62
   807   -60
   808   -62
   809   -59
   810   -62
   811   -59
   812   -62
   813   -60
   814   -62
   815   -60
   816   -61
   817   -60
   818   -61
   819   -61
   820   -60
   821   -61
   822   -60
   823   -61
   824   -60
   825   -62
   826   -60
   827   -62
   828   -60
   829   -61
   830   -60
   831   -61
   832   -60
   833   -61
   834   -61
   835   -61
   836   -61
   837   -60
   838   -61
   839   -60
   840   -61
   841   -60
   842   -61
   843   -60
   844   -62
   845   -60
   846   -61
   847   -60
   848   -61
   849   -60
   850   -61
   851   -61
   852   -60
   853   -61
   854   -60
   855   -62
   856   -60
   857   -62
   858   -59
   859   -62
   860   -60
   861   -62
   862   -60
   863   -61
   864   -60
   865   -61
   866   -61
   867   -61
   868   -61
   869   -60
   870   -61
   871   -60
   872   -62
   873   -60
   874   -62
   875   -60
   876   -62
   877   -60
   878   -62
   879   -60
   880   -62
   881   -60
   882   -61
   883   -60
   884   -60
   885   -61
   886   -60
   887   -61
   888   -60
   889   -61
   890   -60
   891   -62
   892   -60
   893   -61
   894   -60
   895   -61
   896   -60
   897   -61
   898   -61
   899   -61
   900   -61
   901   -60
   902   -61
   903   -60
   904   -61
   905   -60
   906   -62
   907   -60
   908   -62
   909   -60
   910   -62
   911   -60
   912   -61
   913   -60
   914   -61
   915   -61
   916   -61
   917   -61
   918   -60
   919   -61
   920   -60
   921   -61
   922   -60
   923   -62
   924   -59
   925   -62
   926   -60
   927   -62
   928   -60
   929   -61
   930   -60
   931   -61
   932   -60
   933   -61
   934   -61
   935   -60
   936   -61
   937   -60
   938   -62
   939   -60
   940   -62
   941   -59
   942   -62
   943   -60
   944   -62
   945   -60
   946   -61
   947   -60
   948   -61
   949   -60
   950   -61
   951   -61
   952   -60
   953   -61
   954   -60
   955   -61
   956   -60
   957   -62
   958   -60
   959   -61
   960   -60
   961   -61
   962   -60
   963   -61
   964   -60
   965   -61
   966   -61
   967   -60
   968   -61
   969   -60
   970   -62
   971   -60
   972   -61
   973   -60
   974   -62
   975   -60
   976   -61
   977   -60
   978   -61
   979   -60
   980   -61
   981   -61
   982   -61
   983   -61
   984   -60
   985   -61
   986   -60
   987   -62
   988   -60
   989   -62
   990   -59
   991   -62
   992   -59
   993   -62
   994   -60
   995   -61
   996   -60
   997   -61
   998   -61
   999   -61
