   0   0
   1   -62
   2   -60
   3   -62
   4   -60
   5   -62
   6   -60
   7   -62
   8   -61
   9   -61
   10   -61
   11   -61
   12   -62
   13   -60
   14   -62
   15   -60
   16   -62
   17   -60
   18   -62
   19   -60
   20   -62
   21   -60
   22   -62
   23   -61
   24   -61
   25   -61
   26   -61
   27   -62
   28   -61
   29   -62
   30   -60
   31   -62
   32   -60
   33   -63
   34   -60
   35   -63
   36   -60
   37   -62
   38   -60
   39   -62
   40   -60
   41   -61
   42   -61
   43   -61
   44   -61
   45   -61
   46   -62
   47   -60
   48   -62
   49   -60
   50   -62
   51   -60
   52   -62
   53   -60
   54   -62
   55   -60
   56   -62
   57   -61
   58   -61
   59   -61
   60   -61
   61   -62
   62   -61
   63   -62
   64   -60
   65   -62
   66   -60
   67   -62
   68   -60
   69   -62
   70   -60
   71   -62
   72   -61
   73   -61
   74   -61
   75   -61
   76   -61
   77   -61
   78   -62
   79   -60
   80   -62
   81   -60
   82   -62
   83   -60
   84   -62
   85   -60
   86   -62
   87   -60
   88   -62
   89   -61
   90   -62
   91   -61
   92   -61
   93   -61
   94   -61
   95   -62
   96   -60
   97   -62
   98   -60
   99   -62
   100   -60
   101   -62
   102   -60
   103   -62
   104   -60
   105   -62
   106   -61
   107   -61
   108   -61
   109   -61
   110   -61
   111   -60
   112   -62
   113   -60
   114   -62
   115   -60
   116   -62
   117   -60
   118   -62
   119   -60
   120   -62
   121   -61
   122   -62
   123   -61
   124   -61
   125   -61
   126   -61
   127   -62
   128   -61
   129   -62
   130   -60
   131   -62
   132   -60
   133   -62
   134   -60
   135   -62
   136   -60
   137   -62
   138   -60
   139   -61
   140   -61
   141   -61
   142   -62
   143   -60
   144   -62
   145   -60
   146   -62
   147   -60
   148   -62
   149   -60
   150   -62
   151   -60
   152   -62
   153   -60
   154   -62
   155   -61
   156   -61
   157   -61
   158   -61
   159   -62
   160   -60
   161   -62
   162   -60
   163   -62
   164   -60
   165   -62
   166   -60
   167   -62
   168   -60
   169   -62
   170   -60
   171   -61
   172   -61
   173   -61
   174   -61
   175   -61
   176   -62
   177   -60
   178   -62
   179   -60
   180   -62
   181   -60
   182   -63
   183   -60
   184   -62
   185   -60
   186   -62
   187   -60
   188   -61
   189   -61
   190   -61
   191   -61
   192   -60
   193   -62
   194   -59
   195   -62
   196   -60
   197   -62
   198   -60
   199   -62
   200   -61
   201   -59
   202   -16
   203   51
   204   57
   205   41
   206   23
   207   19
   208   16
   209   21
   210   18
   211   22
   212   18
   213   21
   214   17
   215   21
   216   18
   217   21
   218   18
   219   20
   220   18
   221   19
   222   20
   223   20
   224   20
   225   18
   226   20
   227   18
   228   21
   229   18
   230   21
   231   18
   232   20
   233   18
   234   20
   235   19
   236   20
   237   19
   238   20
   239   20
   240   20
   241   21
   242   19
   243   20
   244   18
   245   21
   246   19
   247   21
   248   19
   249   21
   250   19
   251   21
   252   20
   253   20
   254   19
   255   19
   256   20
   257   19
   258   21
   259   19
   260   21
   261   19
   262   21
   263   19
   264   21
   265   19
   266   21
   267   19
   268   21
   269   19
   270   20
   271   20
   272   19
   273   20
   274   19
   275   21
   276   19
   277   21
   278   18
   279   21
   280   18
   281   21
   282   19
   283   21
   284   19
   285   20
   286   20
   287   20
   288   20
   289   19
   290   20
   291   19
   292   21
   293   19
   294   21
   295   19
   296   21
   297   19
   298   21
   299   19
   300   20
   301   19
   302   21
   303   20
   304   20
   305   20
   306   19
   307   20
   308   19
   309   21
   310   19
   311   21
   312   19
   313   21
   314   19
   315   21
   316   19
   317   21
   318   20
   319   20
   320   20
   321   20
   322   20
   323   19
   324   21
   325   19
   326   21
   327   19
   328   21
   329   18
   330   21
   331   19
   332   21
   333   19
   334   20
   335   19
   336   20
   337   20
   338   19
   339   20
   340   19
   341   21
   342   19
   343   21
   344   19
   345   21
   346   18
   347   21
   348   19
   349   21
   350   19
   351   20
   352   20
   353   20
   354   20
   355   19
   356   20
   357   19
   358   21
   359   19
   360   21
   361   18
   362   21
   363   19
   364   20
   365   19
   366   20
   367   19
   368   20
   369   19
   370   20
   371   20
   372   19
   373   20
   374   19
   375   20
   376   18
   377   21
   378   18
   379   20
   380   18
   381   20
   382   18
   383   20
   384   18
   385   19
   386   19
   387   18
   388   19
   389   18
   390   19
   391   17
   392   19
   393   16
   394   18
   395   16
   396   18
   397   15
   398   16
   399   14
   400   15
   401   14
   402   13
   403   13
   404   11
   405   12
   406   9
   407   10
   408   7
   409   9
   410   5
   411   6
   412   3
   413   4
   414   0
   415   1
   416   -2
   417   -2
   418   -4
   419   -6
   420   -7
   421   -9
   422   -10
   423   -13
   424   -13
   425   -16
   426   -16
   427   -20
   428   -19
   429   -23
   430   -23
   431   -26
   432   -26
   433   -29
   434   -30
   435   -32
   436   -33
   437   -34
   438   -37
   439   -37
   440   -40
   441   -39
   442   -42
   443   -41
   444   -45
   445   -44
   446   -47
   447   -46
   448   -49
   449   -48
   450   -50
   451   -50
   452   -51
   453   -52
   454   -52
   455   -54
   456   -53
   457   -55
   458   -54
   459   -56
   460   -55
   461   -57
   462   -56
   463   -58
   464   -57
   465   -58
   466   -57
   467   -58
   468   -58
   469   -58
   470   -59
   471   -58
   472   -60
   473   -58
   474   -60
   475   -58
   476   -61
   477   -58
   478   -61
   479   -58
   480   -61
   481   -59
   482   -60
   483   -59
   484   -60
   485   -60
   486   -60
   487   -61
   488   -59
   489   -60
   490   -59
   491   -61
   492   -59
   493   -61
   494   -59
   495   -61
   496   -59
   497   -61
   498   -60
   499   -61
   500   -60
   501   -60
   502   -60
   503   -60
   504   -61
   505   -60
   506   -61
   507   -59
   508   -61
   509   -59
   510   -61
   511   -59
   512   -62
   513   -60
   514   -61
   515   -60
   516   -61
   517   -60
   518   -60
   519   -60
   520   -60
   521   -61
   522   -60
   523   -61
   524   -59
   525   -61
   526   -59
   527   -61
   528   -59
   529   -61
   530   -60
   531   -61
   532   -60
   533   -60
   534   -61
   535   -60
   536   -61
   537   -59
   538   -61
   539   -59
   540   -62
   541   -59
   542   -62
   543   -59
   544   -62
   545   -60
   546   -61
   547   -60
   548   -61
   549   -60
   550   -61
   551   -60
   552   -60
   553   -61
   554   -60
   555   -61
   556   -60
   557   -61
   558   -59
   559   -62
   560   -59
   561   -61
   562   -60
   563   -61
   564   -60
   565   -61
   566   -60
   567   -60
   568   -61
   569   -60
   570   -61
   571   -60
   572   -61
   573   -59
   574   -62
   575   -60
   576   -62
   577   -59
   578   -61
   579   -60
   580   -61
   581   -60
   582   -61
   583   -60
   584   -60
   585   -61
   586   -60
   587   -61
   588   -60
   589   -62
   590   -60
   591   -62
   592   -59
   593   -61
   594   -60
   595   -61
   596   -60
   597   -61
   598   -60
   599   -61
   600   -61
   601   -60
   602   -61
   603   -59
   604   -61
   605   -60
   606   -61
   607   -59
   608   -62
   609   -59
   610   -62
   611   -60
   612   -61
   613   -60
   614   -61
   615   -60
   616   -60
   617   -61
   618   -60
   619   -61
   620   -60
   621   -61
   622   -60
   623   -62
   624   -60
   625   -61
   626   -60
   627   -61
   628   -60
   629   -61
   630   -60
   631   -61
   632   -61
   633   -61
   634   -61
   635   -60
   636   -61
   637   -60
   638   -62
   639   -60
   640   -62
   641   -59
   642   -61
   643   -60
   644   -62
   645   -60
   646   -61
   647   -60
   648   -61
   649   -61
   650   -60
   651   -61
   652   -60
   653   -62
   654   -60
   655   -62
   656   -60
   657   -62
   658   -60
   659   -61
   660   -60
   661   -61
   662   -60
   663   -61
   664   -61
   665   -61
   666   -61
   667   -60
   668   -61
   669   -60
   670   -62
   671   -60
   672   -62
   673   -60
   674   -62
   675   -60
   676   -62
   677   -60
   678   -61
   679   -60
   680   -61
   681   -61
   682   -60
   683   -61
   684   -60
   685   -61
   686   -60
   687   -62
   688   -60
   689   -62
   690   -60
   691   -62
   692   -60
   693   -61
   694   -60
   695   -61
   696   -61
   697   -61
   698   -61
   699   -60
   700   -61
   701   -60
   702   -62
   703   -60
   704   -61
   705   -60
   706   -62
   707   -60
   708   -62
   709   -60
   710   -61
   711   -60
   712   -61
   713   -61
   714   -61
   715   -61
   716   -60
   717   -61
   718   -60
   719   -62
   720   -60
   721   -62
   722   -60
   723   -62
   724   -60
   725   -61
   726   -60
   727   -61
   728   -60
   729   -61
   730   -61
   731   -60
   732   -61
   733   -60
   734   -61
   735   -60
   736   -62
   737   -59
   738   -62
   739   -60
   740   -62
   741   -60
   742   -62
   743   -60
   744   -61
   745   -60
   746   -61
   747   -61
   748   -60
   749   -61
   750   -60
   751   -61
   752   -60
   753   -62
   754   -60
   755   -62
   756   -60
   757   -61
   758   -60
   759   -61
   760   -60
   761   -61
   762   -60
   763   -61
   764   -61
   765   -60
   766   -61
   767   -60
   768   -62
   769   -60
   770   -62
   771   -60
   772   -62
   773   -60
   774   -62
   775   -60
   776   -61
   777   -60
   778   -61
   779   -60
   780   -61
   781   -61
   782   -60
   783   -61
   784   -60
   785   -62
   786   -60
   787   -62
   788   -60
   789   -62
   790   -60
   791   -61
   792   -60
   793   -61
   794   -60
   795   -61
   796   -61
   797   -61
   798   -61
   799   -60
   800   -61
   801   -60
   802   -62
   803   -60
   804   -62
   805   -60
   806   -62
   807   -60
   808   -61
   809   -60
   810   -61
   811   -60
   812   -61
   813   -61
   814   -60
   815   -61
   816   -60
   817   -62
   818   -60
   819   -62
   820   -60
   821   -61
   822   -60
   823   -62
   824   -60
   825   -61
   826   -60
   827   -61
   828   -61
   829   -61
   830   -61
   831   -60
   832   -61
   833   -60
   834   -62
   835   -60
   836   -62
   837   -60
   838   -62
   839   -60
   840   -62
   841   -60
   842   -61
   843   -61
   844   -61
   845   -61
   846   -61
   847   -61
   848   -60
   849   -61
   850   -60
   851   -62
   852   -60
   853   -62
   854   -59
   855   -62
   856   -60
   857   -61
   858   -60
   859   -61
   860   -61
   861   -61
   862   -61
   863   -61
   864   -61
   865   -60
   866   -62
   867   -60
   868   -62
   869   -60
   870   -62
   871   -60
   872   -62
   873   -60
   874   -61
   875   -60
   876   -61
   877   -61
   878   -61
   879   -61
   880   -60
   881   -61
   882   -60
   883   -61
   884   -60
   885   -62
   886   -60
   887   -61
   888   -60
   889   -61
   890   -60
   891   -61
   892   -60
   893   -61
   894   -61
   895   -61
   896   -61
   897   -60
   898   -62
   899   -60
   900   -62
   901   -60
   902   -61
   903   -60
   904   -62
   905   -60
   906   -61
   907   -60
   908   -61
   909   -61
   910   -61
   911   -61
   912   -60
   913   -61
   914   -60
   915   -62
   916   -60
   917   -62
   918   -60
   919   -62
   920   -60
   921   -61
   922   -60
   923   -61
   924   -60
   925   -61
   926   -61
   927   -61
   928   -61
   929   -60
   930   -61
   931   -60
   932   -62
   933   -60
   934   -62
   935   -60
   936   -62
   937   -60
   938   -62
   939   -60
   940   -61
   941   -60
   942   -61
   943   -61
   944   -60
   945   -61
   946   -60
   947   -62
   948   -60
   949   -61
   950   -60
   951   -62
   952   -60
   953   -61
   954   -60
   955   -62
   956   -60
   957   -61
   958   -61
   959   -61
   960   -61
   961   -60
   962   -61
   963   -60
   964   -62
   965   -60
   966   -62
   967   -60
   968   -62
   969   -60
   970   -62
   971   -60
   972   -61
   973   -60
   974   -61
   975   -61
   976   -61
   977   -61
   978   -60
   979   -61
   980   -60
   981   -62
   982   -60
   983   -62
   984   -60
   985   -62
   986   -60
   987   -61
   988   -60
   989   -61
   990   -60
   991   -61
   992   -61
   993   -61
   994   -61
   995   -60
   996   -61
   997   -60
   998   -62
   999   -60
