   0   0
   1   -61
   2   -61
   3   -61
   4   -61
   5   -61
   6   -61
   7   -62
   8   -60
   9   -62
   10   -60
   11   -62
   12   -60
   13   -62
   14   -60
   15   -62
   16   -60
   17   -61
   18   -61
   19   -61
   20   -61
   21   -61
   22   -61
   23   -61
   24   -62
   25   -60
   26   -61
   27   -60
   28   -62
   29   -60
   30   -62
   31   -60
   32   -62
   33   -60
   34   -61
   35   -61
   36   -61
   37   -61
   38   -61
   39   -61
   40   -61
   41   -62
   42   -60
   43   -62
   44   -60
   45   -62
   46   -60
   47   -62
   48   -61
   49   -61
   50   -61
   51   -61
   52   -61
   53   -61
   54   -61
   55   -61
   56   -62
   57   -61
   58   -63
   59   -60
   60   -62
   61   -60
   62   -62
   63   -60
   64   -62
   65   -60
   66   -62
   67   -61
   68   -61
   69   -61
   70   -61
   71   -61
   72   -61
   73   -62
   74   -60
   75   -62
   76   -60
   77   -62
   78   -60
   79   -62
   80   -60
   81   -62
   82   -61
   83   -62
   84   -61
   85   -61
   86   -61
   87   -61
   88   -62
   89   -60
   90   -62
   91   -60
   92   -62
   93   -60
   94   -62
   95   -60
   96   -62
   97   -60
   98   -62
   99   -60
   100   -62
   101   -61
   102   -61
   103   -61
   104   -61
   105   -62
   106   -61
   107   -62
   108   -60
   109   -62
   110   -60
   111   -62
   112   -60
   113   -62
   114   -61
   115   -61
   116   -61
   117   -61
   118   -61
   119   -61
   120   -62
   121   -60
   122   -62
   123   -60
   124   -62
   125   -60
   126   -62
   127   -60
   128   -62
   129   -60
   130   -62
   131   -60
   132   -61
   133   -60
   134   -61
   135   -61
   136   -61
   137   -62
   138   -61
   139   -62
   140   -60
   141   -62
   142   -60
   143   -62
   144   -60
   145   -62
   146   -60
   147   -62
   148   -61
   149   -61
   150   -61
   151   -61
   152   -61
   153   -61
   154   -62
   155   -61
   156   -62
   157   -60
   158   -62
   159   -60
   160   -62
   161   -60
   162   -62
   163   -60
   164   -62
   165   -61
   166   -61
   167   -61
   168   -61
   169   -61
   170   -60
   171   -62
   172   -61
   173   -62
   174   -60
   175   -62
   176   -60
   177   -62
   178   -60
   179   -62
   180   -61
   181   -61
   182   -61
   183   -61
   184   -61
   185   -61
   186   -62
   187   -61
   188   -61
   189   -60
   190   -62
   191   -60
   192   -62
   193   -60
   194   -61
   195   -60
   196   -61
   197   -60
   198   -62
   199   -60
   200   -62
   201   -60
   202   -39
   203   3
   204   19
   205   16
   206   11
   207   7
   208   8
   209   7
   210   9
   211   9
   212   9
   213   8
   214   8
   215   9
   216   9
   217   10
   218   9
   219   9
   220   8
   221   9
   222   9
   223   10
   224   9
   225   10
   226   8
   227   10
   228   9
   229   10
   230   9
   231   10
   232   9
   233   9
   234   10
   235   9
   236   10
   237   8
   238   10
   239   9
   240   11
   241   9
   242   10
   243   8
   244   10
   245   9
   246   10
   247   10
   248   10
   249   9
   250   9
   251   10
   252   10
   253   11
   254   9
   255   10
   256   8
   257   11
   258   9
   259   11
   260   8
   261   10
   262   9
   263   11
   264   10
   265   10
   266   9
   267   9
   268   10
   269   9
   270   10
   271   9
   272   10
   273   9
   274   11
   275   9
   276   10
   277   9
   278   10
   279   9
   280   10
   281   10
   282   10
   283   10
   284   9
   285   10
   286   9
   287   11
   288   9
   289   10
   290   9
   291   10
   292   9
   293   10
   294   9
   295   10
   296   10
   297   10
   298   10
   299   9
   300   10
   301   9
   302   11
   303   9
   304   11
   305   9
   306   11
   307   9
   308   11
   309   9
   310   11
   311   9
   312   10
   313   10
   314   10
   315   10
   316   9
   317   11
   318   9
   319   10
   320   9
   321   11
   322   9
   323   11
   324   9
   325   11
   326   9
   327   11
   328   9
   329   11
   330   9
   331   10
   332   10
   333   9
   334   10
   335   9
   336   10
   337   9
   338   11
   339   9
   340   11
   341   9
   342   10
   343   10
   344   10
   345   10
   346   10
   347   10
   348   9
   349   10
   350   10
   351   11
   352   9
   353   10
   354   9
   355   11
   356   9
   357   11
   358   9
   359   10
   360   9
   361   10
   362   10
   363   10
   364   10
   365   9
   366   10
   367   9
   368   11
   369   9
   370   11
   371   9
   372   11
   373   9
   374   10
   375   9
   376   10
   377   9
   378   10
   379   9
   380   10
   381   10
   382   9
   383   10
   384   9
   385   10
   386   9
   387   11
   388   9
   389   10
   390   8
   391   10
   392   8
   393   9
   394   8
   395   9
   396   8
   397   8
   398   8
   399   7
   400   7
   401   6
   402   6
   403   4
   404   5
   405   3
   406   3
   407   1
   408   1
   409   -1
   410   -2
   411   -3
   412   -5
   413   -6
   414   -9
   415   -10
   416   -12
   417   -12
   418   -16
   419   -16
   420   -21
   421   -20
   422   -24
   423   -24
   424   -28
   425   -28
   426   -31
   427   -33
   428   -35
   429   -37
   430   -38
   431   -40
   432   -41
   433   -44
   434   -44
   435   -47
   436   -46
   437   -50
   438   -49
   439   -52
   440   -50
   441   -54
   442   -52
   443   -54
   444   -54
   445   -56
   446   -55
   447   -56
   448   -57
   449   -57
   450   -58
   451   -57
   452   -59
   453   -58
   454   -59
   455   -58
   456   -60
   457   -58
   458   -59
   459   -58
   460   -60
   461   -59
   462   -59
   463   -59
   464   -59
   465   -59
   466   -59
   467   -60
   468   -59
   469   -60
   470   -59
   471   -60
   472   -59
   473   -60
   474   -59
   475   -60
   476   -59
   477   -60
   478   -60
   479   -59
   480   -60
   481   -59
   482   -60
   483   -59
   484   -60
   485   -59
   486   -61
   487   -59
   488   -60
   489   -59
   490   -60
   491   -59
   492   -60
   493   -59
   494   -60
   495   -59
   496   -59
   497   -60
   498   -59
   499   -60
   500   -59
   501   -61
   502   -59
   503   -60
   504   -59
   505   -61
   506   -59
   507   -60
   508   -59
   509   -60
   510   -59
   511   -60
   512   -60
   513   -60
   514   -60
   515   -59
   516   -60
   517   -59
   518   -61
   519   -59
   520   -61
   521   -59
   522   -60
   523   -59
   524   -60
   525   -60
   526   -60
   527   -60
   528   -60
   529   -60
   530   -60
   531   -61
   532   -60
   533   -60
   534   -59
   535   -60
   536   -59
   537   -61
   538   -60
   539   -60
   540   -60
   541   -60
   542   -60
   543   -60
   544   -60
   545   -59
   546   -60
   547   -59
   548   -61
   549   -59
   550   -61
   551   -59
   552   -61
   553   -59
   554   -61
   555   -59
   556   -61
   557   -60
   558   -61
   559   -60
   560   -60
   561   -60
   562   -60
   563   -61
   564   -59
   565   -61
   566   -59
   567   -61
   568   -59
   569   -61
   570   -59
   571   -61
   572   -59
   573   -61
   574   -60
   575   -61
   576   -60
   577   -60
   578   -60
   579   -60
   580   -61
   581   -60
   582   -61
   583   -60
   584   -61
   585   -60
   586   -61
   587   -59
   588   -61
   589   -60
   590   -60
   591   -60
   592   -60
   593   -61
   594   -60
   595   -61
   596   -60
   597   -61
   598   -60
   599   -61
   600   -60
   601   -61
   602   -60
   603   -61
   604   -60
   605   -61
   606   -60
   607   -60
   608   -60
   609   -60
   610   -61
   611   -60
   612   -61
   613   -59
   614   -61
   615   -60
   616   -61
   617   -59
   618   -61
   619   -60
   620   -61
   621   -59
   622   -61
   623   -60
   624   -61
   625   -60
   626   -60
   627   -60
   628   -60
   629   -61
   630   -60
   631   -61
   632   -59
   633   -61
   634   -60
   635   -61
   636   -60
   637   -61
   638   -60
   639   -61
   640   -60
   641   -61
   642   -60
   643   -61
   644   -60
   645   -60
   646   -61
   647   -60
   648   -61
   649   -60
   650   -61
   651   -60
   652   -61
   653   -60
   654   -61
   655   -60
   656   -61
   657   -60
   658   -60
   659   -61
   660   -60
   661   -61
   662   -60
   663   -61
   664   -60
   665   -61
   666   -60
   667   -61
   668   -60
   669   -61
   670   -60
   671   -61
   672   -60
   673   -61
   674   -61
   675   -60
   676   -61
   677   -60
   678   -61
   679   -60
   680   -61
   681   -60
   682   -61
   683   -59
   684   -62
   685   -59
   686   -61
   687   -60
   688   -61
   689   -60
   690   -61
   691   -60
   692   -61
   693   -61
   694   -60
   695   -60
   696   -60
   697   -61
   698   -60
   699   -61
   700   -60
   701   -61
   702   -60
   703   -61
   704   -60
   705   -61
   706   -60
   707   -61
   708   -60
   709   -61
   710   -60
   711   -60
   712   -61
   713   -60
   714   -61
   715   -60
   716   -61
   717   -60
   718   -61
   719   -60
   720   -61
   721   -60
   722   -61
   723   -60
   724   -61
   725   -61
   726   -60
   727   -61
   728   -60
   729   -61
   730   -60
   731   -61
   732   -60
   733   -61
   734   -60
   735   -61
   736   -60
   737   -61
   738   -60
   739   -61
   740   -61
   741   -60
   742   -61
   743   -61
   744   -61
   745   -60
   746   -61
   747   -60
   748   -61
   749   -60
   750   -61
   751   -60
   752   -61
   753   -60
   754   -62
   755   -60
   756   -61
   757   -60
   758   -61
   759   -61
   760   -61
   761   -61
   762   -60
   763   -61
   764   -60
   765   -61
   766   -60
   767   -61
   768   -60
   769   -61
   770   -60
   771   -61
   772   -60
   773   -61
   774   -60
   775   -61
   776   -61
   777   -60
   778   -61
   779   -60
   780   -61
   781   -60
   782   -61
   783   -60
   784   -61
   785   -60
   786   -61
   787   -61
   788   -61
   789   -61
   790   -60
   791   -61
   792   -60
   793   -61
   794   -60
   795   -61
   796   -60
   797   -62
   798   -60
   799   -61
   800   -60
   801   -62
   802   -60
   803   -61
   804   -60
   805   -61
   806   -61
   807   -60
   808   -61
   809   -60
   810   -61
   811   -60
   812   -61
   813   -60
   814   -61
   815   -60
   816   -62
   817   -60
   818   -62
   819   -60
   820   -61
   821   -60
   822   -61
   823   -60
   824   -61
   825   -60
   826   -60
   827   -61
   828   -60
   829   -61
   830   -60
   831   -62
   832   -60
   833   -61
   834   -60
   835   -61
   836   -60
   837   -61
   838   -60
   839   -61
   840   -61
   841   -60
   842   -61
   843   -60
   844   -61
   845   -60
   846   -61
   847   -60
   848   -61
   849   -60
   850   -61
   851   -60
   852   -61
   853   -60
   854   -61
   855   -61
   856   -60
   857   -61
   858   -60
   859   -61
   860   -60
   861   -62
   862   -60
   863   -62
   864   -60
   865   -62
   866   -60
   867   -62
   868   -60
   869   -61
   870   -60
   871   -61
   872   -60
   873   -61
   874   -61
   875   -61
   876   -61
   877   -60
   878   -61
   879   -60
   880   -62
   881   -60
   882   -62
   883   -60
   884   -62
   885   -60
   886   -61
   887   -60
   888   -61
   889   -60
   890   -61
   891   -60
   892   -60
   893   -61
   894   -60
   895   -61
   896   -60
   897   -62
   898   -60
   899   -61
   900   -60
   901   -61
   902   -60
   903   -61
   904   -60
   905   -61
   906   -61
   907   -61
   908   -61
   909   -60
   910   -61
   911   -60
   912   -61
   913   -60
   914   -61
   915   -60
   916   -61
   917   -60
   918   -61
   919   -61
   920   -61
   921   -61
   922   -60
   923   -61
   924   -60
   925   -61
   926   -60
   927   -61
   928   -60
   929   -62
   930   -60
   931   -62
   932   -60
   933   -62
   934   -60
   935   -61
   936   -60
   937   -62
   938   -60
   939   -61
   940   -61
   941   -60
   942   -61
   943   -60
   944   -61
   945   -60
   946   -62
   947   -60
   948   -62
   949   -60
   950   -62
   951   -60
   952   -62
   953   -60
   954   -61
   955   -60
   956   -61
   957   -61
   958   -61
   959   -61
   960   -60
   961   -61
   962   -60
   963   -61
   964   -60
   965   -61
   966   -60
   967   -61
   968   -61
   969   -61
   970   -60
   971   -61
   972   -60
   973   -61
   974   -61
   975   -61
   976   -61
   977   -60
   978   -61
   979   -60
   980   -61
   981   -60
   982   -61
   983   -60
   984   -61
   985   -60
   986   -61
   987   -60
   988   -60
   989   -61
   990   -61
   991   -61
   992   -60
   993   -61
   994   -60
   995   -61
   996   -60
   997   -61
   998   -60
   999   -62
