   0   0
   1   -61
   2   -60
   3   -62
   4   -60
   5   -62
   6   -60
   7   -62
   8   -60
   9   -62
   10   -60
   11   -62
   12   -60
   13   -62
   14   -61
   15   -61
   16   -61
   17   -61
   18   -61
   19   -61
   20   -62
   21   -60
   22   -62
   23   -60
   24   -62
   25   -60
   26   -62
   27   -60
   28   -62
   29   -61
   30   -62
   31   -61
   32   -61
   33   -61
   34   -61
   35   -62
   36   -60
   37   -62
   38   -60
   39   -62
   40   -60
   41   -62
   42   -61
   43   -62
   44   -60
   45   -61
   46   -61
   47   -61
   48   -61
   49   -61
   50   -62
   51   -61
   52   -62
   53   -60
   54   -62
   55   -60
   56   -62
   57   -60
   58   -62
   59   -60
   60   -62
   61   -60
   62   -62
   63   -61
   64   -61
   65   -61
   66   -60
   67   -61
   68   -60
   69   -62
   70   -60
   71   -62
   72   -60
   73   -62
   74   -60
   75   -62
   76   -60
   77   -62
   78   -60
   79   -62
   80   -61
   81   -61
   82   -61
   83   -61
   84   -62
   85   -60
   86   -62
   87   -60
   88   -62
   89   -60
   90   -62
   91   -60
   92   -62
   93   -60
   94   -62
   95   -61
   96   -61
   97   -61
   98   -61
   99   -61
   100   -61
   101   -62
   102   -60
   103   -62
   104   -60
   105   -62
   106   -60
   107   -62
   108   -60
   109   -62
   110   -60
   111   -62
   112   -61
   113   -61
   114   -61
   115   -61
   116   -61
   117   -60
   118   -62
   119   -60
   120   -62
   121   -60
   122   -62
   123   -60
   124   -62
   125   -60
   126   -62
   127   -60
   128   -61
   129   -60
   130   -61
   131   -61
   132   -61
   133   -61
   134   -60
   135   -62
   136   -60
   137   -62
   138   -60
   139   -62
   140   -60
   141   -62
   142   -60
   143   -62
   144   -60
   145   -61
   146   -61
   147   -61
   148   -61
   149   -61
   150   -62
   151   -61
   152   -62
   153   -60
   154   -62
   155   -60
   156   -62
   157   -60
   158   -62
   159   -60
   160   -62
   161   -61
   162   -61
   163   -61
   164   -61
   165   -61
   166   -60
   167   -61
   168   -60
   169   -62
   170   -60
   171   -62
   172   -60
   173   -62
   174   -60
   175   -62
   176   -60
   177   -61
   178   -60
   179   -61
   180   -61
   181   -61
   182   -61
   183   -60
   184   -61
   185   -60
   186   -62
   187   -60
   188   -62
   189   -60
   190   -62
   191   -60
   192   -61
   193   -61
   194   -61
   195   -60
   196   -61
   197   -61
   198   -61
   199   -61
   200   -61
   201   -60
   202   -27
   203   27
   204   49
   205   50
   206   47
   207   44
   208   45
   209   45
   210   47
   211   48
   212   48
   213   49
   214   48
   215   50
   216   49
   217   51
   218   49
   219   52
   220   49
   221   51
   222   50
   223   53
   224   51
   225   52
   226   50
   227   51
   228   51
   229   52
   230   52
   231   51
   232   52
   233   51
   234   53
   235   51
   236   53
   237   51
   238   53
   239   51
   240   53
   241   51
   242   52
   243   51
   244   52
   245   51
   246   52
   247   52
   248   51
   249   52
   250   51
   251   52
   252   51
   253   53
   254   50
   255   52
   256   50
   257   52
   258   51
   259   52
   260   51
   261   51
   262   51
   263   51
   264   52
   265   51
   266   52
   267   50
   268   52
   269   50
   270   52
   271   50
   272   51
   273   50
   274   52
   275   50
   276   51
   277   50
   278   50
   279   50
   280   50
   281   51
   282   50
   283   51
   284   49
   285   51
   286   49
   287   51
   288   49
   289   51
   290   49
   291   50
   292   49
   293   50
   294   50
   295   49
   296   50
   297   49
   298   50
   299   48
   300   50
   301   48
   302   50
   303   48
   304   51
   305   48
   306   50
   307   48
   308   50
   309   48
   310   49
   311   49
   312   49
   313   49
   314   48
   315   49
   316   48
   317   49
   318   48
   319   49
   320   47
   321   49
   322   47
   323   49
   324   47
   325   48
   326   48
   327   48
   328   48
   329   48
   330   48
   331   47
   332   49
   333   47
   334   48
   335   47
   336   48
   337   46
   338   48
   339   46
   340   48
   341   46
   342   47
   343   47
   344   47
   345   47
   346   46
   347   47
   348   46
   349   47
   350   45
   351   47
   352   46
   353   47
   354   45
   355   47
   356   45
   357   47
   358   45
   359   46
   360   46
   361   46
   362   46
   363   45
   364   46
   365   45
   366   46
   367   45
   368   46
   369   44
   370   46
   371   44
   372   46
   373   44
   374   46
   375   45
   376   45
   377   44
   378   45
   379   44
   380   44
   381   44
   382   43
   383   44
   384   41
   385   43
   386   40
   387   41
   388   38
   389   38
   390   34
   391   34
   392   30
   393   28
   394   25
   395   22
   396   19
   397   15
   398   12
   399   7
   400   5
   401   -1
   402   -3
   403   -9
   404   -11
   405   -17
   406   -19
   407   -24
   408   -27
   409   -31
   410   -34
   411   -37
   412   -40
   413   -42
   414   -45
   415   -46
   416   -50
   417   -49
   418   -53
   419   -52
   420   -56
   421   -54
   422   -57
   423   -56
   424   -58
   425   -58
   426   -58
   427   -59
   428   -59
   429   -59
   430   -59
   431   -60
   432   -59
   433   -61
   434   -59
   435   -61
   436   -59
   437   -61
   438   -59
   439   -61
   440   -59
   441   -60
   442   -60
   443   -60
   444   -60
   445   -60
   446   -60
   447   -60
   448   -61
   449   -59
   450   -61
   451   -59
   452   -61
   453   -59
   454   -61
   455   -59
   456   -61
   457   -60
   458   -60
   459   -60
   460   -60
   461   -60
   462   -59
   463   -61
   464   -60
   465   -61
   466   -59
   467   -61
   468   -59
   469   -61
   470   -59
   471   -61
   472   -59
   473   -61
   474   -60
   475   -60
   476   -60
   477   -60
   478   -61
   479   -60
   480   -61
   481   -60
   482   -61
   483   -59
   484   -61
   485   -59
   486   -61
   487   -59
   488   -61
   489   -59
   490   -61
   491   -60
   492   -60
   493   -60
   494   -60
   495   -60
   496   -60
   497   -61
   498   -59
   499   -61
   500   -60
   501   -61
   502   -60
   503   -61
   504   -60
   505   -61
   506   -60
   507   -61
   508   -60
   509   -60
   510   -60
   511   -60
   512   -61
   513   -60
   514   -61
   515   -60
   516   -61
   517   -60
   518   -61
   519   -60
   520   -61
   521   -60
   522   -61
   523   -60
   524   -61
   525   -60
   526   -61
   527   -61
   528   -60
   529   -61
   530   -60
   531   -62
   532   -60
   533   -62
   534   -60
   535   -62
   536   -60
   537   -61
   538   -60
   539   -61
   540   -60
   541   -61
   542   -61
   543   -61
   544   -61
   545   -60
   546   -61
   547   -60
   548   -61
   549   -60
   550   -62
   551   -60
   552   -61
   553   -60
   554   -61
   555   -60
   556   -61
   557   -60
   558   -61
   559   -61
   560   -60
   561   -61
   562   -60
   563   -61
   564   -60
   565   -61
   566   -60
   567   -61
   568   -60
   569   -61
   570   -60
   571   -61
   572   -60
   573   -61
   574   -60
   575   -61
   576   -61
   577   -60
   578   -61
   579   -60
   580   -62
   581   -60
   582   -61
   583   -60
   584   -62
   585   -60
   586   -61
   587   -60
   588   -61
   589   -60
   590   -61
   591   -61
   592   -60
   593   -61
   594   -60
   595   -61
   596   -60
   597   -61
   598   -60
   599   -62
   600   -60
   601   -62
   602   -60
   603   -61
   604   -60
   605   -61
   606   -60
   607   -61
   608   -61
   609   -60
   610   -61
   611   -60
   612   -61
   613   -60
   614   -61
   615   -60
   616   -62
   617   -59
   618   -62
   619   -60
   620   -61
   621   -60
   622   -61
   623   -60
   624   -61
   625   -61
   626   -60
   627   -61
   628   -60
   629   -61
   630   -60
   631   -62
   632   -60
   633   -61
   634   -60
   635   -61
   636   -60
   637   -61
   638   -60
   639   -61
   640   -61
   641   -61
   642   -61
   643   -60
   644   -61
   645   -60
   646   -62
   647   -60
   648   -62
   649   -60
   650   -62
   651   -60
   652   -62
   653   -60
   654   -61
   655   -60
   656   -61
   657   -61
   658   -60
   659   -61
   660   -60
   661   -61
   662   -60
   663   -62
   664   -60
   665   -62
   666   -60
   667   -62
   668   -60
   669   -62
   670   -60
   671   -61
   672   -60
   673   -61
   674   -61
   675   -61
   676   -61
   677   -60
   678   -61
   679   -60
   680   -61
   681   -60
   682   -62
   683   -60
   684   -62
   685   -60
   686   -62
   687   -60
   688   -61
   689   -60
   690   -61
   691   -61
   692   -60
   693   -61
   694   -60
   695   -61
   696   -60
   697   -61
   698   -60
   699   -61
   700   -60
   701   -62
   702   -60
   703   -61
   704   -60
   705   -61
   706   -60
   707   -60
   708   -61
   709   -60
   710   -61
   711   -60
   712   -61
   713   -60
   714   -61
   715   -60
   716   -62
   717   -60
   718   -61
   719   -60
   720   -61
   721   -60
   722   -61
   723   -61
   724   -61
   725   -61
   726   -60
   727   -61
   728   -60
   729   -61
   730   -60
   731   -61
   732   -60
   733   -62
   734   -60
   735   -61
   736   -60
   737   -61
   738   -60
   739   -61
   740   -61
   741   -61
   742   -61
   743   -60
   744   -61
   745   -60
   746   -61
   747   -60
   748   -61
   749   -60
   750   -62
   751   -60
   752   -61
   753   -60
   754   -61
   755   -61
   756   -61
   757   -61
   758   -60
   759   -61
   760   -60
   761   -61
   762   -60
   763   -61
   764   -60
   765   -62
   766   -60
   767   -62
   768   -60
   769   -61
   770   -60
   771   -61
   772   -61
   773   -61
   774   -61
   775   -60
   776   -61
   777   -60
   778   -62
   779   -60
   780   -61
   781   -60
   782   -62
   783   -60
   784   -61
   785   -60
   786   -61
   787   -61
   788   -61
   789   -61
   790   -61
   791   -61
   792   -60
   793   -61
   794   -60
   795   -61
   796   -60
   797   -62
   798   -60
   799   -61
   800   -60
   801   -61
   802   -60
   803   -61
   804   -60
   805   -61
   806   -61
   807   -60
   808   -61
   809   -60
   810   -61
   811   -60
   812   -61
   813   -60
   814   -61
   815   -60
   816   -61
   817   -60
   818   -61
   819   -60
   820   -61
   821   -60
   822   -61
   823   -61
   824   -60
   825   -61
   826   -60
   827   -61
   828   -60
   829   -62
   830   -60
   831   -62
   832   -60
   833   -61
   834   -60
   835   -61
   836   -60
   837   -61
   838   -61
   839   -60
   840   -61
   841   -60
   842   -61
   843   -60
   844   -61
   845   -60
   846   -61
   847   -60
   848   -61
   849   -60
   850   -61
   851   -60
   852   -61
   853   -60
   854   -61
   855   -61
   856   -60
   857   -61
   858   -60
   859   -61
   860   -60
   861   -62
   862   -60
   863   -61
   864   -60
   865   -62
   866   -60
   867   -61
   868   -60
   869   -61
   870   -61
   871   -61
   872   -61
   873   -60
   874   -61
   875   -60
   876   -61
   877   -60
   878   -61
   879   -60
   880   -62
   881   -60
   882   -61
   883   -60
   884   -61
   885   -60
   886   -61
   887   -61
   888   -61
   889   -61
   890   -60
   891   -61
   892   -60
   893   -61
   894   -60
   895   -62
   896   -60
   897   -62
   898   -60
   899   -61
   900   -60
   901   -61
   902   -60
   903   -61
   904   -61
   905   -61
   906   -61
   907   -60
   908   -61
   909   -60
   910   -62
   911   -60
   912   -62
   913   -60
   914   -61
   915   -60
   916   -61
   917   -60
   918   -61
   919   -61
   920   -61
   921   -61
   922   -61
   923   -61
   924   -60
   925   -61
   926   -60
   927   -61
   928   -60
   929   -62
   930   -60
   931   -61
   932   -60
   933   -61
   934   -60
   935   -61
   936   -60
   937   -61
   938   -61
   939   -61
   940   -61
   941   -60
   942   -61
   943   -60
   944   -61
   945   -60
   946   -61
   947   -60
   948   -61
   949   -60
   950   -61
   951   -60
   952   -61
   953   -61
   954   -61
   955   -61
   956   -61
   957   -61
   958   -60
   959   -61
   960   -60
   961   -61
   962   -60
   963   -62
   964   -60
   965   -61
   966   -60
   967   -61
   968   -60
   969   -61
   970   -61
   971   -61
   972   -61
   973   -60
   974   -61
   975   -60
   976   -61
   977   -60
   978   -61
   979   -60
   980   -61
   981   -60
   982   -61
   983   -60
   984   -61
   985   -61
   986   -61
   987   -61
   988   -61
   989   -61
   990   -60
   991   -61
   992   -60
   993   -61
   994   -60
   995   -61
   996   -60
   997   -61
   998   -60
   999   -61
