   0   0
   1   -61
   2   -61
   3   -61
   4   -61
   5   -61
   6   -61
   7   -61
   8   -61
   9   -61
   10   -61
   11   -61
   12   -61
   13   -61
   14   -61
   15   -61
   16   -61
   17   -61
   18   -61
   19   -61
   20   -61
   21   -61
   22   -61
   23   -61
   24   -61
   25   -61
   26   -61
   27   -61
   28   -61
   29   -61
   30   -61
   31   -61
   32   -61
   33   -61
   34   -61
   35   -61
   36   -61
   37   -61
   38   -61
   39   -61
   40   -61
   41   -61
   42   -61
   43   -61
   44   -61
   45   -61
   46   -61
   47   -61
   48   -61
   49   -61
   50   -61
   51   -61
   52   -61
   53   -61
   54   -61
   55   -61
   56   -61
   57   -61
   58   -61
   59   -61
   60   -61
   61   -61
   62   -61
   63   -61
   64   -61
   65   -61
   66   -61
   67   -61
   68   -61
   69   -61
   70   -61
   71   -61
   72   -61
   73   -61
   74   -61
   75   -61
   76   -61
   77   -61
   78   -61
   79   -61
   80   -61
   81   -61
   82   -61
   83   -61
   84   -61
   85   -61
   86   -61
   87   -61
   88   -61
   89   -61
   90   -61
   91   -61
   92   -61
   93   -61
   94   -61
   95   -61
   96   -61
   97   -61
   98   -61
   99   -61
   100   -61
   101   -61
   102   -61
   103   -61
   104   -61
   105   -61
   106   -61
   107   -61
   108   -61
   109   -61
   110   -61
   111   -61
   112   -61
   113   -61
   114   -61
   115   -61
   116   -61
   117   -61
   118   -61
   119   -61
   120   -61
   121   -61
   122   -61
   123   -61
   124   -61
   125   -61
   126   -61
   127   -61
   128   -61
   129   -61
   130   -61
   131   -61
   132   -61
   133   -61
   134   -61
   135   -61
   136   -61
   137   -61
   138   -61
   139   -61
   140   -61
   141   -61
   142   -61
   143   -61
   144   -61
   145   -61
   146   -61
   147   -61
   148   -61
   149   -61
   150   -61
   151   -61
   152   -61
   153   -61
   154   -61
   155   -61
   156   -61
   157   -61
   158   -61
   159   -61
   160   -61
   161   -61
   162   -61
   163   -61
   164   -61
   165   -61
   166   -61
   167   -61
   168   -61
   169   -61
   170   -61
   171   -61
   172   -61
   173   -61
   174   -61
   175   -61
   176   -61
   177   -61
   178   -61
   179   -61
   180   -61
   181   -61
   182   -61
   183   -61
   184   -61
   185   -61
   186   -61
   187   -61
   188   -61
   189   -61
   190   -61
   191   -61
   192   -61
   193   -62
   194   -60
   195   -61
   196   -61
   197   -61
   198   -61
   199   -61
   200   -62
   201   -58
   202   -12
   203   63
   204   73
   205   60
   206   45
   207   42
   208   40
   209   44
   210   44
   211   47
   212   44
   213   46
   214   44
   215   47
   216   46
   217   47
   218   46
   219   47
   220   46
   221   47
   222   47
   223   48
   224   47
   225   47
   226   47
   227   48
   228   48
   229   48
   230   48
   231   48
   232   48
   233   48
   234   49
   235   48
   236   48
   237   48
   238   49
   239   49
   240   50
   241   49
   242   48
   243   48
   244   48
   245   49
   246   49
   247   49
   248   49
   249   49
   250   49
   251   50
   252   49
   253   49
   254   49
   255   49
   256   49
   257   50
   258   49
   259   50
   260   49
   261   50
   262   50
   263   50
   264   50
   265   49
   266   50
   267   49
   268   50
   269   50
   270   50
   271   50
   272   50
   273   50
   274   50
   275   50
   276   50
   277   50
   278   50
   279   50
   280   50
   281   50
   282   50
   283   51
   284   50
   285   51
   286   50
   287   51
   288   50
   289   51
   290   50
   291   51
   292   51
   293   51
   294   51
   295   51
   296   51
   297   51
   298   51
   299   51
   300   51
   301   51
   302   51
   303   51
   304   52
   305   51
   306   52
   307   51
   308   51
   309   52
   310   52
   311   52
   312   51
   313   52
   314   51
   315   52
   316   51
   317   52
   318   52
   319   52
   320   51
   321   52
   322   51
   323   52
   324   52
   325   52
   326   52
   327   52
   328   52
   329   52
   330   52
   331   52
   332   52
   333   52
   334   53
   335   52
   336   52
   337   52
   338   53
   339   52
   340   52
   341   52
   342   53
   343   52
   344   53
   345   52
   346   52
   347   52
   348   52
   349   52
   350   52
   351   53
   352   52
   353   53
   354   52
   355   53
   356   52
   357   53
   358   52
   359   53
   360   53
   361   52
   362   52
   363   53
   364   53
   365   52
   366   52
   367   52
   368   52
   369   52
   370   52
   371   51
   372   51
   373   51
   374   50
   375   50
   376   49
   377   49
   378   48
   379   47
   380   46
   381   46
   382   44
   383   44
   384   42
   385   42
   386   40
   387   38
   388   36
   389   35
   390   33
   391   32
   392   30
   393   28
   394   26
   395   24
   396   22
   397   19
   398   17
   399   14
   400   13
   401   9
   402   8
   403   4
   404   3
   405   0
   406   -2
   407   -5
   408   -7
   409   -10
   410   -12
   411   -15
   412   -17
   413   -19
   414   -22
   415   -24
   416   -26
   417   -28
   418   -30
   419   -31
   420   -33
   421   -35
   422   -37
   423   -39
   424   -40
   425   -41
   426   -43
   427   -44
   428   -45
   429   -46
   430   -47
   431   -48
   432   -49
   433   -50
   434   -50
   435   -51
   436   -52
   437   -53
   438   -53
   439   -54
   440   -54
   441   -55
   442   -55
   443   -55
   444   -56
   445   -56
   446   -56
   447   -56
   448   -57
   449   -57
   450   -57
   451   -57
   452   -57
   453   -57
   454   -58
   455   -57
   456   -58
   457   -57
   458   -58
   459   -58
   460   -58
   461   -58
   462   -58
   463   -58
   464   -58
   465   -58
   466   -58
   467   -58
   468   -58
   469   -58
   470   -58
   471   -59
   472   -58
   473   -58
   474   -58
   475   -58
   476   -58
   477   -58
   478   -58
   479   -58
   480   -58
   481   -58
   482   -58
   483   -58
   484   -59
   485   -58
   486   -59
   487   -58
   488   -58
   489   -58
   490   -59
   491   -58
   492   -58
   493   -58
   494   -58
   495   -59
   496   -58
   497   -59
   498   -58
   499   -59
   500   -58
   501   -59
   502   -58
   503   -59
   504   -58
   505   -59
   506   -58
   507   -59
   508   -58
   509   -58
   510   -59
   511   -59
   512   -59
   513   -58
   514   -59
   515   -58
   516   -59
   517   -58
   518   -59
   519   -58
   520   -59
   521   -59
   522   -59
   523   -59
   524   -59
   525   -59
   526   -59
   527   -59
   528   -59
   529   -59
   530   -59
   531   -59
   532   -59
   533   -59
   534   -59
   535   -59
   536   -58
   537   -59
   538   -59
   539   -59
   540   -59
   541   -59
   542   -59
   543   -59
   544   -59
   545   -59
   546   -59
   547   -59
   548   -59
   549   -59
   550   -59
   551   -59
   552   -59
   553   -59
   554   -59
   555   -59
   556   -59
   557   -59
   558   -59
   559   -59
   560   -59
   561   -59
   562   -59
   563   -59
   564   -59
   565   -59
   566   -59
   567   -59
   568   -59
   569   -59
   570   -59
   571   -60
   572   -59
   573   -59
   574   -59
   575   -59
   576   -59
   577   -59
   578   -59
   579   -59
   580   -59
   581   -59
   582   -60
   583   -59
   584   -60
   585   -59
   586   -60
   587   -59
   588   -59
   589   -59
   590   -60
   591   -59
   592   -59
   593   -59
   594   -59
   595   -60
   596   -59
   597   -59
   598   -59
   599   -60
   600   -59
   601   -60
   602   -59
   603   -60
   604   -59
   605   -60
   606   -59
   607   -59
   608   -59
   609   -59
   610   -59
   611   -59
   612   -60
   613   -59
   614   -59
   615   -59
   616   -60
   617   -59
   618   -60
   619   -59
   620   -60
   621   -59
   622   -59
   623   -59
   624   -60
   625   -60
   626   -59
   627   -60
   628   -59
   629   -60
   630   -59
   631   -60
   632   -59
   633   -60
   634   -59
   635   -60
   636   -59
   637   -60
   638   -59
   639   -60
   640   -60
   641   -60
   642   -60
   643   -59
   644   -60
   645   -59
   646   -60
   647   -59
   648   -60
   649   -59
   650   -60
   651   -59
   652   -60
   653   -59
   654   -60
   655   -59
   656   -60
   657   -59
   658   -60
   659   -59
   660   -60
   661   -60
   662   -59
   663   -60
   664   -59
   665   -60
   666   -59
   667   -60
   668   -60
   669   -60
   670   -59
   671   -60
   672   -59
   673   -60
   674   -60
   675   -60
   676   -60
   677   -59
   678   -60
   679   -60
   680   -60
   681   -60
   682   -60
   683   -60
   684   -60
   685   -60
   686   -60
   687   -59
   688   -60
   689   -60
   690   -60
   691   -60
   692   -60
   693   -60
   694   -59
   695   -60
   696   -60
   697   -60
   698   -60
   699   -60
   700   -60
   701   -60
   702   -60
   703   -60
   704   -60
   705   -60
   706   -60
   707   -60
   708   -60
   709   -60
   710   -60
   711   -60
   712   -60
   713   -59
   714   -60
   715   -60
   716   -60
   717   -60
   718   -60
   719   -60
   720   -60
   721   -60
   722   -60
   723   -60
   724   -60
   725   -60
   726   -60
   727   -60
   728   -60
   729   -60
   730   -59
   731   -60
   732   -60
   733   -60
   734   -59
   735   -60
   736   -60
   737   -60
   738   -60
   739   -60
   740   -60
   741   -60
   742   -60
   743   -60
   744   -60
   745   -60
   746   -60
   747   -60
   748   -60
   749   -60
   750   -60
   751   -60
   752   -60
   753   -60
   754   -60
   755   -60
   756   -60
   757   -60
   758   -60
   759   -60
   760   -60
   761   -60
   762   -60
   763   -61
   764   -59
   765   -60
   766   -59
   767   -61
   768   -60
   769   -60
   770   -60
   771   -60
   772   -60
   773   -60
   774   -60
   775   -60
   776   -60
   777   -60
   778   -60
   779   -60
   780   -60
   781   -59
   782   -60
   783   -60
   784   -60
   785   -60
   786   -60
   787   -60
   788   -60
   789   -60
   790   -60
   791   -60
   792   -60
   793   -60
   794   -60
   795   -60
   796   -60
   797   -60
   798   -60
   799   -61
   800   -60
   801   -60
   802   -60
   803   -60
   804   -60
   805   -60
   806   -60
   807   -60
   808   -60
   809   -60
   810   -60
   811   -60
   812   -60
   813   -60
   814   -60
   815   -60
   816   -60
   817   -60
   818   -60
   819   -60
   820   -60
   821   -60
   822   -60
   823   -60
   824   -60
   825   -60
   826   -60
   827   -60
   828   -60
   829   -61
   830   -60
   831   -61
   832   -60
   833   -60
   834   -60
   835   -60
   836   -60
   837   -60
   838   -60
   839   -60
   840   -60
   841   -60
   842   -60
   843   -60
   844   -60
   845   -60
   846   -60
   847   -60
   848   -61
   849   -60
   850   -60
   851   -60
   852   -60
   853   -60
   854   -60
   855   -60
   856   -60
   857   -60
   858   -60
   859   -60
   860   -60
   861   -60
   862   -60
   863   -60
   864   -60
   865   -60
   866   -60
   867   -61
   868   -60
   869   -61
   870   -60
   871   -60
   872   -60
   873   -60
   874   -60
   875   -60
   876   -60
   877   -60
   878   -61
   879   -60
   880   -61
   881   -60
   882   -61
   883   -60
   884   -60
   885   -60
   886   -61
   887   -60
   888   -60
   889   -60
   890   -60
   891   -61
   892   -60
   893   -60
   894   -60
   895   -61
   896   -60
   897   -61
   898   -60
   899   -61
   900   -60
   901   -61
   902   -60
   903   -60
   904   -60
   905   -60
   906   -60
   907   -60
   908   -61
   909   -60
   910   -61
   911   -60
   912   -61
   913   -60
   914   -61
   915   -60
   916   -61
   917   -60
   918   -60
   919   -60
   920   -61
   921   -60
   922   -60
   923   -60
   924   -60
   925   -60
   926   -60
   927   -61
   928   -60
   929   -60
   930   -60
   931   -61
   932   -60
   933   -60
   934   -60
   935   -61
   936   -60
   937   -60
   938   -60
   939   -60
   940   -60
   941   -60
   942   -60
   943   -60
   944   -60
   945   -60
   946   -61
   947   -60
   948   -61
   949   -60
   950   -61
   951   -60
   952   -60
   953   -60
   954   -60
   955   -60
   956   -60
   957   -61
   958   -60
   959   -61
   960   -60
   961   -60
   962   -60
   963   -61
   964   -60
   965   -61
   966   -60
   967   -61
   968   -60
   969   -60
   970   -60
   971   -60
   972   -60
   973   -60
   974   -60
   975   -60
   976   -61
   977   -60
   978   -61
   979   -60
   980   -61
   981   -60
   982   -61
   983   -60
   984   -61
   985   -60
   986   -60
   987   -60
   988   -60
   989   -60
   990   -60
   991   -61
   992   -60
   993   -61
   994   -60
   995   -61
   996   -60
   997   -61
   998   -60
   999   -61
