   0   0
   1   -66
   2   -67
   3   -67
   4   -66
   5   -67
   6   -67
   7   -67
   8   -68
   9   -68
   10   -69
   11   -68
   12   -68
   13   -68
   14   -68
   15   -67
   16   -67
   17   -67
   18   -67
   19   -67
   20   -67
   21   -67
   22   -67
   23   -67
   24   -68
   25   -68
   26   -68
   27   -68
   28   -68
   29   -67
   30   -68
   31   -67
   32   -67
   33   -67
   34   -67
   35   -66
   36   -67
   37   -67
   38   -67
   39   -67
   40   -68
   41   -67
   42   -68
   43   -68
   44   -68
   45   -68
   46   -68
   47   -68
   48   -68
   49   -67
   50   -67
   51   -67
   52   -67
   53   -68
   54   -67
   55   -67
   56   -68
   57   -68
   58   -68
   59   -68
   60   -68
   61   -68
   62   -68
   63   -67
   64   -67
   65   -68
   66   -66
   67   -66
   68   -67
   69   -66
   70   -67
   71   -67
   72   -67
   73   -67
   74   -68
   75   -68
   76   -68
   77   -68
   78   -68
   79   -67
   80   -68
   81   -68
   82   -67
   83   -67
   84   -67
   85   -67
   86   -67
   87   -67
   88   -67
   89   -68
   90   -67
   91   -68
   92   -68
   93   -68
   94   -68
   95   -67
   96   -68
   97   -67
   98   -67
   99   -66
   100   -67
   101   -67
   102   -66
   103   -67
   104   -67
   105   -68
   106   -68
   107   -67
   108   -68
   109   -68
   110   -68
   111   -68
   112   -68
   113   -67
   114   -67
   115   -67
   116   -67
   117   -67
   118   -67
   119   -68
   120   -67
   121   -68
   122   -68
   123   -68
   124   -68
   125   -68
   126   -68
   127   -68
   128   -68
   129   -67
   130   -67
   131   -67
   132   -66
   133   -66
   134   -67
   135   -67
   136   -67
   137   -67
   138   -67
   139   -68
   140   -67
   141   -68
   142   -67
   143   -68
   144   -68
   145   -67
   146   -67
   147   -67
   148   -67
   149   -67
   150   -67
   151   -67
   152   -67
   153   -68
   154   -68
   155   -67
   156   -68
   157   -68
   158   -68
   159   -68
   160   -68
   161   -67
   162   -67
   163   -67
   164   -67
   165   -66
   166   -67
   167   -67
   168   -67
   169   -67
   170   -67
   171   -68
   172   -68
   173   -68
   174   -68
   175   -67
   176   -68
   177   -68
   178   -67
   179   -67
   180   -67
   181   -67
   182   -66
   183   -67
   184   -68
   185   -67
   186   -67
   187   -68
   188   -68
   189   -68
   190   -68
   191   -68
   192   -68
   193   -69
   194   -67
   195   -67
   196   -67
   197   -67
   198   -66
   199   -67
   200   -67
   201   -35
   202   66
   203   53
   204   48
   205   52
   206   54
   207   54
   208   56
   209   57
   210   57
   211   58
   212   60
   213   59
   214   60
   215   60
   216   60
   217   61
   218   60
   219   59
   220   61
   221   60
   222   58
   223   60
   224   60
   225   60
   226   60
   227   61
   228   60
   229   60
   230   60
   231   60
   232   61
   233   60
   234   59
   235   60
   236   59
   237   59
   238   59
   239   58
   240   58
   241   59
   242   59
   243   59
   244   59
   245   59
   246   58
   247   59
   248   58
   249   58
   250   57
   251   57
   252   57
   253   56
   254   56
   255   56
   256   56
   257   55
   258   56
   259   56
   260   56
   261   56
   262   56
   263   56
   264   56
   265   55
   266   55
   267   55
   268   54
   269   54
   270   54
   271   54
   272   54
   273   53
   274   53
   275   54
   276   54
   277   54
   278   53
   279   54
   280   54
   281   53
   282   53
   283   52
   284   52
   285   51
   286   51
   287   51
   288   51
   289   50
   290   51
   291   50
   292   51
   293   51
   294   51
   295   51
   296   51
   297   50
   298   50
   299   50
   300   50
   301   50
   302   49
   303   49
   304   49
   305   48
   306   49
   307   49
   308   49
   309   49
   310   48
   311   48
   312   47
   313   45
   314   43
   315   42
   316   39
   317   36
   318   33
   319   29
   320   25
   321   20
   322   16
   323   10
   324   6
   325   1
   326   -4
   327   -10
   328   -15
   329   -19
   330   -24
   331   -29
   332   -34
   333   -39
   334   -43
   335   -47
   336   -50
   337   -52
   338   -55
   339   -58
   340   -58
   341   -61
   342   -61
   343   -62
   344   -63
   345   -64
   346   -64
   347   -65
   348   -65
   349   -66
   350   -66
   351   -66
   352   -67
   353   -67
   354   -66
   355   -67
   356   -68
   357   -66
   358   -66
   359   -66
   360   -66
   361   -66
   362   -66
   363   -66
   364   -67
   365   -67
   366   -67
   367   -67
   368   -67
   369   -67
   370   -67
   371   -67
   372   -67
   373   -66
   374   -66
   375   -66
   376   -66
   377   -66
   378   -66
   379   -65
   380   -66
   381   -67
   382   -67
   383   -66
   384   -67
   385   -67
   386   -68
   387   -67
   388   -67
   389   -67
   390   -67
   391   -66
   392   -66
   393   -66
   394   -66
   395   -67
   396   -67
   397   -67
   398   -67
   399   -68
   400   -67
   401   -67
   402   -67
   403   -68
   404   -67
   405   -67
   406   -67
   407   -66
   408   -66
   409   -66
   410   -65
   411   -66
   412   -66
   413   -66
   414   -66
   415   -67
   416   -67
   417   -67
   418   -68
   419   -67
   420   -68
   421   -67
   422   -67
   423   -67
   424   -66
   425   -66
   426   -66
   427   -66
   428   -66
   429   -67
   430   -67
   431   -67
   432   -68
   433   -68
   434   -68
   435   -68
   436   -68
   437   -67
   438   -67
   439   -66
   440   -66
   441   -66
   442   -66
   443   -66
   444   -66
   445   -66
   446   -66
   447   -67
   448   -67
   449   -67
   450   -68
   451   -68
   452   -68
   453   -67
   454   -67
   455   -67
   456   -67
   457   -66
   458   -66
   459   -66
   460   -66
   461   -67
   462   -67
   463   -67
   464   -67
   465   -68
   466   -68
   467   -68
   468   -68
   469   -68
   470   -67
   471   -67
   472   -67
   473   -67
   474   -66
   475   -66
   476   -66
   477   -66
   478   -67
   479   -67
   480   -67
   481   -68
   482   -67
   483   -68
   484   -68
   485   -68
   486   -67
   487   -67
   488   -67
   489   -66
   490   -66
   491   -66
   492   -66
   493   -66
   494   -67
   495   -67
   496   -67
   497   -68
   498   -68
   499   -68
   500   -68
   501   -68
   502   -68
   503   -68
   504   -67
   505   -67
   506   -66
   507   -66
   508   -66
   509   -66
   510   -66
   511   -67
   512   -67
   513   -67
   514   -68
   515   -68
   516   -68
   517   -67
   518   -68
   519   -68
   520   -67
   521   -66
   522   -66
   523   -66
   524   -66
   525   -66
   526   -66
   527   -66
   528   -67
   529   -67
   530   -68
   531   -68
   532   -68
   533   -69
   534   -68
   535   -68
   536   -67
   537   -67
   538   -67
   539   -67
   540   -66
   541   -66
   542   -66
   543   -66
   544   -66
   545   -67
   546   -67
   547   -68
   548   -68
   549   -69
   550   -68
   551   -68
   552   -67
   553   -67
   554   -67
   555   -66
   556   -66
   557   -66
   558   -66
   559   -66
   560   -66
   561   -67
   562   -67
   563   -67
   564   -68
   565   -68
   566   -68
   567   -68
   568   -68
   569   -67
   570   -67
   571   -67
   572   -65
   573   -66
   574   -66
   575   -66
   576   -66
   577   -66
   578   -67
   579   -67
   580   -68
   581   -68
   582   -68
   583   -68
   584   -68
   585   -67
   586   -67
   587   -66
   588   -66
   589   -66
   590   -66
   591   -66
   592   -66
   593   -67
   594   -67
   595   -68
   596   -68
   597   -68
   598   -69
   599   -68
   600   -68
   601   -68
   602   -68
   603   -67
   604   -66
   605   -66
   606   -66
   607   -66
   608   -66
   609   -66
   610   -67
   611   -67
   612   -67
   613   -67
   614   -68
   615   -68
   616   -68
   617   -68
   618   -67
   619   -67
   620   -67
   621   -66
   622   -65
   623   -66
   624   -66
   625   -67
   626   -67
   627   -67
   628   -68
   629   -68
   630   -68
   631   -69
   632   -69
   633   -68
   634   -68
   635   -68
   636   -66
   637   -66
   638   -66
   639   -66
   640   -66
   641   -66
   642   -66
   643   -66
   644   -67
   645   -68
   646   -68
   647   -68
   648   -68
   649   -68
   650   -67
   651   -67
   652   -67
   653   -67
   654   -66
   655   -65
   656   -65
   657   -66
   658   -66
   659   -66
   660   -67
   661   -67
   662   -68
   663   -69
   664   -68
   665   -69
   666   -68
   667   -68
   668   -67
   669   -67
   670   -66
   671   -66
   672   -66
   673   -65
   674   -65
   675   -67
   676   -67
   677   -67
   678   -68
   679   -68
   680   -68
   681   -68
   682   -68
   683   -68
   684   -67
   685   -67
   686   -65
   687   -66
   688   -65
   689   -65
   690   -65
   691   -66
   692   -66
   693   -67
   694   -68
   695   -68
   696   -69
   697   -69
   698   -69
   699   -69
   700   -68
   701   -67
   702   -67
   703   -67
   704   -66
   705   -66
   706   -66
   707   -66
   708   -66
   709   -67
   710   -68
   711   -68
   712   -68
   713   -68
   714   -69
   715   -68
   716   -68
   717   -68
   718   -66
   719   -66
   720   -65
   721   -66
   722   -65
   723   -65
   724   -66
   725   -66
   726   -67
   727   -68
   728   -68
   729   -69
   730   -69
   731   -69
   732   -69
   733   -68
   734   -67
   735   -67
   736   -66
   737   -66
   738   -65
   739   -66
   740   -66
   741   -67
   742   -67
   743   -69
   744   -69
   745   -69
   746   -69
   747   -68
   748   -68
   749   -67
   750   -67
   751   -66
   752   -66
   753   -65
   754   -65
   755   -65
   756   -65
   757   -66
   758   -67
   759   -67
   760   -68
   761   -68
   762   -68
   763   -69
   764   -69
   765   -68
   766   -67
   767   -67
   768   -66
   769   -66
   770   -66
   771   -65
   772   -66
   773   -66
   774   -66
   775   -67
   776   -68
   777   -69
   778   -69
   779   -69
   780   -69
   781   -68
   782   -67
   783   -68
   784   -66
   785   -65
   786   -65
   787   -65
   788   -65
   789   -65
   790   -65
   791   -66
   792   -67
   793   -68
   794   -68
   795   -68
   796   -69
   797   -69
   798   -68
   799   -67
   800   -66
   801   -67
   802   -66
   803   -65
   804   -66
   805   -65
   806   -66
   807   -67
   808   -67
   809   -68
   810   -69
   811   -69
   812   -69
   813   -69
   814   -68
   815   -68
   816   -68
   817   -66
   818   -65
   819   -65
   820   -65
   821   -65
   822   -65
   823   -66
   824   -67
   825   -67
   826   -68
   827   -68
   828   -69
   829   -68
   830   -68
   831   -68
   832   -67
   833   -67
   834   -66
   835   -66
   836   -65
   837   -65
   838   -65
   839   -66
   840   -66
   841   -68
   842   -69
   843   -69
   844   -69
   845   -69
   846   -69
   847   -69
   848   -68
   849   -67
   850   -66
   851   -66
   852   -65
   853   -65
   854   -66
   855   -66
   856   -66
   857   -67
   858   -68
   859   -68
   860   -69
   861   -69
   862   -68
   863   -69
   864   -68
   865   -67
   866   -66
   867   -65
   868   -65
   869   -65
   870   -65
   871   -66
   872   -66
   873   -67
   874   -67
   875   -69
   876   -69
   877   -69
   878   -69
   879   -70
   880   -68
   881   -68
   882   -67
   883   -65
   884   -65
   885   -65
   886   -65
   887   -65
   888   -66
   889   -66
   890   -67
   891   -67
   892   -68
   893   -68
   894   -69
   895   -68
   896   -69
   897   -67
   898   -66
   899   -66
   900   -66
   901   -65
   902   -65
   903   -65
   904   -66
   905   -66
   906   -66
   907   -68
   908   -69
   909   -69
   910   -69
   911   -69
   912   -69
   913   -68
   914   -67
   915   -67
   916   -66
   917   -65
   918   -65
   919   -64
   920   -65
   921   -65
   922   -67
   923   -67
   924   -68
   925   -68
   926   -69
   927   -69
   928   -69
   929   -69
   930   -67
   931   -67
   932   -66
   933   -65
   934   -65
   935   -65
   936   -65
   937   -66
   938   -66
   939   -67
   940   -67
   941   -68
   942   -69
   943   -70
   944   -69
   945   -69
   946   -68
   947   -68
   948   -67
   949   -66
   950   -66
   951   -65
   952   -65
   953   -65
   954   -66
   955   -67
   956   -67
   957   -68
   958   -68
   959   -69
   960   -69
   961   -69
   962   -68
   963   -68
   964   -67
   965   -66
   966   -66
   967   -65
   968   -65
   969   -65
   970   -66
   971   -67
   972   -68
   973   -68
   974   -68
   975   -69
   976   -69
   977   -68
   978   -69
   979   -68
   980   -67
   981   -66
   982   -66
   983   -65
   984   -65
   985   -66
   986   -65
   987   -66
   988   -67
   989   -68
   990   -68
   991   -69
   992   -70
   993   -69
   994   -68
   995   -68
   996   -68
   997   -66
   998   -66
   999   -66
