   0   0
   1   -60
   2   -62
   3   -60
   4   -62
   5   -61
   6   -62
   7   -61
   8   -61
   9   -61
   10   -61
   11   -62
   12   -61
   13   -62
   14   -61
   15   -62
   16   -61
   17   -62
   18   -60
   19   -62
   20   -61
   21   -62
   22   -61
   23   -61
   24   -61
   25   -61
   26   -62
   27   -61
   28   -62
   29   -60
   30   -62
   31   -60
   32   -62
   33   -61
   34   -63
   35   -60
   36   -62
   37   -61
   38   -62
   39   -61
   40   -61
   41   -61
   42   -61
   43   -62
   44   -61
   45   -62
   46   -61
   47   -62
   48   -60
   49   -62
   50   -61
   51   -62
   52   -61
   53   -62
   54   -60
   55   -62
   56   -61
   57   -61
   58   -61
   59   -61
   60   -61
   61   -61
   62   -62
   63   -61
   64   -62
   65   -61
   66   -62
   67   -61
   68   -62
   69   -61
   70   -62
   71   -61
   72   -62
   73   -61
   74   -61
   75   -61
   76   -61
   77   -61
   78   -61
   79   -61
   80   -60
   81   -62
   82   -61
   83   -62
   84   -60
   85   -62
   86   -61
   87   -62
   88   -61
   89   -61
   90   -61
   91   -61
   92   -61
   93   -61
   94   -62
   95   -61
   96   -62
   97   -60
   98   -62
   99   -60
   100   -62
   101   -60
   102   -62
   103   -61
   104   -62
   105   -61
   106   -62
   107   -61
   108   -61
   109   -62
   110   -61
   111   -62
   112   -60
   113   -61
   114   -60
   115   -62
   116   -60
   117   -62
   118   -61
   119   -62
   120   -61
   121   -62
   122   -61
   123   -61
   124   -61
   125   -61
   126   -61
   127   -61
   128   -62
   129   -61
   130   -61
   131   -61
   132   -62
   133   -61
   134   -62
   135   -61
   136   -62
   137   -61
   138   -61
   139   -61
   140   -61
   141   -61
   142   -61
   143   -62
   144   -61
   145   -62
   146   -61
   147   -62
   148   -61
   149   -62
   150   -60
   151   -62
   152   -61
   153   -62
   154   -61
   155   -61
   156   -61
   157   -61
   158   -61
   159   -61
   160   -62
   161   -61
   162   -62
   163   -60
   164   -62
   165   -60
   166   -62
   167   -61
   168   -62
   169   -61
   170   -61
   171   -61
   172   -61
   173   -61
   174   -61
   175   -61
   176   -61
   177   -61
   178   -61
   179   -62
   180   -61
   181   -62
   182   -61
   183   -62
   184   -60
   185   -62
   186   -61
   187   -61
   188   -60
   189   -61
   190   -61
   191   -61
   192   -61
   193   -61
   194   -61
   195   -61
   196   -62
   197   -61
   198   -62
   199   -60
   200   -63
   201   -59
   202   -38
   203   15
   204   44
   205   50
   206   46
   207   41
   208   40
   209   39
   210   41
   211   41
   212   42
   213   40
   214   41
   215   40
   216   42
   217   41
   218   41
   219   41
   220   41
   221   40
   222   40
   223   42
   224   40
   225   41
   226   40
   227   41
   228   40
   229   42
   230   40
   231   42
   232   39
   233   41
   234   40
   235   41
   236   40
   237   40
   238   40
   239   41
   240   41
   241   40
   242   41
   243   39
   244   40
   245   39
   246   41
   247   39
   248   41
   249   39
   250   40
   251   39
   252   40
   253   40
   254   40
   255   39
   256   39
   257   40
   258   39
   259   40
   260   39
   261   40
   262   39
   263   40
   264   39
   265   40
   266   39
   267   39
   268   39
   269   39
   270   39
   271   39
   272   39
   273   38
   274   39
   275   38
   276   39
   277   38
   278   39
   279   37
   280   39
   281   38
   282   39
   283   38
   284   39
   285   38
   286   38
   287   38
   288   38
   289   39
   290   37
   291   38
   292   37
   293   39
   294   37
   295   39
   296   37
   297   39
   298   37
   299   38
   300   37
   301   38
   302   37
   303   38
   304   37
   305   38
   306   38
   307   37
   308   38
   309   37
   310   38
   311   37
   312   38
   313   36
   314   37
   315   36
   316   37
   317   37
   318   37
   319   37
   320   37
   321   37
   322   36
   323   37
   324   36
   325   37
   326   36
   327   37
   328   36
   329   37
   330   36
   331   36
   332   36
   333   36
   334   36
   335   36
   336   36
   337   35
   338   36
   339   35
   340   36
   341   35
   342   36
   343   35
   344   36
   345   35
   346   36
   347   34
   348   36
   349   35
   350   36
   351   35
   352   35
   353   35
   354   35
   355   35
   356   34
   357   35
   358   34
   359   35
   360   34
   361   35
   362   34
   363   35
   364   34
   365   35
   366   34
   367   34
   368   34
   369   34
   370   34
   371   34
   372   34
   373   33
   374   34
   375   33
   376   34
   377   33
   378   34
   379   33
   380   33
   381   33
   382   33
   383   33
   384   33
   385   33
   386   32
   387   32
   388   31
   389   32
   390   30
   391   30
   392   27
   393   26
   394   23
   395   21
   396   17
   397   14
   398   9
   399   4
   400   -2
   401   -8
   402   -13
   403   -19
   404   -24
   405   -31
   406   -34
   407   -40
   408   -43
   409   -48
   410   -49
   411   -53
   412   -53
   413   -56
   414   -56
   415   -58
   416   -58
   417   -59
   418   -59
   419   -59
   420   -59
   421   -59
   422   -60
   423   -59
   424   -61
   425   -59
   426   -60
   427   -59
   428   -61
   429   -60
   430   -61
   431   -60
   432   -60
   433   -60
   434   -60
   435   -60
   436   -60
   437   -60
   438   -60
   439   -61
   440   -60
   441   -60
   442   -60
   443   -61
   444   -60
   445   -61
   446   -60
   447   -60
   448   -60
   449   -60
   450   -60
   451   -60
   452   -61
   453   -60
   454   -61
   455   -59
   456   -61
   457   -59
   458   -61
   459   -60
   460   -61
   461   -60
   462   -61
   463   -60
   464   -61
   465   -60
   466   -60
   467   -60
   468   -60
   469   -61
   470   -60
   471   -61
   472   -60
   473   -61
   474   -60
   475   -61
   476   -60
   477   -61
   478   -60
   479   -61
   480   -60
   481   -61
   482   -60
   483   -61
   484   -60
   485   -60
   486   -61
   487   -60
   488   -61
   489   -60
   490   -61
   491   -60
   492   -61
   493   -60
   494   -61
   495   -60
   496   -61
   497   -60
   498   -61
   499   -61
   500   -60
   501   -61
   502   -60
   503   -61
   504   -60
   505   -61
   506   -60
   507   -61
   508   -60
   509   -61
   510   -60
   511   -61
   512   -60
   513   -61
   514   -61
   515   -61
   516   -61
   517   -60
   518   -61
   519   -60
   520   -61
   521   -60
   522   -62
   523   -60
   524   -62
   525   -60
   526   -62
   527   -60
   528   -61
   529   -60
   530   -61
   531   -61
   532   -61
   533   -61
   534   -60
   535   -61
   536   -60
   537   -61
   538   -60
   539   -62
   540   -60
   541   -61
   542   -60
   543   -62
   544   -60
   545   -61
   546   -60
   547   -61
   548   -60
   549   -61
   550   -61
   551   -61
   552   -61
   553   -61
   554   -61
   555   -60
   556   -61
   557   -60
   558   -61
   559   -60
   560   -62
   561   -61
   562   -61
   563   -61
   564   -61
   565   -61
   566   -60
   567   -61
   568   -60
   569   -62
   570   -60
   571   -61
   572   -60
   573   -62
   574   -61
   575   -62
   576   -60
   577   -61
   578   -61
   579   -61
   580   -61
   581   -61
   582   -61
   583   -61
   584   -61
   585   -60
   586   -62
   587   -60
   588   -62
   589   -60
   590   -62
   591   -60
   592   -62
   593   -60
   594   -62
   595   -61
   596   -61
   597   -61
   598   -61
   599   -61
   600   -61
   601   -61
   602   -60
   603   -61
   604   -60
   605   -62
   606   -60
   607   -61
   608   -60
   609   -61
   610   -60
   611   -61
   612   -60
   613   -61
   614   -61
   615   -61
   616   -61
   617   -61
   618   -61
   619   -61
   620   -61
   621   -61
   622   -62
   623   -60
   624   -61
   625   -60
   626   -61
   627   -61
   628   -61
   629   -61
   630   -61
   631   -61
   632   -61
   633   -61
   634   -60
   635   -61
   636   -60
   637   -61
   638   -60
   639   -62
   640   -61
   641   -62
   642   -60
   643   -61
   644   -60
   645   -61
   646   -61
   647   -61
   648   -61
   649   -61
   650   -61
   651   -61
   652   -62
   653   -60
   654   -61
   655   -60
   656   -62
   657   -61
   658   -61
   659   -60
   660   -61
   661   -61
   662   -61
   663   -61
   664   -61
   665   -61
   666   -60
   667   -62
   668   -61
   669   -61
   670   -60
   671   -62
   672   -60
   673   -62
   674   -61
   675   -62
   676   -61
   677   -61
   678   -60
   679   -61
   680   -61
   681   -61
   682   -61
   683   -60
   684   -61
   685   -60
   686   -61
   687   -60
   688   -62
   689   -61
   690   -61
   691   -60
   692   -61
   693   -61
   694   -61
   695   -61
   696   -61
   697   -61
   698   -61
   699   -62
   700   -61
   701   -61
   702   -60
   703   -62
   704   -60
   705   -61
   706   -60
   707   -62
   708   -61
   709   -61
   710   -61
   711   -61
   712   -61
   713   -61
   714   -61
   715   -60
   716   -62
   717   -61
   718   -62
   719   -60
   720   -61
   721   -60
   722   -61
   723   -61
   724   -62
   725   -61
   726   -61
   727   -61
   728   -61
   729   -61
   730   -61
   731   -61
   732   -60
   733   -62
   734   -60
   735   -62
   736   -60
   737   -61
   738   -60
   739   -62
   740   -60
   741   -61
   742   -61
   743   -61
   744   -61
   745   -61
   746   -61
   747   -61
   748   -61
   749   -61
   750   -62
   751   -60
   752   -61
   753   -60
   754   -62
   755   -60
   756   -61
   757   -61
   758   -61
   759   -61
   760   -61
   761   -61
   762   -61
   763   -62
   764   -60
   765   -62
   766   -60
   767   -62
   768   -60
   769   -62
   770   -61
   771   -62
   772   -60
   773   -61
   774   -61
   775   -61
   776   -61
   777   -61
   778   -61
   779   -61
   780   -62
   781   -60
   782   -62
   783   -60
   784   -62
   785   -61
   786   -62
   787   -60
   788   -62
   789   -61
   790   -61
   791   -61
   792   -61
   793   -61
   794   -61
   795   -61
   796   -61
   797   -62
   798   -60
   799   -62
   800   -60
   801   -62
   802   -60
   803   -62
   804   -60
   805   -61
   806   -60
   807   -62
   808   -61
   809   -61
   810   -61
   811   -61
   812   -61
   813   -61
   814   -61
   815   -60
   816   -62
   817   -61
   818   -61
   819   -60
   820   -62
   821   -61
   822   -62
   823   -61
   824   -61
   825   -61
   826   -61
   827   -61
   828   -61
   829   -61
   830   -60
   831   -62
   832   -60
   833   -62
   834   -60
   835   -62
   836   -60
   837   -62
   838   -61
   839   -62
   840   -61
   841   -61
   842   -61
   843   -61
   844   -61
   845   -61
   846   -61
   847   -61
   848   -62
   849   -60
   850   -62
   851   -60
   852   -62
   853   -60
   854   -62
   855   -60
   856   -61
   857   -61
   858   -62
   859   -61
   860   -61
   861   -61
   862   -61
   863   -61
   864   -60
   865   -62
   866   -60
   867   -62
   868   -60
   869   -62
   870   -60
   871   -61
   872   -60
   873   -61
   874   -61
   875   -61
   876   -61
   877   -61
   878   -61
   879   -61
   880   -62
   881   -61
   882   -62
   883   -61
   884   -61
   885   -60
   886   -61
   887   -60
   888   -61
   889   -61
   890   -61
   891   -61
   892   -61
   893   -61
   894   -61
   895   -61
   896   -61
   897   -62
   898   -60
   899   -62
   900   -61
   901   -62
   902   -60
   903   -61
   904   -61
   905   -61
   906   -61
   907   -61
   908   -61
   909   -61
   910   -61
   911   -61
   912   -61
   913   -60
   914   -62
   915   -61
   916   -62
   917   -60
   918   -62
   919   -60
   920   -62
   921   -61
   922   -61
   923   -61
   924   -61
   925   -61
   926   -61
   927   -61
   928   -61
   929   -61
   930   -61
   931   -62
   932   -60
   933   -61
   934   -60
   935   -62
   936   -60
   937   -62
   938   -61
   939   -61
   940   -61
   941   -61
   942   -61
   943   -60
   944   -61
   945   -61
   946   -62
   947   -61
   948   -62
   949   -61
   950   -62
   951   -61
   952   -61
   953   -60
   954   -61
   955   -61
   956   -61
   957   -61
   958   -60
   959   -61
   960   -60
   961   -62
   962   -60
   963   -62
   964   -60
   965   -62
   966   -60
   967   -62
   968   -60
   969   -62
   970   -61
   971   -61
   972   -61
   973   -61
   974   -61
   975   -61
   976   -62
   977   -61
   978   -62
   979   -60
   980   -62
   981   -60
   982   -62
   983   -60
   984   -61
   985   -61
   986   -62
   987   -61
   988   -61
   989   -61
   990   -61
   991   -61
   992   -61
   993   -62
   994   -60
   995   -62
   996   -60
   997   -62
   998   -60
   999   -62
