   0   0
   1   -61
   2   -61
   3   -61
   4   -61
   5   -61
   6   -61
   7   -61
   8   -61
   9   -61
   10   -61
   11   -61
   12   -61
   13   -61
   14   -61
   15   -61
   16   -61
   17   -61
   18   -61
   19   -61
   20   -61
   21   -61
   22   -61
   23   -61
   24   -61
   25   -61
   26   -61
   27   -61
   28   -61
   29   -61
   30   -61
   31   -61
   32   -61
   33   -61
   34   -61
   35   -61
   36   -61
   37   -62
   38   -61
   39   -61
   40   -61
   41   -61
   42   -60
   43   -61
   44   -61
   45   -62
   46   -61
   47   -61
   48   -61
   49   -61
   50   -61
   51   -61
   52   -61
   53   -61
   54   -62
   55   -61
   56   -62
   57   -61
   58   -61
   59   -61
   60   -61
   61   -61
   62   -61
   63   -61
   64   -61
   65   -61
   66   -61
   67   -61
   68   -61
   69   -61
   70   -61
   71   -61
   72   -61
   73   -61
   74   -61
   75   -61
   76   -61
   77   -61
   78   -61
   79   -61
   80   -61
   81   -61
   82   -61
   83   -61
   84   -62
   85   -61
   86   -61
   87   -61
   88   -61
   89   -61
   90   -61
   91   -61
   92   -61
   93   -61
   94   -61
   95   -61
   96   -61
   97   -61
   98   -61
   99   -61
   100   -61
   101   -61
   102   -61
   103   -61
   104   -61
   105   -61
   106   -61
   107   -61
   108   -61
   109   -61
   110   -61
   111   -61
   112   -61
   113   -61
   114   -61
   115   -61
   116   -61
   117   -61
   118   -62
   119   -61
   120   -61
   121   -61
   122   -61
   123   -61
   124   -62
   125   -61
   126   -61
   127   -60
   128   -61
   129   -61
   130   -61
   131   -61
   132   -61
   133   -61
   134   -61
   135   -61
   136   -61
   137   -61
   138   -61
   139   -61
   140   -61
   141   -61
   142   -61
   143   -61
   144   -61
   145   -61
   146   -61
   147   -61
   148   -61
   149   -61
   150   -61
   151   -61
   152   -61
   153   -61
   154   -61
   155   -61
   156   -61
   157   -61
   158   -61
   159   -61
   160   -61
   161   -61
   162   -61
   163   -61
   164   -61
   165   -61
   166   -61
   167   -61
   168   -61
   169   -61
   170   -61
   171   -61
   172   -61
   173   -61
   174   -61
   175   -61
   176   -61
   177   -61
   178   -61
   179   -61
   180   -61
   181   -61
   182   -61
   183   -61
   184   -61
   185   -61
   186   -62
   187   -61
   188   -61
   189   -61
   190   -61
   191   -61
   192   -61
   193   -62
   194   -60
   195   -61
   196   -61
   197   -61
   198   -61
   199   -61
   200   -62
   201   -59
   202   -20
   203   45
   204   61
   205   55
   206   43
   207   39
   208   36
   209   38
   210   38
   211   40
   212   37
   213   39
   214   37
   215   39
   216   38
   217   39
   218   38
   219   39
   220   38
   221   38
   222   38
   223   38
   224   38
   225   38
   226   38
   227   38
   228   38
   229   38
   230   38
   231   38
   232   38
   233   38
   234   38
   235   37
   236   38
   237   38
   238   39
   239   38
   240   38
   241   38
   242   38
   243   38
   244   37
   245   38
   246   38
   247   38
   248   38
   249   38
   250   38
   251   38
   252   38
   253   38
   254   38
   255   38
   256   38
   257   38
   258   38
   259   38
   260   38
   261   38
   262   38
   263   38
   264   38
   265   38
   266   38
   267   38
   268   38
   269   38
   270   38
   271   38
   272   38
   273   38
   274   38
   275   38
   276   38
   277   38
   278   37
   279   38
   280   37
   281   38
   282   38
   283   38
   284   37
   285   38
   286   37
   287   38
   288   38
   289   38
   290   37
   291   37
   292   37
   293   38
   294   38
   295   37
   296   38
   297   37
   298   38
   299   37
   300   38
   301   37
   302   38
   303   37
   304   38
   305   38
   306   38
   307   37
   308   38
   309   38
   310   38
   311   38
   312   38
   313   38
   314   37
   315   38
   316   37
   317   38
   318   38
   319   38
   320   37
   321   37
   322   37
   323   37
   324   37
   325   37
   326   37
   327   37
   328   38
   329   37
   330   37
   331   37
   332   38
   333   37
   334   37
   335   37
   336   37
   337   37
   338   37
   339   37
   340   37
   341   37
   342   37
   343   37
   344   37
   345   37
   346   37
   347   37
   348   37
   349   37
   350   37
   351   37
   352   37
   353   37
   354   37
   355   37
   356   37
   357   36
   358   37
   359   36
   360   37
   361   37
   362   37
   363   36
   364   37
   365   36
   366   37
   367   36
   368   37
   369   36
   370   37
   371   36
   372   36
   373   36
   374   36
   375   36
   376   36
   377   36
   378   36
   379   36
   380   36
   381   36
   382   36
   383   36
   384   36
   385   36
   386   35
   387   35
   388   35
   389   35
   390   34
   391   34
   392   34
   393   33
   394   33
   395   32
   396   31
   397   30
   398   29
   399   28
   400   27
   401   25
   402   23
   403   21
   404   19
   405   17
   406   15
   407   12
   408   9
   409   6
   410   3
   411   0
   412   -4
   413   -6
   414   -10
   415   -13
   416   -16
   417   -20
   418   -23
   419   -26
   420   -29
   421   -32
   422   -34
   423   -37
   424   -39
   425   -42
   426   -43
   427   -46
   428   -47
   429   -49
   430   -50
   431   -52
   432   -52
   433   -54
   434   -54
   435   -56
   436   -56
   437   -57
   438   -57
   439   -57
   440   -58
   441   -58
   442   -59
   443   -58
   444   -59
   445   -59
   446   -59
   447   -59
   448   -60
   449   -59
   450   -59
   451   -60
   452   -60
   453   -60
   454   -60
   455   -60
   456   -60
   457   -60
   458   -60
   459   -60
   460   -60
   461   -60
   462   -60
   463   -60
   464   -60
   465   -60
   466   -60
   467   -60
   468   -60
   469   -60
   470   -60
   471   -60
   472   -60
   473   -60
   474   -60
   475   -60
   476   -60
   477   -60
   478   -60
   479   -60
   480   -60
   481   -60
   482   -60
   483   -60
   484   -60
   485   -60
   486   -60
   487   -60
   488   -60
   489   -60
   490   -60
   491   -61
   492   -60
   493   -61
   494   -60
   495   -60
   496   -60
   497   -60
   498   -60
   499   -61
   500   -60
   501   -60
   502   -60
   503   -60
   504   -60
   505   -61
   506   -60
   507   -60
   508   -60
   509   -60
   510   -60
   511   -60
   512   -60
   513   -60
   514   -60
   515   -61
   516   -60
   517   -60
   518   -60
   519   -61
   520   -60
   521   -61
   522   -60
   523   -61
   524   -60
   525   -61
   526   -60
   527   -61
   528   -60
   529   -61
   530   -60
   531   -61
   532   -60
   533   -61
   534   -60
   535   -60
   536   -61
   537   -60
   538   -61
   539   -61
   540   -61
   541   -60
   542   -61
   543   -60
   544   -61
   545   -60
   546   -61
   547   -61
   548   -61
   549   -61
   550   -61
   551   -60
   552   -61
   553   -61
   554   -61
   555   -61
   556   -60
   557   -61
   558   -60
   559   -61
   560   -60
   561   -61
   562   -60
   563   -61
   564   -60
   565   -61
   566   -61
   567   -61
   568   -60
   569   -61
   570   -61
   571   -61
   572   -61
   573   -60
   574   -61
   575   -61
   576   -61
   577   -60
   578   -61
   579   -61
   580   -61
   581   -60
   582   -60
   583   -61
   584   -61
   585   -61
   586   -60
   587   -61
   588   -60
   589   -61
   590   -60
   591   -61
   592   -61
   593   -61
   594   -60
   595   -61
   596   -60
   597   -61
   598   -61
   599   -61
   600   -61
   601   -61
   602   -60
   603   -61
   604   -61
   605   -60
   606   -61
   607   -61
   608   -61
   609   -60
   610   -61
   611   -60
   612   -61
   613   -60
   614   -61
   615   -61
   616   -61
   617   -61
   618   -60
   619   -61
   620   -61
   621   -61
   622   -60
   623   -61
   624   -60
   625   -61
   626   -60
   627   -61
   628   -61
   629   -61
   630   -61
   631   -61
   632   -61
   633   -61
   634   -61
   635   -61
   636   -61
   637   -61
   638   -61
   639   -60
   640   -61
   641   -61
   642   -61
   643   -61
   644   -61
   645   -61
   646   -61
   647   -61
   648   -61
   649   -61
   650   -60
   651   -61
   652   -60
   653   -61
   654   -60
   655   -61
   656   -60
   657   -61
   658   -60
   659   -61
   660   -61
   661   -61
   662   -61
   663   -61
   664   -60
   665   -61
   666   -61
   667   -61
   668   -61
   669   -61
   670   -61
   671   -60
   672   -61
   673   -60
   674   -61
   675   -60
   676   -61
   677   -60
   678   -61
   679   -61
   680   -61
   681   -61
   682   -61
   683   -61
   684   -60
   685   -61
   686   -60
   687   -61
   688   -61
   689   -61
   690   -61
   691   -61
   692   -61
   693   -61
   694   -61
   695   -61
   696   -61
   697   -61
   698   -61
   699   -61
   700   -61
   701   -60
   702   -61
   703   -61
   704   -61
   705   -60
   706   -61
   707   -61
   708   -61
   709   -61
   710   -61
   711   -61
   712   -60
   713   -61
   714   -61
   715   -61
   716   -60
   717   -61
   718   -60
   719   -61
   720   -61
   721   -61
   722   -60
   723   -61
   724   -60
   725   -61
   726   -60
   727   -61
   728   -60
   729   -61
   730   -61
   731   -61
   732   -61
   733   -61
   734   -61
   735   -61
   736   -61
   737   -61
   738   -61
   739   -61
   740   -61
   741   -60
   742   -61
   743   -61
   744   -61
   745   -61
   746   -61
   747   -61
   748   -61
   749   -61
   750   -60
   751   -61
   752   -60
   753   -61
   754   -60
   755   -61
   756   -60
   757   -61
   758   -61
   759   -61
   760   -61
   761   -61
   762   -61
   763   -61
   764   -61
   765   -61
   766   -61
   767   -61
   768   -61
   769   -61
   770   -61
   771   -60
   772   -61
   773   -60
   774   -61
   775   -61
   776   -61
   777   -61
   778   -61
   779   -61
   780   -61
   781   -61
   782   -60
   783   -61
   784   -60
   785   -61
   786   -60
   787   -61
   788   -60
   789   -61
   790   -61
   791   -61
   792   -60
   793   -61
   794   -61
   795   -61
   796   -61
   797   -61
   798   -61
   799   -61
   800   -61
   801   -61
   802   -61
   803   -60
   804   -61
   805   -61
   806   -61
   807   -61
   808   -61
   809   -61
   810   -61
   811   -61
   812   -61
   813   -61
   814   -60
   815   -61
   816   -60
   817   -61
   818   -60
   819   -61
   820   -61
   821   -61
   822   -60
   823   -61
   824   -61
   825   -61
   826   -61
   827   -61
   828   -61
   829   -61
   830   -61
   831   -61
   832   -61
   833   -61
   834   -61
   835   -60
   836   -61
   837   -60
   838   -61
   839   -61
   840   -61
   841   -60
   842   -61
   843   -61
   844   -61
   845   -61
   846   -61
   847   -61
   848   -60
   849   -61
   850   -60
   851   -61
   852   -60
   853   -62
   854   -61
   855   -61
   856   -60
   857   -61
   858   -61
   859   -61
   860   -61
   861   -61
   862   -61
   863   -61
   864   -61
   865   -61
   866   -61
   867   -61
   868   -61
   869   -61
   870   -61
   871   -60
   872   -61
   873   -61
   874   -61
   875   -61
   876   -61
   877   -61
   878   -61
   879   -61
   880   -60
   881   -61
   882   -61
   883   -61
   884   -61
   885   -61
   886   -61
   887   -61
   888   -60
   889   -61
   890   -60
   891   -61
   892   -61
   893   -61
   894   -61
   895   -61
   896   -61
   897   -61
   898   -61
   899   -60
   900   -61
   901   -61
   902   -61
   903   -61
   904   -61
   905   -60
   906   -61
   907   -61
   908   -61
   909   -60
   910   -61
   911   -61
   912   -61
   913   -61
   914   -60
   915   -61
   916   -60
   917   -61
   918   -60
   919   -61
   920   -61
   921   -61
   922   -60
   923   -61
   924   -61
   925   -61
   926   -61
   927   -61
   928   -61
   929   -61
   930   -61
   931   -61
   932   -61
   933   -61
   934   -61
   935   -60
   936   -61
   937   -61
   938   -61
   939   -61
   940   -61
   941   -61
   942   -61
   943   -61
   944   -61
   945   -61
   946   -60
   947   -61
   948   -60
   949   -61
   950   -60
   951   -61
   952   -61
   953   -61
   954   -60
   955   -61
   956   -61
   957   -61
   958   -61
   959   -60
   960   -61
   961   -61
   962   -61
   963   -61
   964   -61
   965   -60
   966   -61
   967   -60
   968   -61
   969   -60
   970   -61
   971   -61
   972   -61
   973   -61
   974   -61
   975   -61
   976   -61
   977   -61
   978   -61
   979   -61
   980   -60
   981   -61
   982   -60
   983   -61
   984   -60
   985   -61
   986   -61
   987   -61
   988   -60
   989   -61
   990   -61
   991   -61
   992   -61
   993   -61
   994   -61
   995   -60
   996   -61
   997   -61
   998   -61
   999   -61
