   0   0
   1   -60
   2   -62
   3   -61
   4   -62
   5   -61
   6   -61
   7   -61
   8   -61
   9   -61
   10   -61
   11   -61
   12   -61
   13   -62
   14   -61
   15   -62
   16   -61
   17   -62
   18   -61
   19   -62
   20   -60
   21   -61
   22   -61
   23   -62
   24   -61
   25   -61
   26   -61
   27   -61
   28   -62
   29   -61
   30   -61
   31   -61
   32   -62
   33   -61
   34   -62
   35   -61
   36   -62
   37   -61
   38   -62
   39   -61
   40   -62
   41   -61
   42   -61
   43   -61
   44   -61
   45   -62
   46   -61
   47   -62
   48   -61
   49   -62
   50   -61
   51   -62
   52   -61
   53   -62
   54   -61
   55   -61
   56   -61
   57   -61
   58   -61
   59   -61
   60   -62
   61   -61
   62   -62
   63   -61
   64   -62
   65   -61
   66   -62
   67   -61
   68   -62
   69   -61
   70   -62
   71   -61
   72   -62
   73   -61
   74   -61
   75   -61
   76   -61
   77   -62
   78   -61
   79   -62
   80   -61
   81   -62
   82   -60
   83   -62
   84   -61
   85   -62
   86   -61
   87   -62
   88   -61
   89   -61
   90   -61
   91   -61
   92   -61
   93   -61
   94   -61
   95   -61
   96   -62
   97   -61
   98   -61
   99   -61
   100   -61
   101   -61
   102   -62
   103   -61
   104   -61
   105   -61
   106   -61
   107   -61
   108   -62
   109   -62
   110   -61
   111   -61
   112   -61
   113   -62
   114   -61
   115   -61
   116   -61
   117   -62
   118   -61
   119   -62
   120   -61
   121   -61
   122   -61
   123   -61
   124   -61
   125   -61
   126   -61
   127   -61
   128   -62
   129   -61
   130   -62
   131   -61
   132   -62
   133   -61
   134   -62
   135   -61
   136   -62
   137   -61
   138   -62
   139   -61
   140   -61
   141   -62
   142   -61
   143   -62
   144   -61
   145   -61
   146   -61
   147   -62
   148   -61
   149   -61
   150   -61
   151   -61
   152   -61
   153   -61
   154   -61
   155   -61
   156   -61
   157   -61
   158   -61
   159   -61
   160   -61
   161   -61
   162   -61
   163   -61
   164   -62
   165   -61
   166   -61
   167   -61
   168   -61
   169   -61
   170   -61
   171   -61
   172   -61
   173   -62
   174   -61
   175   -61
   176   -61
   177   -62
   178   -61
   179   -61
   180   -61
   181   -62
   182   -61
   183   -62
   184   -61
   185   -61
   186   -61
   187   -61
   188   -61
   189   -61
   190   -61
   191   -61
   192   -61
   193   -61
   194   -60
   195   -61
   196   -61
   197   -61
   198   -62
   199   -60
   200   -63
   201   -60
   202   -39
   203   9
   204   36
   205   42
   206   39
   207   35
   208   33
   209   33
   210   34
   211   35
   212   35
   213   35
   214   35
   215   35
   216   35
   217   35
   218   35
   219   35
   220   35
   221   34
   222   35
   223   36
   224   35
   225   35
   226   34
   227   35
   228   35
   229   35
   230   34
   231   35
   232   34
   233   35
   234   34
   235   35
   236   35
   237   35
   238   35
   239   35
   240   35
   241   34
   242   34
   243   34
   244   34
   245   34
   246   35
   247   34
   248   34
   249   34
   250   34
   251   34
   252   35
   253   34
   254   34
   255   34
   256   34
   257   34
   258   34
   259   34
   260   33
   261   34
   262   33
   263   34
   264   33
   265   34
   266   33
   267   33
   268   34
   269   34
   270   33
   271   33
   272   33
   273   33
   274   33
   275   33
   276   33
   277   32
   278   33
   279   32
   280   33
   281   33
   282   33
   283   32
   284   32
   285   32
   286   33
   287   33
   288   32
   289   32
   290   32
   291   32
   292   32
   293   32
   294   32
   295   32
   296   32
   297   32
   298   31
   299   32
   300   31
   301   32
   302   32
   303   32
   304   32
   305   31
   306   32
   307   31
   308   32
   309   31
   310   32
   311   31
   312   32
   313   31
   314   32
   315   31
   316   31
   317   31
   318   31
   319   31
   320   31
   321   31
   322   30
   323   31
   324   30
   325   31
   326   30
   327   31
   328   30
   329   31
   330   30
   331   31
   332   30
   333   30
   334   30
   335   30
   336   30
   337   30
   338   30
   339   30
   340   30
   341   29
   342   30
   343   29
   344   30
   345   29
   346   30
   347   29
   348   29
   349   29
   350   29
   351   29
   352   29
   353   29
   354   29
   355   29
   356   29
   357   29
   358   28
   359   28
   360   28
   361   29
   362   28
   363   29
   364   28
   365   29
   366   28
   367   28
   368   28
   369   28
   370   28
   371   28
   372   28
   373   27
   374   28
   375   27
   376   28
   377   27
   378   27
   379   27
   380   27
   381   26
   382   26
   383   26
   384   25
   385   24
   386   23
   387   22
   388   20
   389   17
   390   14
   391   12
   392   7
   393   3
   394   -2
   395   -6
   396   -12
   397   -17
   398   -22
   399   -27
   400   -32
   401   -36
   402   -40
   403   -44
   404   -47
   405   -50
   406   -52
   407   -54
   408   -55
   409   -57
   410   -57
   411   -58
   412   -58
   413   -59
   414   -60
   415   -60
   416   -60
   417   -60
   418   -60
   419   -60
   420   -60
   421   -60
   422   -60
   423   -60
   424   -60
   425   -60
   426   -60
   427   -60
   428   -60
   429   -60
   430   -60
   431   -60
   432   -61
   433   -60
   434   -60
   435   -60
   436   -60
   437   -61
   438   -60
   439   -60
   440   -60
   441   -60
   442   -60
   443   -61
   444   -60
   445   -60
   446   -60
   447   -61
   448   -60
   449   -61
   450   -60
   451   -60
   452   -61
   453   -60
   454   -60
   455   -60
   456   -61
   457   -60
   458   -61
   459   -60
   460   -61
   461   -61
   462   -61
   463   -61
   464   -61
   465   -60
   466   -61
   467   -61
   468   -61
   469   -60
   470   -61
   471   -60
   472   -60
   473   -61
   474   -60
   475   -61
   476   -60
   477   -61
   478   -60
   479   -61
   480   -60
   481   -61
   482   -60
   483   -60
   484   -60
   485   -61
   486   -61
   487   -61
   488   -61
   489   -61
   490   -61
   491   -61
   492   -61
   493   -61
   494   -61
   495   -61
   496   -61
   497   -60
   498   -61
   499   -61
   500   -61
   501   -61
   502   -61
   503   -61
   504   -61
   505   -61
   506   -61
   507   -61
   508   -61
   509   -61
   510   -61
   511   -61
   512   -61
   513   -61
   514   -61
   515   -61
   516   -61
   517   -61
   518   -61
   519   -61
   520   -61
   521   -61
   522   -61
   523   -61
   524   -61
   525   -61
   526   -61
   527   -61
   528   -61
   529   -61
   530   -61
   531   -61
   532   -61
   533   -61
   534   -61
   535   -61
   536   -61
   537   -61
   538   -61
   539   -61
   540   -61
   541   -61
   542   -61
   543   -61
   544   -61
   545   -61
   546   -61
   547   -61
   548   -61
   549   -61
   550   -61
   551   -61
   552   -61
   553   -61
   554   -61
   555   -61
   556   -61
   557   -61
   558   -61
   559   -61
   560   -61
   561   -61
   562   -61
   563   -61
   564   -61
   565   -61
   566   -61
   567   -61
   568   -61
   569   -61
   570   -61
   571   -61
   572   -61
   573   -61
   574   -61
   575   -61
   576   -61
   577   -61
   578   -61
   579   -61
   580   -61
   581   -61
   582   -61
   583   -61
   584   -61
   585   -61
   586   -61
   587   -61
   588   -61
   589   -61
   590   -61
   591   -61
   592   -61
   593   -61
   594   -61
   595   -61
   596   -61
   597   -61
   598   -61
   599   -61
   600   -61
   601   -61
   602   -61
   603   -61
   604   -61
   605   -61
   606   -61
   607   -61
   608   -61
   609   -61
   610   -61
   611   -61
   612   -61
   613   -61
   614   -61
   615   -61
   616   -61
   617   -61
   618   -61
   619   -61
   620   -61
   621   -61
   622   -61
   623   -61
   624   -61
   625   -61
   626   -61
   627   -61
   628   -61
   629   -61
   630   -61
   631   -61
   632   -61
   633   -61
   634   -61
   635   -61
   636   -61
   637   -61
   638   -61
   639   -61
   640   -61
   641   -61
   642   -61
   643   -61
   644   -61
   645   -61
   646   -61
   647   -61
   648   -61
   649   -61
   650   -61
   651   -61
   652   -61
   653   -61
   654   -61
   655   -61
   656   -61
   657   -61
   658   -61
   659   -61
   660   -61
   661   -61
   662   -61
   663   -61
   664   -61
   665   -61
   666   -61
   667   -61
   668   -61
   669   -61
   670   -61
   671   -61
   672   -61
   673   -61
   674   -61
   675   -61
   676   -61
   677   -61
   678   -61
   679   -61
   680   -61
   681   -61
   682   -61
   683   -61
   684   -61
   685   -61
   686   -61
   687   -61
   688   -61
   689   -61
   690   -61
   691   -61
   692   -61
   693   -61
   694   -61
   695   -61
   696   -61
   697   -61
   698   -61
   699   -61
   700   -61
   701   -61
   702   -61
   703   -61
   704   -61
   705   -61
   706   -61
   707   -61
   708   -61
   709   -61
   710   -61
   711   -61
   712   -61
   713   -61
   714   -61
   715   -61
   716   -61
   717   -61
   718   -61
   719   -61
   720   -61
   721   -61
   722   -61
   723   -61
   724   -61
   725   -61
   726   -61
   727   -61
   728   -61
   729   -61
   730   -61
   731   -61
   732   -61
   733   -61
   734   -61
   735   -61
   736   -61
   737   -61
   738   -61
   739   -61
   740   -61
   741   -61
   742   -61
   743   -61
   744   -61
   745   -61
   746   -61
   747   -61
   748   -61
   749   -61
   750   -61
   751   -61
   752   -61
   753   -61
   754   -61
   755   -61
   756   -61
   757   -61
   758   -61
   759   -61
   760   -61
   761   -61
   762   -61
   763   -61
   764   -61
   765   -61
   766   -61
   767   -61
   768   -61
   769   -61
   770   -61
   771   -61
   772   -61
   773   -61
   774   -61
   775   -61
   776   -61
   777   -61
   778   -61
   779   -61
   780   -61
   781   -61
   782   -61
   783   -61
   784   -61
   785   -61
   786   -61
   787   -61
   788   -61
   789   -61
   790   -61
   791   -61
   792   -61
   793   -61
   794   -61
   795   -61
   796   -61
   797   -61
   798   -61
   799   -61
   800   -61
   801   -61
   802   -61
   803   -61
   804   -61
   805   -61
   806   -61
   807   -61
   808   -61
   809   -61
   810   -61
   811   -61
   812   -61
   813   -61
   814   -61
   815   -61
   816   -61
   817   -61
   818   -61
   819   -61
   820   -61
   821   -61
   822   -61
   823   -61
   824   -61
   825   -61
   826   -61
   827   -61
   828   -61
   829   -61
   830   -61
   831   -61
   832   -61
   833   -61
   834   -61
   835   -61
   836   -61
   837   -61
   838   -61
   839   -61
   840   -61
   841   -61
   842   -61
   843   -62
   844   -61
   845   -61
   846   -60
   847   -61
   848   -61
   849   -62
   850   -61
   851   -61
   852   -61
   853   -61
   854   -61
   855   -61
   856   -60
   857   -61
   858   -61
   859   -61
   860   -61
   861   -61
   862   -62
   863   -61
   864   -61
   865   -61
   866   -61
   867   -61
   868   -61
   869   -61
   870   -61
   871   -61
   872   -61
   873   -61
   874   -61
   875   -61
   876   -61
   877   -61
   878   -61
   879   -61
   880   -61
   881   -61
   882   -61
   883   -61
   884   -61
   885   -61
   886   -61
   887   -61
   888   -61
   889   -61
   890   -61
   891   -61
   892   -61
   893   -61
   894   -61
   895   -61
   896   -61
   897   -61
   898   -61
   899   -61
   900   -61
   901   -61
   902   -61
   903   -61
   904   -61
   905   -61
   906   -61
   907   -61
   908   -61
   909   -61
   910   -61
   911   -61
   912   -61
   913   -61
   914   -61
   915   -61
   916   -61
   917   -62
   918   -61
   919   -61
   920   -61
   921   -61
   922   -61
   923   -61
   924   -61
   925   -61
   926   -61
   927   -61
   928   -61
   929   -61
   930   -61
   931   -61
   932   -61
   933   -61
   934   -61
   935   -61
   936   -61
   937   -61
   938   -61
   939   -61
   940   -61
   941   -61
   942   -61
   943   -61
   944   -61
   945   -61
   946   -61
   947   -61
   948   -61
   949   -61
   950   -61
   951   -61
   952   -61
   953   -61
   954   -61
   955   -61
   956   -61
   957   -61
   958   -62
   959   -61
   960   -61
   961   -61
   962   -61
   963   -61
   964   -61
   965   -61
   966   -61
   967   -61
   968   -61
   969   -61
   970   -61
   971   -61
   972   -61
   973   -61
   974   -61
   975   -61
   976   -61
   977   -61
   978   -61
   979   -61
   980   -61
   981   -62
   982   -61
   983   -61
   984   -61
   985   -61
   986   -61
   987   -61
   988   -61
   989   -61
   990   -61
   991   -61
   992   -61
   993   -61
   994   -61
   995   -61
   996   -61
   997   -61
   998   -61
   999   -61
