   0   0
   1   -61
   2   -61
   3   -61
   4   -61
   5   -61
   6   -61
   7   -61
   8   -61
   9   -61
   10   -61
   11   -61
   12   -61
   13   -61
   14   -61
   15   -61
   16   -61
   17   -61
   18   -61
   19   -61
   20   -61
   21   -61
   22   -61
   23   -61
   24   -61
   25   -61
   26   -61
   27   -61
   28   -61
   29   -61
   30   -61
   31   -61
   32   -62
   33   -61
   34   -62
   35   -61
   36   -61
   37   -61
   38   -61
   39   -61
   40   -61
   41   -61
   42   -61
   43   -61
   44   -61
   45   -61
   46   -61
   47   -61
   48   -61
   49   -61
   50   -61
   51   -62
   52   -61
   53   -61
   54   -61
   55   -61
   56   -61
   57   -61
   58   -61
   59   -61
   60   -61
   61   -61
   62   -61
   63   -61
   64   -61
   65   -61
   66   -61
   67   -61
   68   -61
   69   -61
   70   -61
   71   -61
   72   -61
   73   -61
   74   -61
   75   -61
   76   -61
   77   -61
   78   -61
   79   -62
   80   -61
   81   -61
   82   -61
   83   -62
   84   -61
   85   -61
   86   -61
   87   -61
   88   -61
   89   -61
   90   -61
   91   -61
   92   -61
   93   -61
   94   -62
   95   -61
   96   -61
   97   -61
   98   -62
   99   -61
   100   -62
   101   -61
   102   -61
   103   -61
   104   -61
   105   -61
   106   -61
   107   -61
   108   -61
   109   -61
   110   -61
   111   -61
   112   -61
   113   -61
   114   -61
   115   -61
   116   -61
   117   -61
   118   -61
   119   -61
   120   -61
   121   -61
   122   -61
   123   -61
   124   -61
   125   -61
   126   -61
   127   -61
   128   -62
   129   -61
   130   -61
   131   -61
   132   -61
   133   -61
   134   -61
   135   -61
   136   -61
   137   -61
   138   -61
   139   -61
   140   -61
   141   -61
   142   -61
   143   -62
   144   -61
   145   -61
   146   -61
   147   -62
   148   -61
   149   -61
   150   -61
   151   -61
   152   -61
   153   -61
   154   -61
   155   -61
   156   -61
   157   -61
   158   -62
   159   -61
   160   -61
   161   -61
   162   -61
   163   -61
   164   -62
   165   -61
   166   -62
   167   -61
   168   -62
   169   -61
   170   -61
   171   -61
   172   -61
   173   -61
   174   -61
   175   -61
   176   -61
   177   -61
   178   -61
   179   -61
   180   -61
   181   -61
   182   -61
   183   -61
   184   -61
   185   -61
   186   -61
   187   -61
   188   -61
   189   -61
   190   -61
   191   -61
   192   -61
   193   -61
   194   -61
   195   -61
   196   -61
   197   -61
   198   -62
   199   -60
   200   -62
   201   -58
   202   -29
   203   12
   204   16
   205   11
   206   6
   207   6
   208   6
   209   8
   210   9
   211   10
   212   10
   213   10
   214   10
   215   11
   216   12
   217   12
   218   12
   219   12
   220   12
   221   13
   222   13
   223   14
   224   13
   225   14
   226   13
   227   14
   228   13
   229   14
   230   13
   231   14
   232   13
   233   14
   234   14
   235   14
   236   14
   237   14
   238   14
   239   14
   240   15
   241   14
   242   14
   243   14
   244   14
   245   14
   246   15
   247   14
   248   14
   249   14
   250   14
   251   14
   252   14
   253   14
   254   14
   255   14
   256   13
   257   14
   258   14
   259   14
   260   13
   261   14
   262   14
   263   14
   264   14
   265   14
   266   13
   267   14
   268   14
   269   14
   270   14
   271   13
   272   14
   273   13
   274   14
   275   13
   276   14
   277   13
   278   13
   279   13
   280   14
   281   13
   282   14
   283   13
   284   13
   285   13
   286   13
   287   13
   288   13
   289   13
   290   12
   291   13
   292   12
   293   13
   294   12
   295   13
   296   12
   297   13
   298   12
   299   12
   300   12
   301   12
   302   12
   303   12
   304   13
   305   12
   306   12
   307   12
   308   12
   309   12
   310   12
   311   12
   312   12
   313   11
   314   12
   315   12
   316   12
   317   12
   318   11
   319   12
   320   11
   321   12
   322   11
   323   12
   324   11
   325   12
   326   11
   327   12
   328   11
   329   11
   330   11
   331   11
   332   11
   333   11
   334   11
   335   11
   336   11
   337   10
   338   11
   339   10
   340   11
   341   10
   342   11
   343   10
   344   11
   345   10
   346   11
   347   10
   348   10
   349   10
   350   10
   351   10
   352   10
   353   10
   354   10
   355   10
   356   9
   357   10
   358   9
   359   10
   360   9
   361   10
   362   9
   363   9
   364   9
   365   9
   366   9
   367   9
   368   9
   369   9
   370   9
   371   8
   372   9
   373   8
   374   9
   375   8
   376   9
   377   8
   378   9
   379   8
   380   8
   381   8
   382   8
   383   8
   384   8
   385   8
   386   8
   387   9
   388   8
   389   8
   390   7
   391   8
   392   7
   393   8
   394   7
   395   8
   396   7
   397   8
   398   7
   399   8
   400   7
   401   7
   402   7
   403   7
   404   7
   405   6
   406   8
   407   7
   408   7
   409   6
   410   7
   411   6
   412   7
   413   7
   414   7
   415   6
   416   6
   417   6
   418   6
   419   7
   420   6
   421   6
   422   5
   423   6
   424   5
   425   5
   426   4
   427   4
   428   3
   429   3
   430   3
   431   2
   432   1
   433   1
   434   0
   435   -1
   436   -2
   437   -4
   438   -4
   439   -5
   440   -6
   441   -8
   442   -9
   443   -10
   444   -11
   445   -13
   446   -14
   447   -16
   448   -17
   449   -19
   450   -20
   451   -22
   452   -24
   453   -25
   454   -27
   455   -27
   456   -30
   457   -30
   458   -33
   459   -34
   460   -36
   461   -37
   462   -39
   463   -40
   464   -41
   465   -42
   466   -44
   467   -45
   468   -46
   469   -47
   470   -48
   471   -50
   472   -50
   473   -52
   474   -51
   475   -53
   476   -53
   477   -54
   478   -54
   479   -56
   480   -56
   481   -57
   482   -57
   483   -57
   484   -58
   485   -58
   486   -59
   487   -58
   488   -59
   489   -59
   490   -60
   491   -59
   492   -60
   493   -59
   494   -60
   495   -60
   496   -60
   497   -60
   498   -60
   499   -60
   500   -60
   501   -61
   502   -60
   503   -61
   504   -60
   505   -61
   506   -60
   507   -61
   508   -60
   509   -61
   510   -60
   511   -61
   512   -60
   513   -61
   514   -61
   515   -60
   516   -61
   517   -60
   518   -61
   519   -60
   520   -61
   521   -60
   522   -61
   523   -60
   524   -61
   525   -60
   526   -61
   527   -60
   528   -61
   529   -60
   530   -61
   531   -60
   532   -61
   533   -61
   534   -60
   535   -61
   536   -60
   537   -61
   538   -60
   539   -61
   540   -60
   541   -61
   542   -60
   543   -61
   544   -60
   545   -61
   546   -60
   547   -61
   548   -61
   549   -61
   550   -61
   551   -61
   552   -61
   553   -60
   554   -61
   555   -60
   556   -61
   557   -60
   558   -61
   559   -60
   560   -61
   561   -61
   562   -61
   563   -61
   564   -61
   565   -61
   566   -60
   567   -61
   568   -60
   569   -61
   570   -60
   571   -61
   572   -60
   573   -61
   574   -60
   575   -61
   576   -60
   577   -61
   578   -61
   579   -61
   580   -61
   581   -61
   582   -61
   583   -61
   584   -61
   585   -60
   586   -61
   587   -60
   588   -61
   589   -60
   590   -62
   591   -60
   592   -61
   593   -60
   594   -61
   595   -61
   596   -61
   597   -61
   598   -61
   599   -61
   600   -61
   601   -61
   602   -61
   603   -61
   604   -60
   605   -61
   606   -60
   607   -61
   608   -61
   609   -61
   610   -60
   611   -61
   612   -61
   613   -61
   614   -61
   615   -61
   616   -61
   617   -60
   618   -61
   619   -61
   620   -61
   621   -60
   622   -61
   623   -60
   624   -61
   625   -61
   626   -61
   627   -61
   628   -61
   629   -61
   630   -61
   631   -61
   632   -60
   633   -61
   634   -60
   635   -62
   636   -60
   637   -62
   638   -60
   639   -61
   640   -60
   641   -61
   642   -61
   643   -61
   644   -61
   645   -61
   646   -61
   647   -60
   648   -61
   649   -60
   650   -62
   651   -60
   652   -62
   653   -60
   654   -62
   655   -60
   656   -62
   657   -60
   658   -61
   659   -61
   660   -61
   661   -61
   662   -61
   663   -61
   664   -61
   665   -61
   666   -61
   667   -61
   668   -60
   669   -61
   670   -60
   671   -61
   672   -60
   673   -61
   674   -60
   675   -61
   676   -61
   677   -61
   678   -61
   679   -61
   680   -61
   681   -60
   682   -61
   683   -61
   684   -62
   685   -60
   686   -62
   687   -60
   688   -61
   689   -60
   690   -61
   691   -61
   692   -61
   693   -61
   694   -61
   695   -61
   696   -61
   697   -61
   698   -61
   699   -61
   700   -60
   701   -62
   702   -60
   703   -62
   704   -60
   705   -61
   706   -60
   707   -62
   708   -61
   709   -61
   710   -61
   711   -61
   712   -61
   713   -60
   714   -61
   715   -61
   716   -61
   717   -60
   718   -62
   719   -60
   720   -61
   721   -60
   722   -61
   723   -60
   724   -61
   725   -61
   726   -61
   727   -61
   728   -61
   729   -61
   730   -61
   731   -61
   732   -61
   733   -61
   734   -60
   735   -61
   736   -60
   737   -62
   738   -61
   739   -61
   740   -61
   741   -61
   742   -61
   743   -61
   744   -61
   745   -61
   746   -61
   747   -61
   748   -61
   749   -60
   750   -61
   751   -60
   752   -61
   753   -61
   754   -61
   755   -61
   756   -61
   757   -61
   758   -61
   759   -61
   760   -61
   761   -61
   762   -61
   763   -61
   764   -61
   765   -61
   766   -60
   767   -61
   768   -60
   769   -62
   770   -60
   771   -61
   772   -61
   773   -61
   774   -61
   775   -61
   776   -61
   777   -61
   778   -61
   779   -61
   780   -61
   781   -60
   782   -61
   783   -61
   784   -62
   785   -60
   786   -61
   787   -60
   788   -61
   789   -60
   790   -61
   791   -61
   792   -61
   793   -61
   794   -61
   795   -61
   796   -61
   797   -61
   798   -61
   799   -61
   800   -60
   801   -61
   802   -60
   803   -61
   804   -60
   805   -61
   806   -61
   807   -61
   808   -61
   809   -61
   810   -61
   811   -61
   812   -61
   813   -60
   814   -62
   815   -61
   816   -62
   817   -60
   818   -61
   819   -60
   820   -61
   821   -61
   822   -61
   823   -61
   824   -61
   825   -61
   826   -61
   827   -61
   828   -60
   829   -61
   830   -60
   831   -61
   832   -60
   833   -62
   834   -60
   835   -62
   836   -60
   837   -61
   838   -60
   839   -61
   840   -61
   841   -61
   842   -61
   843   -61
   844   -61
   845   -61
   846   -61
   847   -60
   848   -61
   849   -60
   850   -61
   851   -60
   852   -62
   853   -60
   854   -62
   855   -61
   856   -61
   857   -61
   858   -61
   859   -61
   860   -61
   861   -61
   862   -61
   863   -61
   864   -61
   865   -62
   866   -60
   867   -61
   868   -60
   869   -61
   870   -61
   871   -61
   872   -61
   873   -61
   874   -61
   875   -61
   876   -61
   877   -61
   878   -61
   879   -60
   880   -61
   881   -60
   882   -62
   883   -60
   884   -62
   885   -60
   886   -62
   887   -60
   888   -61
   889   -61
   890   -61
   891   -61
   892   -61
   893   -61
   894   -61
   895   -61
   896   -60
   897   -62
   898   -60
   899   -62
   900   -60
   901   -62
   902   -60
   903   -62
   904   -60
   905   -61
   906   -61
   907   -61
   908   -61
   909   -61
   910   -61
   911   -61
   912   -61
   913   -60
   914   -62
   915   -60
   916   -62
   917   -60
   918   -62
   919   -60
   920   -61
   921   -61
   922   -61
   923   -61
   924   -61
   925   -61
   926   -61
   927   -61
   928   -61
   929   -61
   930   -61
   931   -62
   932   -60
   933   -62
   934   -61
   935   -61
   936   -61
   937   -61
   938   -61
   939   -61
   940   -61
   941   -61
   942   -61
   943   -61
   944   -61
   945   -61
   946   -62
   947   -60
   948   -62
   949   -60
   950   -62
   951   -61
   952   -62
   953   -60
   954   -61
   955   -61
   956   -61
   957   -61
   958   -61
   959   -61
   960   -61
   961   -62
   962   -60
   963   -62
   964   -60
   965   -62
   966   -60
   967   -62
   968   -60
   969   -61
   970   -60
   971   -61
   972   -61
   973   -61
   974   -61
   975   -61
   976   -61
   977   -61
   978   -61
   979   -60
   980   -62
   981   -60
   982   -62
   983   -60
   984   -61
   985   -60
   986   -61
   987   -61
   988   -61
   989   -61
   990   -61
   991   -61
   992   -61
   993   -61
   994   -60
   995   -61
   996   -60
   997   -61
   998   -60
   999   -62
