   0   0
   1   -60
   2   -61
   3   -61
   4   -61
   5   -61
   6   -61
   7   -61
   8   -61
   9   -62
   10   -61
   11   -62
   12   -61
   13   -62
   14   -60
   15   -61
   16   -61
   17   -61
   18   -61
   19   -61
   20   -61
   21   -61
   22   -61
   23   -60
   24   -61
   25   -61
   26   -62
   27   -60
   28   -62
   29   -60
   30   -62
   31   -60
   32   -62
   33   -61
   34   -61
   35   -61
   36   -61
   37   -61
   38   -61
   39   -61
   40   -61
   41   -62
   42   -61
   43   -62
   44   -60
   45   -62
   46   -60
   47   -62
   48   -61
   49   -61
   50   -61
   51   -61
   52   -61
   53   -61
   54   -61
   55   -61
   56   -61
   57   -60
   58   -62
   59   -61
   60   -62
   61   -60
   62   -62
   63   -60
   64   -62
   65   -60
   66   -61
   67   -61
   68   -62
   69   -61
   70   -61
   71   -61
   72   -61
   73   -61
   74   -60
   75   -62
   76   -60
   77   -62
   78   -60
   79   -62
   80   -61
   81   -61
   82   -61
   83   -61
   84   -61
   85   -61
   86   -61
   87   -61
   88   -61
   89   -60
   90   -62
   91   -60
   92   -62
   93   -60
   94   -62
   95   -60
   96   -62
   97   -60
   98   -62
   99   -61
   100   -61
   101   -61
   102   -61
   103   -61
   104   -61
   105   -61
   106   -60
   107   -62
   108   -60
   109   -62
   110   -61
   111   -62
   112   -60
   113   -62
   114   -60
   115   -62
   116   -61
   117   -61
   118   -61
   119   -61
   120   -61
   121   -61
   122   -61
   123   -61
   124   -61
   125   -60
   126   -62
   127   -61
   128   -62
   129   -60
   130   -62
   131   -60
   132   -62
   133   -61
   134   -61
   135   -61
   136   -61
   137   -61
   138   -61
   139   -61
   140   -61
   141   -62
   142   -60
   143   -62
   144   -60
   145   -62
   146   -60
   147   -61
   148   -61
   149   -61
   150   -61
   151   -61
   152   -61
   153   -61
   154   -61
   155   -61
   156   -62
   157   -60
   158   -62
   159   -60
   160   -62
   161   -60
   162   -62
   163   -61
   164   -62
   165   -61
   166   -61
   167   -61
   168   -61
   169   -61
   170   -61
   171   -61
   172   -61
   173   -62
   174   -60
   175   -62
   176   -60
   177   -62
   178   -60
   179   -62
   180   -61
   181   -61
   182   -61
   183   -61
   184   -61
   185   -61
   186   -61
   187   -61
   188   -61
   189   -60
   190   -62
   191   -60
   192   -62
   193   -61
   194   -61
   195   -60
   196   -62
   197   -60
   198   -62
   199   -60
   200   -62
   201   -60
   202   -35
   203   16
   204   41
   205   44
   206   41
   207   37
   208   36
   209   36
   210   37
   211   37
   212   38
   213   37
   214   37
   215   37
   216   38
   217   38
   218   38
   219   38
   220   37
   221   38
   222   37
   223   39
   224   37
   225   38
   226   36
   227   38
   228   37
   229   39
   230   37
   231   38
   232   37
   233   38
   234   38
   235   38
   236   38
   237   37
   238   38
   239   37
   240   39
   241   37
   242   38
   243   36
   244   37
   245   37
   246   38
   247   37
   248   38
   249   37
   250   37
   251   37
   252   37
   253   38
   254   37
   255   38
   256   36
   257   38
   258   36
   259   38
   260   36
   261   37
   262   36
   263   37
   264   37
   265   37
   266   37
   267   36
   268   37
   269   36
   270   37
   271   36
   272   37
   273   36
   274   37
   275   36
   276   37
   277   35
   278   37
   279   36
   280   36
   281   36
   282   36
   283   36
   284   36
   285   36
   286   35
   287   37
   288   35
   289   37
   290   35
   291   36
   292   35
   293   37
   294   35
   295   36
   296   35
   297   36
   298   35
   299   35
   300   35
   301   35
   302   36
   303   35
   304   36
   305   34
   306   36
   307   35
   308   36
   309   35
   310   36
   311   34
   312   35
   313   34
   314   35
   315   35
   316   35
   317   35
   318   34
   319   35
   320   34
   321   35
   322   34
   323   35
   324   34
   325   35
   326   34
   327   35
   328   34
   329   35
   330   34
   331   34
   332   34
   333   33
   334   34
   335   33
   336   35
   337   33
   338   35
   339   33
   340   35
   341   33
   342   35
   343   33
   344   34
   345   33
   346   34
   347   33
   348   33
   349   33
   350   33
   351   34
   352   33
   353   34
   354   32
   355   34
   356   32
   357   34
   358   32
   359   33
   360   32
   361   33
   362   32
   363   33
   364   32
   365   32
   366   32
   367   32
   368   33
   369   31
   370   33
   371   31
   372   33
   373   31
   374   33
   375   31
   376   32
   377   31
   378   32
   379   31
   380   31
   381   30
   382   29
   383   29
   384   27
   385   27
   386   24
   387   23
   388   19
   389   18
   390   13
   391   11
   392   6
   393   3
   394   -3
   395   -7
   396   -12
   397   -17
   398   -22
   399   -27
   400   -31
   401   -36
   402   -38
   403   -43
   404   -44
   405   -49
   406   -49
   407   -53
   408   -53
   409   -56
   410   -55
   411   -57
   412   -57
   413   -58
   414   -59
   415   -59
   416   -60
   417   -59
   418   -60
   419   -59
   420   -61
   421   -59
   422   -61
   423   -59
   424   -61
   425   -59
   426   -61
   427   -59
   428   -60
   429   -59
   430   -60
   431   -60
   432   -60
   433   -60
   434   -59
   435   -61
   436   -59
   437   -61
   438   -59
   439   -61
   440   -59
   441   -61
   442   -59
   443   -61
   444   -59
   445   -60
   446   -60
   447   -60
   448   -60
   449   -60
   450   -61
   451   -60
   452   -61
   453   -59
   454   -61
   455   -59
   456   -61
   457   -59
   458   -61
   459   -60
   460   -61
   461   -60
   462   -60
   463   -60
   464   -60
   465   -60
   466   -60
   467   -61
   468   -60
   469   -61
   470   -60
   471   -61
   472   -59
   473   -61
   474   -59
   475   -61
   476   -60
   477   -61
   478   -60
   479   -61
   480   -60
   481   -60
   482   -60
   483   -60
   484   -61
   485   -60
   486   -61
   487   -59
   488   -61
   489   -60
   490   -61
   491   -60
   492   -61
   493   -60
   494   -61
   495   -60
   496   -61
   497   -60
   498   -60
   499   -61
   500   -60
   501   -61
   502   -60
   503   -61
   504   -60
   505   -61
   506   -60
   507   -61
   508   -60
   509   -61
   510   -60
   511   -61
   512   -61
   513   -61
   514   -61
   515   -60
   516   -61
   517   -60
   518   -61
   519   -60
   520   -62
   521   -60
   522   -61
   523   -60
   524   -62
   525   -60
   526   -61
   527   -60
   528   -60
   529   -61
   530   -61
   531   -61
   532   -60
   533   -61
   534   -60
   535   -62
   536   -60
   537   -62
   538   -59
   539   -62
   540   -60
   541   -62
   542   -60
   543   -61
   544   -60
   545   -61
   546   -61
   547   -60
   548   -61
   549   -60
   550   -61
   551   -60
   552   -62
   553   -60
   554   -62
   555   -60
   556   -61
   557   -60
   558   -61
   559   -60
   560   -61
   561   -60
   562   -61
   563   -61
   564   -60
   565   -61
   566   -60
   567   -62
   568   -60
   569   -62
   570   -60
   571   -62
   572   -60
   573   -62
   574   -60
   575   -61
   576   -60
   577   -61
   578   -61
   579   -61
   580   -61
   581   -60
   582   -61
   583   -60
   584   -62
   585   -60
   586   -62
   587   -60
   588   -62
   589   -60
   590   -62
   591   -60
   592   -61
   593   -60
   594   -61
   595   -61
   596   -60
   597   -61
   598   -60
   599   -62
   600   -60
   601   -62
   602   -60
   603   -62
   604   -60
   605   -62
   606   -60
   607   -61
   608   -60
   609   -62
   610   -60
   611   -61
   612   -61
   613   -60
   614   -61
   615   -60
   616   -62
   617   -60
   618   -62
   619   -60
   620   -61
   621   -60
   622   -61
   623   -60
   624   -61
   625   -60
   626   -61
   627   -61
   628   -61
   629   -61
   630   -60
   631   -61
   632   -60
   633   -61
   634   -60
   635   -62
   636   -60
   637   -62
   638   -60
   639   -62
   640   -60
   641   -61
   642   -60
   643   -61
   644   -61
   645   -60
   646   -61
   647   -60
   648   -62
   649   -60
   650   -62
   651   -60
   652   -62
   653   -60
   654   -62
   655   -60
   656   -62
   657   -60
   658   -61
   659   -60
   660   -61
   661   -61
   662   -60
   663   -61
   664   -60
   665   -62
   666   -60
   667   -62
   668   -60
   669   -62
   670   -60
   671   -62
   672   -60
   673   -61
   674   -60
   675   -61
   676   -60
   677   -61
   678   -60
   679   -60
   680   -61
   681   -60
   682   -62
   683   -60
   684   -62
   685   -60
   686   -62
   687   -60
   688   -62
   689   -60
   690   -62
   691   -60
   692   -61
   693   -61
   694   -61
   695   -61
   696   -60
   697   -61
   698   -60
   699   -62
   700   -60
   701   -62
   702   -60
   703   -61
   704   -60
   705   -62
   706   -60
   707   -61
   708   -60
   709   -61
   710   -61
   711   -60
   712   -61
   713   -60
   714   -62
   715   -60
   716   -62
   717   -60
   718   -62
   719   -60
   720   -62
   721   -60
   722   -61
   723   -60
   724   -61
   725   -61
   726   -61
   727   -61
   728   -60
   729   -61
   730   -60
   731   -62
   732   -60
   733   -62
   734   -60
   735   -62
   736   -60
   737   -62
   738   -60
   739   -61
   740   -60
   741   -62
   742   -61
   743   -61
   744   -61
   745   -60
   746   -62
   747   -60
   748   -62
   749   -60
   750   -62
   751   -60
   752   -62
   753   -60
   754   -62
   755   -60
   756   -61
   757   -60
   758   -61
   759   -61
   760   -60
   761   -61
   762   -60
   763   -62
   764   -60
   765   -62
   766   -60
   767   -62
   768   -60
   769   -62
   770   -60
   771   -62
   772   -60
   773   -61
   774   -61
   775   -61
   776   -61
   777   -61
   778   -61
   779   -60
   780   -62
   781   -60
   782   -62
   783   -60
   784   -62
   785   -60
   786   -62
   787   -60
   788   -62
   789   -60
   790   -61
   791   -61
   792   -61
   793   -61
   794   -60
   795   -61
   796   -60
   797   -62
   798   -60
   799   -62
   800   -59
   801   -62
   802   -60
   803   -62
   804   -60
   805   -62
   806   -60
   807   -61
   808   -61
   809   -61
   810   -61
   811   -60
   812   -62
   813   -60
   814   -62
   815   -60
   816   -62
   817   -60
   818   -62
   819   -60
   820   -62
   821   -60
   822   -61
   823   -61
   824   -61
   825   -61
   826   -60
   827   -61
   828   -60
   829   -62
   830   -60
   831   -62
   832   -60
   833   -62
   834   -60
   835   -62
   836   -60
   837   -62
   838   -60
   839   -61
   840   -61
   841   -61
   842   -61
   843   -60
   844   -62
   845   -60
   846   -62
   847   -60
   848   -62
   849   -60
   850   -62
   851   -60
   852   -62
   853   -60
   854   -61
   855   -60
   856   -61
   857   -61
   858   -61
   859   -61
   860   -60
   861   -62
   862   -60
   863   -62
   864   -59
   865   -62
   866   -59
   867   -62
   868   -60
   869   -62
   870   -60
   871   -61
   872   -60
   873   -61
   874   -61
   875   -61
   876   -61
   877   -60
   878   -62
   879   -60
   880   -62
   881   -60
   882   -62
   883   -60
   884   -62
   885   -60
   886   -61
   887   -60
   888   -61
   889   -61
   890   -61
   891   -61
   892   -60
   893   -62
   894   -60
   895   -62
   896   -60
   897   -62
   898   -60
   899   -62
   900   -60
   901   -62
   902   -60
   903   -61
   904   -60
   905   -61
   906   -60
   907   -61
   908   -61
   909   -61
   910   -62
   911   -60
   912   -62
   913   -60
   914   -62
   915   -60
   916   -62
   917   -60
   918   -62
   919   -60
   920   -61
   921   -60
   922   -61
   923   -61
   924   -61
   925   -61
   926   -60
   927   -62
   928   -60
   929   -62
   930   -60
   931   -62
   932   -59
   933   -62
   934   -60
   935   -62
   936   -60
   937   -61
   938   -60
   939   -61
   940   -61
   941   -60
   942   -61
   943   -60
   944   -62
   945   -60
   946   -62
   947   -60
   948   -62
   949   -60
   950   -62
   951   -60
   952   -61
   953   -60
   954   -61
   955   -61
   956   -61
   957   -61
   958   -60
   959   -62
   960   -60
   961   -62
   962   -60
   963   -62
   964   -60
   965   -62
   966   -60
   967   -62
   968   -60
   969   -61
   970   -60
   971   -61
   972   -61
   973   -60
   974   -61
   975   -60
   976   -62
   977   -60
   978   -62
   979   -60
   980   -62
   981   -60
   982   -62
   983   -60
   984   -62
   985   -60
   986   -61
   987   -60
   988   -61
   989   -61
   990   -60
   991   -62
   992   -60
   993   -62
   994   -60
   995   -62
   996   -60
   997   -62
   998   -59
   999   -62
