   0   0
   1   -61
   2   -61
   3   -61
   4   -61
   5   -61
   6   -61
   7   -61
   8   -61
   9   -61
   10   -61
   11   -61
   12   -61
   13   -61
   14   -61
   15   -61
   16   -61
   17   -61
   18   -61
   19   -61
   20   -61
   21   -61
   22   -61
   23   -61
   24   -61
   25   -61
   26   -61
   27   -61
   28   -61
   29   -61
   30   -61
   31   -61
   32   -61
   33   -61
   34   -61
   35   -61
   36   -61
   37   -61
   38   -61
   39   -61
   40   -61
   41   -61
   42   -61
   43   -61
   44   -61
   45   -61
   46   -61
   47   -61
   48   -61
   49   -61
   50   -61
   51   -61
   52   -61
   53   -61
   54   -61
   55   -61
   56   -61
   57   -61
   58   -61
   59   -61
   60   -61
   61   -61
   62   -61
   63   -61
   64   -61
   65   -61
   66   -61
   67   -61
   68   -61
   69   -61
   70   -61
   71   -61
   72   -61
   73   -61
   74   -61
   75   -61
   76   -61
   77   -61
   78   -61
   79   -61
   80   -61
   81   -61
   82   -61
   83   -61
   84   -61
   85   -61
   86   -61
   87   -61
   88   -61
   89   -61
   90   -61
   91   -61
   92   -61
   93   -61
   94   -61
   95   -61
   96   -61
   97   -61
   98   -61
   99   -61
   100   -61
   101   -61
   102   -61
   103   -61
   104   -61
   105   -61
   106   -61
   107   -61
   108   -61
   109   -61
   110   -61
   111   -61
   112   -61
   113   -61
   114   -61
   115   -61
   116   -61
   117   -61
   118   -61
   119   -61
   120   -61
   121   -61
   122   -61
   123   -61
   124   -61
   125   -61
   126   -61
   127   -61
   128   -61
   129   -61
   130   -61
   131   -61
   132   -61
   133   -61
   134   -61
   135   -61
   136   -61
   137   -61
   138   -61
   139   -61
   140   -61
   141   -61
   142   -61
   143   -61
   144   -61
   145   -61
   146   -61
   147   -61
   148   -61
   149   -61
   150   -61
   151   -61
   152   -61
   153   -61
   154   -61
   155   -61
   156   -61
   157   -61
   158   -61
   159   -61
   160   -61
   161   -61
   162   -61
   163   -61
   164   -61
   165   -61
   166   -61
   167   -61
   168   -61
   169   -61
   170   -61
   171   -61
   172   -61
   173   -61
   174   -61
   175   -61
   176   -61
   177   -61
   178   -61
   179   -61
   180   -61
   181   -61
   182   -61
   183   -61
   184   -61
   185   -61
   186   -61
   187   -61
   188   -61
   189   -61
   190   -61
   191   -61
   192   -61
   193   -62
   194   -61
   195   -61
   196   -61
   197   -61
   198   -61
   199   -61
   200   -62
   201   -60
   202   -44
   203   -16
   204   -11
   205   -13
   206   -17
   207   -17
   208   -18
   209   -16
   210   -16
   211   -14
   212   -14
   213   -13
   214   -13
   215   -12
   216   -12
   217   -11
   218   -11
   219   -10
   220   -9
   221   -9
   222   -8
   223   -7
   224   -7
   225   -6
   226   -6
   227   -5
   228   -4
   229   -4
   230   -3
   231   -2
   232   -2
   233   -1
   234   0
   235   1
   236   1
   237   2
   238   3
   239   4
   240   4
   241   5
   242   5
   243   6
   244   7
   245   8
   246   9
   247   10
   248   10
   249   11
   250   12
   251   13
   252   14
   253   15
   254   16
   255   16
   256   17
   257   18
   258   19
   259   20
   260   21
   261   22
   262   23
   263   24
   264   25
   265   26
   266   27
   267   28
   268   29
   269   30
   270   31
   271   32
   272   33
   273   34
   274   35
   275   36
   276   37
   277   38
   278   39
   279   40
   280   42
   281   43
   282   44
   283   45
   284   46
   285   47
   286   49
   287   50
   288   51
   289   52
   290   53
   291   54
   292   55
   293   56
   294   57
   295   58
   296   59
   297   59
   298   60
   299   60
   300   60
   301   60
   302   60
   303   60
   304   59
   305   58
   306   57
   307   56
   308   55
   309   53
   310   51
   311   49
   312   46
   313   44
   314   41
   315   38
   316   35
   317   32
   318   29
   319   25
   320   22
   321   18
   322   15
   323   10
   324   7
   325   3
   326   0
   327   -4
   328   -7
   329   -10
   330   -14
   331   -17
   332   -20
   333   -23
   334   -26
   335   -28
   336   -30
   337   -32
   338   -35
   339   -37
   340   -39
   341   -40
   342   -42
   343   -43
   344   -45
   345   -46
   346   -47
   347   -48
   348   -49
   349   -50
   350   -51
   351   -52
   352   -52
   353   -53
   354   -53
   355   -54
   356   -53
   357   -54
   358   -54
   359   -55
   360   -55
   361   -55
   362   -55
   363   -55
   364   -55
   365   -56
   366   -56
   367   -56
   368   -56
   369   -56
   370   -56
   371   -56
   372   -56
   373   -56
   374   -56
   375   -56
   376   -56
   377   -56
   378   -56
   379   -56
   380   -56
   381   -56
   382   -56
   383   -56
   384   -56
   385   -56
   386   -56
   387   -56
   388   -56
   389   -56
   390   -56
   391   -56
   392   -56
   393   -56
   394   -56
   395   -56
   396   -56
   397   -56
   398   -56
   399   -56
   400   -56
   401   -56
   402   -56
   403   -56
   404   -56
   405   -56
   406   -56
   407   -56
   408   -56
   409   -56
   410   -56
   411   -56
   412   -56
   413   -56
   414   -56
   415   -56
   416   -56
   417   -56
   418   -56
   419   -56
   420   -56
   421   -56
   422   -56
   423   -56
   424   -56
   425   -56
   426   -56
   427   -56
   428   -56
   429   -56
   430   -56
   431   -56
   432   -56
   433   -56
   434   -56
   435   -56
   436   -56
   437   -56
   438   -56
   439   -56
   440   -56
   441   -56
   442   -56
   443   -56
   444   -56
   445   -56
   446   -56
   447   -56
   448   -56
   449   -56
   450   -56
   451   -57
   452   -56
   453   -56
   454   -56
   455   -56
   456   -56
   457   -57
   458   -56
   459   -56
   460   -56
   461   -57
   462   -56
   463   -56
   464   -56
   465   -56
   466   -56
   467   -56
   468   -57
   469   -56
   470   -57
   471   -56
   472   -57
   473   -56
   474   -57
   475   -56
   476   -57
   477   -56
   478   -57
   479   -57
   480   -56
   481   -57
   482   -56
   483   -57
   484   -56
   485   -57
   486   -56
   487   -57
   488   -56
   489   -57
   490   -56
   491   -57
   492   -56
   493   -57
   494   -57
   495   -57
   496   -57
   497   -56
   498   -57
   499   -56
   500   -57
   501   -57
   502   -57
   503   -56
   504   -57
   505   -56
   506   -57
   507   -56
   508   -57
   509   -57
   510   -57
   511   -57
   512   -57
   513   -57
   514   -57
   515   -57
   516   -56
   517   -57
   518   -56
   519   -57
   520   -56
   521   -57
   522   -57
   523   -57
   524   -57
   525   -57
   526   -57
   527   -57
   528   -57
   529   -57
   530   -57
   531   -57
   532   -57
   533   -57
   534   -57
   535   -57
   536   -57
   537   -57
   538   -57
   539   -57
   540   -57
   541   -57
   542   -57
   543   -57
   544   -57
   545   -57
   546   -57
   547   -57
   548   -57
   549   -57
   550   -57
   551   -57
   552   -57
   553   -57
   554   -57
   555   -57
   556   -57
   557   -57
   558   -57
   559   -57
   560   -57
   561   -57
   562   -57
   563   -57
   564   -57
   565   -57
   566   -57
   567   -57
   568   -57
   569   -57
   570   -57
   571   -57
   572   -57
   573   -57
   574   -57
   575   -57
   576   -57
   577   -57
   578   -57
   579   -57
   580   -57
   581   -57
   582   -57
   583   -58
   584   -57
   585   -57
   586   -57
   587   -57
   588   -57
   589   -58
   590   -57
   591   -57
   592   -57
   593   -57
   594   -57
   595   -57
   596   -57
   597   -57
   598   -57
   599   -57
   600   -57
   601   -57
   602   -57
   603   -57
   604   -58
   605   -57
   606   -58
   607   -57
   608   -57
   609   -57
   610   -57
   611   -57
   612   -57
   613   -57
   614   -57
   615   -57
   616   -57
   617   -58
   618   -57
   619   -57
   620   -57
   621   -58
   622   -57
   623   -58
   624   -57
   625   -58
   626   -57
   627   -58
   628   -57
   629   -57
   630   -57
   631   -57
   632   -58
   633   -57
   634   -58
   635   -57
   636   -58
   637   -57
   638   -58
   639   -57
   640   -58
   641   -57
   642   -58
   643   -57
   644   -58
   645   -57
   646   -57
   647   -58
   648   -57
   649   -58
   650   -57
   651   -58
   652   -57
   653   -58
   654   -57
   655   -58
   656   -57
   657   -58
   658   -58
   659   -58
   660   -58
   661   -57
   662   -58
   663   -58
   664   -58
   665   -57
   666   -58
   667   -57
   668   -58
   669   -57
   670   -58
   671   -58
   672   -58
   673   -57
   674   -58
   675   -58
   676   -58
   677   -58
   678   -57
   679   -58
   680   -58
   681   -58
   682   -57
   683   -58
   684   -57
   685   -58
   686   -57
   687   -58
   688   -57
   689   -58
   690   -58
   691   -58
   692   -58
   693   -58
   694   -58
   695   -58
   696   -58
   697   -58
   698   -58
   699   -57
   700   -58
   701   -57
   702   -58
   703   -57
   704   -58
   705   -58
   706   -58
   707   -58
   708   -58
   709   -58
   710   -58
   711   -58
   712   -58
   713   -58
   714   -58
   715   -58
   716   -57
   717   -58
   718   -57
   719   -58
   720   -58
   721   -58
   722   -58
   723   -58
   724   -58
   725   -58
   726   -58
   727   -58
   728   -58
   729   -58
   730   -58
   731   -58
   732   -58
   733   -57
   734   -58
   735   -58
   736   -58
   737   -58
   738   -58
   739   -57
   740   -58
   741   -58
   742   -58
   743   -58
   744   -58
   745   -58
   746   -58
   747   -58
   748   -57
   749   -58
   750   -58
   751   -59
   752   -57
   753   -58
   754   -57
   755   -58
   756   -58
   757   -58
   758   -58
   759   -58
   760   -58
   761   -58
   762   -58
   763   -58
   764   -58
   765   -58
   766   -58
   767   -58
   768   -58
   769   -58
   770   -58
   771   -58
   772   -58
   773   -58
   774   -58
   775   -58
   776   -58
   777   -58
   778   -58
   779   -58
   780   -58
   781   -58
   782   -58
   783   -58
   784   -58
   785   -58
   786   -58
   787   -58
   788   -58
   789   -58
   790   -58
   791   -58
   792   -58
   793   -58
   794   -58
   795   -58
   796   -59
   797   -58
   798   -58
   799   -58
   800   -59
   801   -58
   802   -58
   803   -58
   804   -58
   805   -58
   806   -58
   807   -58
   808   -58
   809   -58
   810   -58
   811   -58
   812   -58
   813   -59
   814   -58
   815   -59
   816   -58
   817   -58
   818   -58
   819   -58
   820   -58
   821   -58
   822   -58
   823   -58
   824   -58
   825   -58
   826   -58
   827   -58
   828   -58
   829   -58
   830   -58
   831   -58
   832   -59
   833   -58
   834   -58
   835   -58
   836   -58
   837   -58
   838   -58
   839   -58
   840   -58
   841   -58
   842   -58
   843   -58
   844   -58
   845   -58
   846   -58
   847   -59
   848   -58
   849   -59
   850   -58
   851   -58
   852   -58
   853   -58
   854   -58
   855   -58
   856   -58
   857   -58
   858   -58
   859   -58
   860   -59
   861   -58
   862   -59
   863   -58
   864   -59
   865   -58
   866   -59
   867   -58
   868   -59
   869   -58
   870   -59
   871   -58
   872   -59
   873   -58
   874   -58
   875   -58
   876   -58
   877   -58
   878   -58
   879   -59
   880   -58
   881   -59
   882   -58
   883   -59
   884   -58
   885   -59
   886   -58
   887   -58
   888   -58
   889   -58
   890   -58
   891   -58
   892   -58
   893   -58
   894   -58
   895   -58
   896   -58
   897   -58
   898   -59
   899   -58
   900   -59
   901   -58
   902   -59
   903   -58
   904   -58
   905   -59
   906   -58
   907   -59
   908   -58
   909   -59
   910   -58
   911   -59
   912   -58
   913   -59
   914   -58
   915   -59
   916   -58
   917   -59
   918   -58
   919   -59
   920   -58
   921   -59
   922   -58
   923   -58
   924   -58
   925   -58
   926   -59
   927   -58
   928   -59
   929   -58
   930   -59
   931   -58
   932   -59
   933   -58
   934   -59
   935   -58
   936   -59
   937   -58
   938   -59
   939   -58
   940   -59
   941   -58
   942   -58
   943   -59
   944   -58
   945   -59
   946   -58
   947   -59
   948   -58
   949   -59
   950   -58
   951   -59
   952   -58
   953   -59
   954   -58
   955   -59
   956   -59
   957   -58
   958   -59
   959   -58
   960   -59
   961   -58
   962   -59
   963   -58
   964   -59
   965   -58
   966   -59
   967   -58
   968   -59
   969   -58
   970   -59
   971   -59
   972   -58
   973   -59
   974   -58
   975   -59
   976   -58
   977   -59
   978   -58
   979   -59
   980   -58
   981   -59
   982   -58
   983   -59
   984   -58
   985   -59
   986   -58
   987   -59
   988   -59
   989   -59
   990   -59
   991   -58
   992   -59
   993   -58
   994   -59
   995   -58
   996   -59
   997   -58
   998   -59
   999   -58
