   0   0
   1   -69
   2   -69
   3   -69
   4   -69
   5   -68
   6   -67
   7   -67
   8   -67
   9   -66
   10   -66
   11   -66
   12   -67
   13   -66
   14   -67
   15   -68
   16   -69
   17   -69
   18   -69
   19   -69
   20   -69
   21   -68
   22   -68
   23   -67
   24   -67
   25   -66
   26   -66
   27   -66
   28   -67
   29   -67
   30   -67
   31   -68
   32   -69
   33   -69
   34   -69
   35   -70
   36   -69
   37   -68
   38   -68
   39   -68
   40   -67
   41   -66
   42   -66
   43   -66
   44   -67
   45   -66
   46   -67
   47   -68
   48   -68
   49   -69
   50   -69
   51   -69
   52   -69
   53   -69
   54   -68
   55   -67
   56   -67
   57   -67
   58   -66
   59   -66
   60   -66
   61   -67
   62   -67
   63   -67
   64   -68
   65   -69
   66   -69
   67   -70
   68   -69
   69   -69
   70   -69
   71   -68
   72   -67
   73   -67
   74   -67
   75   -66
   76   -66
   77   -66
   78   -67
   79   -67
   80   -67
   81   -68
   82   -69
   83   -69
   84   -69
   85   -69
   86   -68
   87   -68
   88   -67
   89   -66
   90   -66
   91   -66
   92   -66
   93   -66
   94   -66
   95   -67
   96   -68
   97   -68
   98   -69
   99   -69
   100   -69
   101   -69
   102   -70
   103   -68
   104   -68
   105   -67
   106   -67
   107   -66
   108   -66
   109   -66
   110   -66
   111   -66
   112   -67
   113   -68
   114   -68
   115   -69
   116   -69
   117   -69
   118   -69
   119   -68
   120   -68
   121   -67
   122   -67
   123   -66
   124   -66
   125   -66
   126   -66
   127   -66
   128   -67
   129   -67
   130   -68
   131   -68
   132   -70
   133   -70
   134   -69
   135   -69
   136   -69
   137   -68
   138   -67
   139   -67
   140   -66
   141   -67
   142   -66
   143   -66
   144   -67
   145   -67
   146   -68
   147   -68
   148   -69
   149   -69
   150   -69
   151   -69
   152   -68
   153   -68
   154   -68
   155   -66
   156   -66
   157   -66
   158   -66
   159   -66
   160   -67
   161   -67
   162   -68
   163   -68
   164   -69
   165   -70
   166   -69
   167   -69
   168   -69
   169   -68
   170   -68
   171   -67
   172   -67
   173   -67
   174   -66
   175   -66
   176   -67
   177   -67
   178   -67
   179   -68
   180   -69
   181   -69
   182   -69
   183   -69
   184   -68
   185   -69
   186   -68
   187   -67
   188   -67
   189   -66
   190   -66
   191   -66
   192   -66
   193   -67
   194   -67
   195   -68
   196   -68
   197   -68
   198   -69
   199   -69
   200   -69
   201   -42
   202   12
   203   -33
   204   -35
   205   -29
   206   -28
   207   -29
   208   -28
   209   -28
   210   -28
   211   -29
   212   -28
   213   -30
   214   -29
   215   -30
   216   -30
   217   -29
   218   -29
   219   -28
   220   -27
   221   -27
   222   -28
   223   -26
   224   -26
   225   -27
   226   -26
   227   -27
   228   -28
   229   -29
   230   -29
   231   -29
   232   -29
   233   -29
   234   -29
   235   -28
   236   -28
   237   -27
   238   -27
   239   -27
   240   -27
   241   -26
   242   -27
   243   -28
   244   -28
   245   -29
   246   -30
   247   -30
   248   -30
   249   -30
   250   -30
   251   -30
   252   -29
   253   -28
   254   -28
   255   -27
   256   -27
   257   -27
   258   -28
   259   -28
   260   -28
   261   -29
   262   -30
   263   -30
   264   -31
   265   -31
   266   -31
   267   -31
   268   -30
   269   -30
   270   -29
   271   -28
   272   -28
   273   -29
   274   -28
   275   -29
   276   -29
   277   -30
   278   -31
   279   -31
   280   -32
   281   -32
   282   -32
   283   -32
   284   -31
   285   -31
   286   -30
   287   -30
   288   -29
   289   -29
   290   -30
   291   -30
   292   -30
   293   -30
   294   -31
   295   -32
   296   -32
   297   -33
   298   -33
   299   -32
   300   -33
   301   -32
   302   -31
   303   -31
   304   -31
   305   -30
   306   -31
   307   -31
   308   -31
   309   -32
   310   -32
   311   -33
   312   -34
   313   -34
   314   -33
   315   -34
   316   -33
   317   -33
   318   -32
   319   -32
   320   -31
   321   -31
   322   -31
   323   -31
   324   -31
   325   -32
   326   -32
   327   -33
   328   -34
   329   -34
   330   -34
   331   -34
   332   -35
   333   -34
   334   -34
   335   -33
   336   -33
   337   -32
   338   -32
   339   -33
   340   -32
   341   -33
   342   -33
   343   -34
   344   -35
   345   -35
   346   -35
   347   -35
   348   -35
   349   -35
   350   -35
   351   -34
   352   -34
   353   -33
   354   -33
   355   -33
   356   -33
   357   -33
   358   -34
   359   -34
   360   -35
   361   -36
   362   -36
   363   -36
   364   -36
   365   -36
   366   -36
   367   -36
   368   -35
   369   -34
   370   -34
   371   -35
   372   -34
   373   -35
   374   -35
   375   -36
   376   -36
   377   -37
   378   -37
   379   -37
   380   -38
   381   -37
   382   -37
   383   -37
   384   -36
   385   -36
   386   -35
   387   -35
   388   -35
   389   -35
   390   -36
   391   -36
   392   -36
   393   -37
   394   -37
   395   -38
   396   -38
   397   -38
   398   -38
   399   -38
   400   -37
   401   -37
   402   -37
   403   -37
   404   -37
   405   -37
   406   -37
   407   -38
   408   -39
   409   -40
   410   -40
   411   -41
   412   -41
   413   -42
   414   -42
   415   -42
   416   -42
   417   -42
   418   -42
   419   -42
   420   -42
   421   -42
   422   -43
   423   -44
   424   -45
   425   -46
   426   -47
   427   -48
   428   -49
   429   -50
   430   -50
   431   -50
   432   -51
   433   -51
   434   -51
   435   -51
   436   -52
   437   -52
   438   -53
   439   -54
   440   -54
   441   -56
   442   -57
   443   -58
   444   -59
   445   -60
   446   -60
   447   -60
   448   -61
   449   -61
   450   -61
   451   -61
   452   -61
   453   -61
   454   -61
   455   -61
   456   -62
   457   -63
   458   -63
   459   -64
   460   -64
   461   -65
   462   -65
   463   -66
   464   -66
   465   -66
   466   -65
   467   -65
   468   -65
   469   -65
   470   -65
   471   -65
   472   -66
   473   -66
   474   -66
   475   -67
   476   -67
   477   -68
   478   -68
   479   -68
   480   -68
   481   -68
   482   -68
   483   -67
   484   -67
   485   -67
   486   -66
   487   -66
   488   -66
   489   -67
   490   -67
   491   -67
   492   -68
   493   -68
   494   -68
   495   -68
   496   -68
   497   -68
   498   -67
   499   -67
   500   -66
   501   -66
   502   -66
   503   -66
   504   -66
   505   -67
   506   -67
   507   -67
   508   -68
   509   -68
   510   -68
   511   -68
   512   -69
   513   -68
   514   -68
   515   -68
   516   -67
   517   -67
   518   -67
   519   -66
   520   -66
   521   -67
   522   -66
   523   -67
   524   -67
   525   -68
   526   -68
   527   -68
   528   -68
   529   -68
   530   -68
   531   -67
   532   -67
   533   -67
   534   -67
   535   -66
   536   -67
   537   -66
   538   -66
   539   -67
   540   -68
   541   -67
   542   -68
   543   -68
   544   -68
   545   -68
   546   -68
   547   -67
   548   -68
   549   -67
   550   -67
   551   -67
   552   -67
   553   -66
   554   -67
   555   -67
   556   -67
   557   -68
   558   -68
   559   -68
   560   -68
   561   -68
   562   -68
   563   -68
   564   -67
   565   -67
   566   -67
   567   -67
   568   -66
   569   -66
   570   -67
   571   -66
   572   -67
   573   -67
   574   -67
   575   -68
   576   -69
   577   -68
   578   -68
   579   -68
   580   -68
   581   -67
   582   -67
   583   -67
   584   -67
   585   -67
   586   -67
   587   -67
   588   -67
   589   -67
   590   -68
   591   -68
   592   -68
   593   -68
   594   -68
   595   -68
   596   -67
   597   -68
   598   -68
   599   -67
   600   -67
   601   -67
   602   -67
   603   -67
   604   -67
   605   -67
   606   -67
   607   -68
   608   -68
   609   -68
   610   -68
   611   -68
   612   -68
   613   -68
   614   -68
   615   -67
   616   -67
   617   -67
   618   -67
   619   -67
   620   -67
   621   -68
   622   -68
   623   -68
   624   -68
   625   -68
   626   -69
   627   -68
   628   -68
   629   -67
   630   -68
   631   -67
   632   -67
   633   -67
   634   -67
   635   -67
   636   -66
   637   -67
   638   -67
   639   -67
   640   -67
   641   -68
   642   -68
   643   -68
   644   -68
   645   -68
   646   -68
   647   -68
   648   -67
   649   -67
   650   -67
   651   -67
   652   -67
   653   -67
   654   -68
   655   -68
   656   -67
   657   -68
   658   -68
   659   -68
   660   -67
   661   -68
   662   -68
   663   -67
   664   -67
   665   -67
   666   -67
   667   -67
   668   -67
   669   -67
   670   -67
   671   -68
   672   -68
   673   -68
   674   -67
   675   -68
   676   -68
   677   -68
   678   -68
   679   -67
   680   -68
   681   -67
   682   -67
   683   -67
   684   -67
   685   -67
   686   -67
   687   -67
   688   -68
   689   -68
   690   -68
   691   -68
   692   -68
   693   -68
   694   -68
   695   -68
   696   -67
   697   -67
   698   -67
   699   -67
   700   -67
   701   -67
   702   -67
   703   -67
   704   -67
   705   -67
   706   -68
   707   -68
   708   -68
   709   -68
   710   -68
   711   -68
   712   -68
   713   -68
   714   -67
   715   -67
   716   -67
   717   -67
   718   -68
   719   -67
   720   -67
   721   -67
   722   -68
   723   -68
   724   -68
   725   -68
   726   -68
   727   -67
   728   -68
   729   -67
   730   -67
   731   -68
   732   -67
   733   -67
   734   -67
   735   -67
   736   -67
   737   -67
   738   -68
   739   -68
   740   -67
   741   -68
   742   -68
   743   -67
   744   -67
   745   -67
   746   -67
   747   -68
   748   -68
   749   -67
   750   -67
   751   -67
   752   -68
   753   -67
   754   -67
   755   -68
   756   -68
   757   -67
   758   -68
   759   -68
   760   -68
   761   -67
   762   -67
   763   -68
   764   -67
   765   -67
   766   -67
   767   -67
   768   -67
   769   -67
   770   -67
   771   -67
   772   -67
   773   -67
   774   -67
   775   -67
   776   -67
   777   -67
   778   -67
   779   -67
   780   -67
   781   -67
   782   -68
   783   -67
   784   -68
   785   -68
   786   -68
   787   -68
   788   -68
   789   -68
   790   -68
   791   -68
   792   -68
   793   -68
   794   -68
   795   -67
   796   -67
   797   -67
   798   -67
   799   -67
   800   -67
   801   -67
   802   -67
   803   -67
   804   -67
   805   -67
   806   -67
   807   -68
   808   -67
   809   -67
   810   -67
   811   -67
   812   -67
   813   -67
   814   -67
   815   -67
   816   -67
   817   -68
   818   -67
   819   -68
   820   -68
   821   -68
   822   -68
   823   -68
   824   -68
   825   -68
   826   -68
   827   -68
   828   -68
   829   -67
   830   -68
   831   -68
   832   -67
   833   -68
   834   -67
   835   -67
   836   -67
   837   -67
   838   -67
   839   -67
   840   -67
   841   -67
   842   -67
   843   -67
   844   -67
   845   -67
   846   -68
   847   -68
   848   -68
   849   -67
   850   -67
   851   -67
   852   -68
   853   -68
   854   -68
   855   -67
   856   -68
   857   -68
   858   -67
   859   -68
   860   -67
   861   -67
   862   -68
   863   -68
   864   -67
   865   -67
   866   -68
   867   -67
   868   -68
   869   -67
   870   -67
   871   -67
   872   -66
   873   -67
   874   -67
   875   -67
   876   -67
   877   -67
   878   -68
   879   -67
   880   -67
   881   -68
   882   -67
   883   -68
   884   -68
   885   -67
   886   -67
   887   -67
   888   -68
   889   -67
   890   -67
   891   -67
   892   -68
   893   -67
   894   -68
   895   -68
   896   -68
   897   -68
   898   -68
   899   -68
   900   -67
   901   -68
   902   -67
   903   -67
   904   -67
   905   -67
   906   -67
   907   -67
   908   -67
   909   -67
   910   -67
   911   -67
   912   -67
   913   -67
   914   -67
   915   -67
   916   -67
   917   -68
   918   -67
   919   -67
   920   -67
   921   -67
   922   -68
   923   -67
   924   -68
   925   -68
   926   -68
   927   -68
   928   -68
   929   -68
   930   -67
   931   -68
   932   -68
   933   -68
   934   -67
   935   -68
   936   -67
   937   -67
   938   -67
   939   -67
   940   -67
   941   -67
   942   -67
   943   -67
   944   -68
   945   -67
   946   -67
   947   -68
   948   -67
   949   -67
   950   -67
   951   -67
   952   -67
   953   -67
   954   -67
   955   -67
   956   -67
   957   -67
   958   -68
   959   -68
   960   -68
   961   -68
   962   -68
   963   -68
   964   -68
   965   -68
   966   -68
   967   -67
   968   -68
   969   -67
   970   -67
   971   -67
   972   -67
   973   -67
   974   -67
   975   -67
   976   -68
   977   -68
   978   -68
   979   -68
   980   -68
   981   -67
   982   -67
   983   -67
   984   -67
   985   -67
   986   -67
   987   -67
   988   -67
   989   -67
   990   -68
   991   -68
   992   -67
   993   -68
   994   -68
   995   -68
   996   -68
   997   -68
   998   -68
   999   -68
