   0   0
   1   -68
   2   -67
   3   -67
   4   -67
   5   -67
   6   -67
   7   -67
   8   -67
   9   -67
   10   -68
   11   -68
   12   -67
   13   -68
   14   -68
   15   -68
   16   -68
   17   -68
   18   -67
   19   -67
   20   -67
   21   -67
   22   -67
   23   -67
   24   -67
   25   -67
   26   -67
   27   -66
   28   -67
   29   -67
   30   -68
   31   -68
   32   -67
   33   -67
   34   -68
   35   -67
   36   -67
   37   -67
   38   -67
   39   -67
   40   -67
   41   -67
   42   -67
   43   -67
   44   -68
   45   -68
   46   -68
   47   -69
   48   -68
   49   -68
   50   -68
   51   -67
   52   -67
   53   -67
   54   -67
   55   -67
   56   -67
   57   -67
   58   -67
   59   -67
   60   -67
   61   -67
   62   -67
   63   -68
   64   -67
   65   -67
   66   -67
   67   -68
   68   -67
   69   -67
   70   -67
   71   -67
   72   -67
   73   -67
   74   -67
   75   -68
   76   -67
   77   -68
   78   -68
   79   -68
   80   -68
   81   -68
   82   -68
   83   -67
   84   -67
   85   -68
   86   -67
   87   -67
   88   -67
   89   -66
   90   -67
   91   -67
   92   -68
   93   -68
   94   -68
   95   -67
   96   -68
   97   -67
   98   -68
   99   -67
   100   -67
   101   -67
   102   -67
   103   -67
   104   -66
   105   -66
   106   -67
   107   -67
   108   -67
   109   -67
   110   -68
   111   -68
   112   -68
   113   -68
   114   -69
   115   -68
   116   -68
   117   -67
   118   -67
   119   -68
   120   -67
   121   -67
   122   -67
   123   -67
   124   -67
   125   -67
   126   -68
   127   -67
   128   -68
   129   -67
   130   -67
   131   -67
   132   -67
   133   -67
   134   -67
   135   -67
   136   -67
   137   -67
   138   -67
   139   -67
   140   -67
   141   -67
   142   -68
   143   -68
   144   -67
   145   -68
   146   -68
   147   -68
   148   -68
   149   -67
   150   -68
   151   -67
   152   -67
   153   -67
   154   -67
   155   -67
   156   -68
   157   -68
   158   -67
   159   -67
   160   -67
   161   -67
   162   -68
   163   -68
   164   -67
   165   -67
   166   -67
   167   -67
   168   -66
   169   -67
   170   -67
   171   -67
   172   -66
   173   -67
   174   -67
   175   -67
   176   -67
   177   -68
   178   -67
   179   -68
   180   -67
   181   -67
   182   -68
   183   -68
   184   -68
   185   -68
   186   -68
   187   -68
   188   -67
   189   -68
   190   -68
   191   -68
   192   -67
   193   -68
   194   -67
   195   -67
   196   -67
   197   -67
   198   -66
   199   -67
   200   -68
   201   -39
   202   30
   203   -6
   204   -9
   205   -5
   206   -4
   207   -5
   208   -3
   209   -2
   210   -2
   211   -2
   212   -1
   213   -3
   214   -2
   215   -1
   216   0
   217   -2
   218   -1
   219   -1
   220   0
   221   -1
   222   -1
   223   0
   224   -1
   225   -1
   226   0
   227   -1
   228   -2
   229   -1
   230   -1
   231   0
   232   0
   233   -1
   234   0
   235   -1
   236   -1
   237   0
   238   0
   239   -1
   240   -1
   241   -1
   242   -1
   243   -1
   244   -1
   245   -2
   246   -2
   247   -1
   248   -1
   249   -2
   250   -2
   251   -2
   252   -2
   253   -2
   254   -2
   255   -2
   256   -2
   257   -2
   258   -3
   259   -2
   260   -3
   261   -3
   262   -3
   263   -3
   264   -3
   265   -3
   266   -3
   267   -3
   268   -3
   269   -3
   270   -3
   271   -3
   272   -3
   273   -3
   274   -3
   275   -3
   276   -3
   277   -4
   278   -4
   279   -4
   280   -4
   281   -4
   282   -4
   283   -5
   284   -4
   285   -4
   286   -5
   287   -5
   288   -5
   289   -5
   290   -5
   291   -6
   292   -6
   293   -5
   294   -5
   295   -6
   296   -6
   297   -6
   298   -6
   299   -6
   300   -6
   301   -6
   302   -5
   303   -6
   304   -6
   305   -6
   306   -6
   307   -6
   308   -6
   309   -6
   310   -6
   311   -6
   312   -7
   313   -6
   314   -7
   315   -7
   316   -7
   317   -7
   318   -8
   319   -8
   320   -8
   321   -8
   322   -8
   323   -8
   324   -8
   325   -8
   326   -8
   327   -8
   328   -8
   329   -8
   330   -9
   331   -8
   332   -9
   333   -9
   334   -9
   335   -9
   336   -9
   337   -8
   338   -9
   339   -9
   340   -9
   341   -9
   342   -9
   343   -9
   344   -9
   345   -9
   346   -10
   347   -10
   348   -10
   349   -11
   350   -11
   351   -11
   352   -12
   353   -12
   354   -13
   355   -14
   356   -14
   357   -15
   358   -16
   359   -17
   360   -18
   361   -19
   362   -21
   363   -21
   364   -23
   365   -24
   366   -26
   367   -27
   368   -29
   369   -31
   370   -32
   371   -34
   372   -36
   373   -37
   374   -39
   375   -40
   376   -42
   377   -44
   378   -45
   379   -47
   380   -48
   381   -50
   382   -51
   383   -53
   384   -53
   385   -55
   386   -56
   387   -57
   388   -58
   389   -59
   390   -61
   391   -61
   392   -62
   393   -63
   394   -63
   395   -63
   396   -64
   397   -64
   398   -65
   399   -65
   400   -66
   401   -66
   402   -65
   403   -66
   404   -66
   405   -66
   406   -66
   407   -66
   408   -66
   409   -66
   410   -66
   411   -67
   412   -67
   413   -67
   414   -67
   415   -67
   416   -67
   417   -67
   418   -67
   419   -67
   420   -67
   421   -67
   422   -67
   423   -67
   424   -67
   425   -67
   426   -67
   427   -67
   428   -67
   429   -67
   430   -67
   431   -67
   432   -67
   433   -67
   434   -67
   435   -67
   436   -66
   437   -67
   438   -67
   439   -66
   440   -66
   441   -67
   442   -67
   443   -67
   444   -66
   445   -67
   446   -67
   447   -67
   448   -67
   449   -67
   450   -67
   451   -67
   452   -67
   453   -67
   454   -67
   455   -67
   456   -67
   457   -67
   458   -67
   459   -67
   460   -67
   461   -67
   462   -67
   463   -67
   464   -67
   465   -67
   466   -67
   467   -67
   468   -67
   469   -67
   470   -67
   471   -67
   472   -67
   473   -67
   474   -66
   475   -66
   476   -67
   477   -67
   478   -67
   479   -67
   480   -67
   481   -67
   482   -67
   483   -67
   484   -67
   485   -67
   486   -67
   487   -67
   488   -67
   489   -67
   490   -67
   491   -67
   492   -67
   493   -67
   494   -67
   495   -67
   496   -67
   497   -68
   498   -67
   499   -67
   500   -67
   501   -67
   502   -67
   503   -67
   504   -67
   505   -67
   506   -67
   507   -66
   508   -67
   509   -67
   510   -67
   511   -67
   512   -67
   513   -67
   514   -67
   515   -68
   516   -67
   517   -67
   518   -67
   519   -67
   520   -67
   521   -66
   522   -67
   523   -67
   524   -67
   525   -67
   526   -68
   527   -67
   528   -68
   529   -67
   530   -67
   531   -67
   532   -67
   533   -67
   534   -67
   535   -67
   536   -66
   537   -67
   538   -67
   539   -67
   540   -67
   541   -67
   542   -66
   543   -67
   544   -67
   545   -67
   546   -67
   547   -67
   548   -67
   549   -67
   550   -67
   551   -67
   552   -66
   553   -67
   554   -67
   555   -67
   556   -67
   557   -67
   558   -67
   559   -67
   560   -68
   561   -68
   562   -68
   563   -68
   564   -68
   565   -68
   566   -68
   567   -67
   568   -67
   569   -67
   570   -67
   571   -67
   572   -66
   573   -67
   574   -67
   575   -67
   576   -67
   577   -67
   578   -67
   579   -67
   580   -67
   581   -67
   582   -67
   583   -67
   584   -67
   585   -66
   586   -67
   587   -67
   588   -66
   589   -67
   590   -67
   591   -67
   592   -67
   593   -67
   594   -68
   595   -67
   596   -67
   597   -68
   598   -68
   599   -68
   600   -67
   601   -68
   602   -67
   603   -67
   604   -67
   605   -67
   606   -67
   607   -67
   608   -67
   609   -67
   610   -67
   611   -67
   612   -67
   613   -67
   614   -67
   615   -66
   616   -66
   617   -67
   618   -67
   619   -66
   620   -66
   621   -67
   622   -67
   623   -67
   624   -67
   625   -68
   626   -67
   627   -67
   628   -67
   629   -67
   630   -67
   631   -68
   632   -67
   633   -67
   634   -67
   635   -67
   636   -67
   637   -68
   638   -67
   639   -67
   640   -67
   641   -68
   642   -67
   643   -67
   644   -67
   645   -67
   646   -67
   647   -67
   648   -67
   649   -66
   650   -67
   651   -67
   652   -66
   653   -67
   654   -67
   655   -67
   656   -67
   657   -67
   658   -67
   659   -67
   660   -67
   661   -67
   662   -68
   663   -67
   664   -67
   665   -67
   666   -68
   667   -67
   668   -67
   669   -67
   670   -67
   671   -67
   672   -67
   673   -68
   674   -68
   675   -67
   676   -67
   677   -68
   678   -68
   679   -67
   680   -67
   681   -67
   682   -67
   683   -67
   684   -66
   685   -67
   686   -66
   687   -67
   688   -67
   689   -66
   690   -67
   691   -67
   692   -67
   693   -67
   694   -67
   695   -67
   696   -67
   697   -68
   698   -67
   699   -67
   700   -67
   701   -67
   702   -67
   703   -67
   704   -67
   705   -67
   706   -67
   707   -67
   708   -68
   709   -67
   710   -67
   711   -67
   712   -67
   713   -67
   714   -67
   715   -67
   716   -67
   717   -66
   718   -67
   719   -67
   720   -67
   721   -66
   722   -67
   723   -67
   724   -67
   725   -67
   726   -67
   727   -67
   728   -67
   729   -67
   730   -67
   731   -67
   732   -67
   733   -67
   734   -67
   735   -67
   736   -67
   737   -67
   738   -67
   739   -67
   740   -68
   741   -67
   742   -68
   743   -67
   744   -67
   745   -67
   746   -67
   747   -67
   748   -67
   749   -67
   750   -68
   751   -67
   752   -66
   753   -67
   754   -67
   755   -66
   756   -67
   757   -67
   758   -67
   759   -67
   760   -67
   761   -67
   762   -67
   763   -67
   764   -67
   765   -67
   766   -67
   767   -67
   768   -67
   769   -67
   770   -67
   771   -67
   772   -67
   773   -68
   774   -67
   775   -68
   776   -68
   777   -67
   778   -68
   779   -67
   780   -68
   781   -67
   782   -67
   783   -67
   784   -66
   785   -67
   786   -67
   787   -67
   788   -67
   789   -67
   790   -67
   791   -67
   792   -67
   793   -67
   794   -67
   795   -67
   796   -67
   797   -67
   798   -67
   799   -67
   800   -67
   801   -67
   802   -67
   803   -67
   804   -67
   805   -67
   806   -67
   807   -67
   808   -67
   809   -67
   810   -68
   811   -68
   812   -67
   813   -67
   814   -67
   815   -68
   816   -67
   817   -67
   818   -67
   819   -67
   820   -66
   821   -67
   822   -67
   823   -67
   824   -67
   825   -67
   826   -67
   827   -67
   828   -67
   829   -67
   830   -67
   831   -67
   832   -67
   833   -67
   834   -67
   835   -67
   836   -67
   837   -67
   838   -67
   839   -67
   840   -67
   841   -67
   842   -67
   843   -68
   844   -67
   845   -67
   846   -67
   847   -67
   848   -67
   849   -67
   850   -67
   851   -67
   852   -67
   853   -67
   854   -67
   855   -67
   856   -67
   857   -67
   858   -67
   859   -67
   860   -67
   861   -67
   862   -67
   863   -67
   864   -67
   865   -67
   866   -67
   867   -67
   868   -67
   869   -67
   870   -67
   871   -67
   872   -67
   873   -67
   874   -67
   875   -67
   876   -67
   877   -67
   878   -67
   879   -67
   880   -67
   881   -67
   882   -67
   883   -68
   884   -67
   885   -67
   886   -68
   887   -67
   888   -67
   889   -67
   890   -67
   891   -67
   892   -67
   893   -67
   894   -67
   895   -67
   896   -67
   897   -67
   898   -67
   899   -67
   900   -67
   901   -67
   902   -67
   903   -67
   904   -67
   905   -67
   906   -67
   907   -67
   908   -67
   909   -67
   910   -67
   911   -67
   912   -67
   913   -67
   914   -67
   915   -67
   916   -67
   917   -67
   918   -67
   919   -67
   920   -67
   921   -67
   922   -67
   923   -67
   924   -67
   925   -68
   926   -67
   927   -67
   928   -66
   929   -67
   930   -66
   931   -67
   932   -67
   933   -67
   934   -67
   935   -67
   936   -67
   937   -67
   938   -68
   939   -67
   940   -68
   941   -67
   942   -67
   943   -68
   944   -67
   945   -67
   946   -67
   947   -67
   948   -67
   949   -67
   950   -67
   951   -67
   952   -67
   953   -67
   954   -67
   955   -67
   956   -67
   957   -67
   958   -67
   959   -67
   960   -67
   961   -67
   962   -67
   963   -67
   964   -67
   965   -67
   966   -67
   967   -66
   968   -67
   969   -67
   970   -67
   971   -67
   972   -67
   973   -68
   974   -67
   975   -68
   976   -68
   977   -67
   978   -67
   979   -67
   980   -67
   981   -67
   982   -67
   983   -67
   984   -67
   985   -67
   986   -68
   987   -67
   988   -67
   989   -67
   990   -67
   991   -67
   992   -67
   993   -66
   994   -67
   995   -66
   996   -66
   997   -67
   998   -67
   999   -67
