   0   0
   1   -67
   2   -67
   3   -69
   4   -68
   5   -69
   6   -69
   7   -70
   8   -69
   9   -69
   10   -68
   11   -67
   12   -66
   13   -67
   14   -66
   15   -67
   16   -66
   17   -67
   18   -67
   19   -69
   20   -69
   21   -69
   22   -70
   23   -69
   24   -69
   25   -69
   26   -68
   27   -67
   28   -66
   29   -66
   30   -65
   31   -65
   32   -66
   33   -65
   34   -67
   35   -67
   36   -69
   37   -69
   38   -69
   39   -69
   40   -69
   41   -69
   42   -69
   43   -67
   44   -67
   45   -66
   46   -66
   47   -65
   48   -66
   49   -67
   50   -66
   51   -68
   52   -69
   53   -70
   54   -69
   55   -70
   56   -70
   57   -69
   58   -69
   59   -68
   60   -66
   61   -67
   62   -65
   63   -65
   64   -65
   65   -65
   66   -66
   67   -66
   68   -67
   69   -69
   70   -69
   71   -70
   72   -69
   73   -69
   74   -69
   75   -69
   76   -67
   77   -68
   78   -66
   79   -65
   80   -66
   81   -65
   82   -66
   83   -67
   84   -68
   85   -69
   86   -69
   87   -69
   88   -70
   89   -69
   90   -69
   91   -69
   92   -67
   93   -66
   94   -66
   95   -65
   96   -65
   97   -64
   98   -65
   99   -67
   100   -66
   101   -67
   102   -70
   103   -69
   104   -70
   105   -70
   106   -69
   107   -69
   108   -68
   109   -66
   110   -66
   111   -66
   112   -66
   113   -66
   114   -66
   115   -66
   116   -67
   117   -68
   118   -69
   119   -70
   120   -70
   121   -70
   122   -70
   123   -70
   124   -69
   125   -68
   126   -67
   127   -66
   128   -65
   129   -65
   130   -66
   131   -66
   132   -67
   133   -67
   134   -68
   135   -69
   136   -69
   137   -70
   138   -69
   139   -69
   140   -69
   141   -68
   142   -67
   143   -65
   144   -66
   145   -66
   146   -66
   147   -65
   148   -67
   149   -67
   150   -69
   151   -69
   152   -69
   153   -70
   154   -70
   155   -70
   156   -70
   157   -68
   158   -68
   159   -67
   160   -66
   161   -66
   162   -65
   163   -66
   164   -65
   165   -67
   166   -67
   167   -67
   168   -69
   169   -70
   170   -69
   171   -69
   172   -69
   173   -68
   174   -68
   175   -66
   176   -66
   177   -65
   178   -64
   179   -65
   180   -65
   181   -67
   182   -67
   183   -68
   184   -69
   185   -69
   186   -71
   187   -70
   188   -70
   189   -68
   190   -68
   191   -68
   192   -66
   193   -65
   194   -64
   195   -65
   196   -65
   197   -65
   198   -66
   199   -68
   200   -69
   201   -39
   202   41
   203   12
   204   8
   205   13
   206   16
   207   16
   208   20
   209   21
   210   22
   211   23
   212   24
   213   22
   214   22
   215   22
   216   21
   217   19
   218   19
   219   18
   220   19
   221   20
   222   18
   223   20
   224   22
   225   23
   226   24
   227   24
   228   24
   229   23
   230   23
   231   22
   232   22
   233   21
   234   18
   235   19
   236   19
   237   19
   238   19
   239   20
   240   20
   241   22
   242   23
   243   23
   244   23
   245   22
   246   22
   247   21
   248   20
   249   19
   250   18
   251   17
   252   16
   253   16
   254   16
   255   18
   256   18
   257   19
   258   19
   259   21
   260   21
   261   21
   262   20
   263   19
   264   19
   265   17
   266   17
   267   15
   268   14
   269   15
   270   15
   271   16
   272   16
   273   18
   274   18
   275   19
   276   19
   277   19
   278   19
   279   18
   280   17
   281   16
   282   15
   283   13
   284   13
   285   11
   286   12
   287   12
   288   14
   289   14
   290   15
   291   17
   292   17
   293   17
   294   16
   295   16
   296   15
   297   13
   298   13
   299   12
   300   10
   301   10
   302   10
   303   11
   304   12
   305   12
   306   14
   307   15
   308   15
   309   15
   310   15
   311   15
   312   14
   313   13
   314   11
   315   10
   316   9
   317   8
   318   7
   319   7
   320   8
   321   9
   322   11
   323   10
   324   12
   325   13
   326   13
   327   13
   328   12
   329   11
   330   11
   331   8
   332   8
   333   7
   334   5
   335   6
   336   6
   337   7
   338   7
   339   8
   340   8
   341   9
   342   10
   343   9
   344   7
   345   6
   346   4
   347   1
   348   -1
   349   -4
   350   -7
   351   -9
   352   -11
   353   -12
   354   -13
   355   -15
   356   -16
   357   -17
   358   -19
   359   -21
   360   -24
   361   -27
   362   -30
   363   -33
   364   -38
   365   -41
   366   -44
   367   -46
   368   -49
   369   -49
   370   -51
   371   -52
   372   -52
   373   -53
   374   -53
   375   -53
   376   -55
   377   -57
   378   -59
   379   -61
   380   -63
   381   -65
   382   -65
   383   -68
   384   -68
   385   -69
   386   -67
   387   -68
   388   -67
   389   -66
   390   -65
   391   -64
   392   -63
   393   -65
   394   -65
   395   -66
   396   -66
   397   -68
   398   -69
   399   -70
   400   -70
   401   -70
   402   -69
   403   -68
   404   -67
   405   -66
   406   -65
   407   -64
   408   -64
   409   -63
   410   -64
   411   -65
   412   -66
   413   -67
   414   -69
   415   -69
   416   -70
   417   -70
   418   -69
   419   -69
   420   -68
   421   -66
   422   -65
   423   -64
   424   -64
   425   -64
   426   -64
   427   -65
   428   -66
   429   -66
   430   -68
   431   -69
   432   -70
   433   -70
   434   -71
   435   -70
   436   -69
   437   -67
   438   -67
   439   -65
   440   -64
   441   -63
   442   -63
   443   -64
   444   -64
   445   -66
   446   -67
   447   -68
   448   -70
   449   -69
   450   -70
   451   -70
   452   -69
   453   -68
   454   -66
   455   -65
   456   -64
   457   -64
   458   -64
   459   -65
   460   -65
   461   -66
   462   -68
   463   -68
   464   -69
   465   -70
   466   -70
   467   -70
   468   -70
   469   -69
   470   -68
   471   -67
   472   -65
   473   -65
   474   -64
   475   -64
   476   -65
   477   -65
   478   -67
   479   -68
   480   -69
   481   -70
   482   -70
   483   -70
   484   -70
   485   -70
   486   -68
   487   -67
   488   -66
   489   -65
   490   -64
   491   -64
   492   -64
   493   -65
   494   -66
   495   -67
   496   -68
   497   -70
   498   -71
   499   -71
   500   -70
   501   -70
   502   -68
   503   -69
   504   -67
   505   -66
   506   -64
   507   -64
   508   -65
   509   -64
   510   -66
   511   -66
   512   -68
   513   -68
   514   -70
   515   -71
   516   -71
   517   -69
   518   -68
   519   -68
   520   -67
   521   -65
   522   -65
   523   -64
   524   -64
   525   -65
   526   -65
   527   -66
   528   -67
   529   -69
   530   -70
   531   -71
   532   -71
   533   -70
   534   -70
   535   -68
   536   -67
   537   -65
   538   -65
   539   -64
   540   -64
   541   -64
   542   -64
   543   -66
   544   -67
   545   -68
   546   -70
   547   -70
   548   -71
   549   -70
   550   -69
   551   -69
   552   -68
   553   -67
   554   -65
   555   -64
   556   -63
   557   -64
   558   -65
   559   -65
   560   -67
   561   -67
   562   -69
   563   -71
   564   -70
   565   -70
   566   -71
   567   -69
   568   -69
   569   -67
   570   -66
   571   -65
   572   -64
   573   -64
   574   -64
   575   -65
   576   -66
   577   -67
   578   -69
   579   -70
   580   -71
   581   -71
   582   -71
   583   -69
   584   -69
   585   -68
   586   -66
   587   -65
   588   -64
   589   -64
   590   -64
   591   -65
   592   -65
   593   -67
   594   -67
   595   -69
   596   -70
   597   -71
   598   -71
   599   -71
   600   -70
   601   -68
   602   -67
   603   -66
   604   -66
   605   -64
   606   -63
   607   -64
   608   -65
   609   -65
   610   -67
   611   -68
   612   -69
   613   -71
   614   -72
   615   -71
   616   -70
   617   -69
   618   -68
   619   -66
   620   -66
   621   -64
   622   -63
   623   -64
   624   -65
   625   -66
   626   -66
   627   -68
   628   -70
   629   -70
   630   -71
   631   -71
   632   -70
   633   -70
   634   -68
   635   -67
   636   -65
   637   -65
   638   -64
   639   -64
   640   -64
   641   -65
   642   -66
   643   -67
   644   -69
   645   -70
   646   -70
   647   -71
   648   -71
   649   -70
   650   -68
   651   -68
   652   -66
   653   -64
   654   -64
   655   -64
   656   -64
   657   -65
   658   -65
   659   -66
   660   -68
   661   -69
   662   -70
   663   -71
   664   -71
   665   -70
   666   -69
   667   -68
   668   -67
   669   -66
   670   -65
   671   -64
   672   -64
   673   -64
   674   -65
   675   -66
   676   -67
   677   -69
   678   -70
   679   -71
   680   -71
   681   -71
   682   -70
   683   -69
   684   -67
   685   -66
   686   -65
   687   -64
   688   -64
   689   -63
   690   -64
   691   -66
   692   -68
   693   -69
   694   -70
   695   -70
   696   -71
   697   -71
   698   -70
   699   -70
   700   -68
   701   -66
   702   -66
   703   -64
   704   -63
   705   -64
   706   -64
   707   -65
   708   -66
   709   -69
   710   -69
   711   -70
   712   -71
   713   -71
   714   -71
   715   -70
   716   -68
   717   -67
   718   -66
   719   -64
   720   -64
   721   -63
   722   -64
   723   -64
   724   -66
   725   -67
   726   -69
   727   -69
   728   -71
   729   -71
   730   -71
   731   -71
   732   -69
   733   -68
   734   -66
   735   -65
   736   -64
   737   -64
   738   -64
   739   -65
   740   -65
   741   -67
   742   -68
   743   -70
   744   -70
   745   -71
   746   -71
   747   -71
   748   -70
   749   -68
   750   -66
   751   -66
   752   -64
   753   -64
   754   -63
   755   -63
   756   -65
   757   -66
   758   -67
   759   -70
   760   -69
   761   -71
   762   -71
   763   -71
   764   -71
   765   -69
   766   -67
   767   -67
   768   -65
   769   -64
   770   -64
   771   -64
   772   -65
   773   -65
   774   -66
   775   -68
   776   -69
   777   -70
   778   -71
   779   -71
   780   -70
   781   -70
   782   -68
   783   -67
   784   -65
   785   -64
   786   -64
   787   -63
   788   -64
   789   -65
   790   -66
   791   -68
   792   -69
   793   -70
   794   -70
   795   -71
   796   -71
   797   -70
   798   -69
   799   -68
   800   -65
   801   -65
   802   -64
   803   -64
   804   -64
   805   -65
   806   -66
   807   -67
   808   -69
   809   -70
   810   -70
   811   -71
   812   -71
   813   -70
   814   -69
   815   -68
   816   -67
   817   -65
   818   -64
   819   -63
   820   -64
   821   -64
   822   -66
   823   -66
   824   -67
   825   -69
   826   -70
   827   -71
   828   -71
   829   -70
   830   -70
   831   -69
   832   -67
   833   -66
   834   -64
   835   -64
   836   -64
   837   -64
   838   -65
   839   -66
   840   -68
   841   -69
   842   -70
   843   -71
   844   -71
   845   -71
   846   -70
   847   -69
   848   -68
   849   -66
   850   -65
   851   -64
   852   -63
   853   -63
   854   -64
   855   -66
   856   -66
   857   -68
   858   -69
   859   -71
   860   -72
   861   -71
   862   -70
   863   -70
   864   -68
   865   -66
   866   -65
   867   -65
   868   -63
   869   -63
   870   -64
   871   -65
   872   -66
   873   -67
   874   -69
   875   -70
   876   -72
   877   -71
   878   -72
   879   -71
   880   -69
   881   -67
   882   -66
   883   -65
   884   -64
   885   -63
   886   -63
   887   -64
   888   -65
   889   -66
   890   -68
   891   -70
   892   -71
   893   -71
   894   -71
   895   -70
   896   -69
   897   -69
   898   -66
   899   -65
   900   -65
   901   -64
   902   -64
   903   -64
   904   -65
   905   -67
   906   -68
   907   -70
   908   -70
   909   -71
   910   -72
   911   -71
   912   -70
   913   -68
   914   -67
   915   -66
   916   -65
   917   -64
   918   -63
   919   -64
   920   -64
   921   -66
   922   -67
   923   -69
   924   -70
   925   -71
   926   -71
   927   -70
   928   -70
   929   -69
   930   -68
   931   -66
   932   -65
   933   -64
   934   -64
   935   -63
   936   -64
   937   -65
   938   -67
   939   -68
   940   -70
   941   -71
   942   -71
   943   -71
   944   -71
   945   -69
   946   -69
   947   -67
   948   -66
   949   -65
   950   -63
   951   -64
   952   -64
   953   -64
   954   -67
   955   -67
   956   -69
   957   -70
   958   -72
   959   -71
   960   -71
   961   -69
   962   -69
   963   -68
   964   -65
   965   -64
   966   -65
   967   -63
   968   -63
   969   -64
   970   -66
   971   -67
   972   -69
   973   -70
   974   -70
   975   -72
   976   -71
   977   -71
   978   -69
   979   -68
   980   -67
   981   -65
   982   -64
   983   -64
   984   -63
   985   -64
   986   -65
   987   -65
   988   -68
   989   -69
   990   -70
   991   -71
   992   -71
   993   -71
   994   -71
   995   -69
   996   -67
   997   -65
   998   -65
   999   -64
