   0   0
   1   -61
   2   -61
   3   -61
   4   -61
   5   -61
   6   -61
   7   -61
   8   -61
   9   -61
   10   -61
   11   -61
   12   -61
   13   -61
   14   -61
   15   -61
   16   -61
   17   -61
   18   -61
   19   -61
   20   -61
   21   -61
   22   -61
   23   -61
   24   -61
   25   -61
   26   -61
   27   -61
   28   -61
   29   -61
   30   -61
   31   -61
   32   -61
   33   -61
   34   -61
   35   -61
   36   -61
   37   -61
   38   -61
   39   -61
   40   -61
   41   -61
   42   -61
   43   -61
   44   -61
   45   -61
   46   -61
   47   -61
   48   -61
   49   -61
   50   -61
   51   -61
   52   -61
   53   -61
   54   -61
   55   -61
   56   -61
   57   -61
   58   -61
   59   -61
   60   -61
   61   -61
   62   -61
   63   -61
   64   -61
   65   -61
   66   -61
   67   -61
   68   -61
   69   -61
   70   -61
   71   -61
   72   -61
   73   -61
   74   -61
   75   -61
   76   -61
   77   -61
   78   -61
   79   -61
   80   -61
   81   -61
   82   -61
   83   -61
   84   -61
   85   -61
   86   -61
   87   -61
   88   -61
   89   -61
   90   -61
   91   -61
   92   -61
   93   -61
   94   -61
   95   -61
   96   -61
   97   -61
   98   -61
   99   -61
   100   -61
   101   -61
   102   -61
   103   -61
   104   -61
   105   -61
   106   -61
   107   -61
   108   -61
   109   -61
   110   -61
   111   -61
   112   -61
   113   -61
   114   -61
   115   -61
   116   -61
   117   -61
   118   -61
   119   -61
   120   -61
   121   -61
   122   -61
   123   -61
   124   -61
   125   -61
   126   -61
   127   -61
   128   -61
   129   -61
   130   -61
   131   -61
   132   -61
   133   -61
   134   -61
   135   -61
   136   -61
   137   -61
   138   -61
   139   -61
   140   -61
   141   -61
   142   -61
   143   -61
   144   -61
   145   -61
   146   -61
   147   -61
   148   -61
   149   -61
   150   -61
   151   -61
   152   -61
   153   -61
   154   -61
   155   -61
   156   -61
   157   -61
   158   -61
   159   -61
   160   -61
   161   -61
   162   -61
   163   -61
   164   -61
   165   -61
   166   -61
   167   -61
   168   -61
   169   -61
   170   -61
   171   -61
   172   -61
   173   -61
   174   -61
   175   -61
   176   -61
   177   -61
   178   -61
   179   -61
   180   -61
   181   -61
   182   -61
   183   -61
   184   -61
   185   -61
   186   -61
   187   -61
   188   -61
   189   -61
   190   -61
   191   -61
   192   -61
   193   -62
   194   -60
   195   -61
   196   -61
   197   -61
   198   -61
   199   -61
   200   -62
   201   -59
   202   -26
   203   35
   204   62
   205   67
   206   63
   207   61
   208   59
   209   61
   210   61
   211   64
   212   63
   213   64
   214   63
   215   65
   216   64
   217   65
   218   64
   219   65
   220   65
   221   65
   222   65
   223   66
   224   65
   225   65
   226   65
   227   65
   228   65
   229   65
   230   65
   231   65
   232   65
   233   65
   234   65
   235   65
   236   65
   237   65
   238   66
   239   65
   240   66
   241   65
   242   65
   243   65
   244   65
   245   65
   246   65
   247   65
   248   65
   249   65
   250   65
   251   65
   252   65
   253   65
   254   65
   255   64
   256   64
   257   64
   258   65
   259   64
   260   64
   261   64
   262   64
   263   65
   264   64
   265   64
   266   64
   267   64
   268   64
   269   64
   270   64
   271   64
   272   64
   273   64
   274   64
   275   64
   276   64
   277   63
   278   63
   279   63
   280   63
   281   63
   282   63
   283   63
   284   63
   285   63
   286   63
   287   63
   288   63
   289   63
   290   62
   291   62
   292   62
   293   63
   294   62
   295   62
   296   62
   297   62
   298   62
   299   62
   300   62
   301   62
   302   62
   303   62
   304   62
   305   62
   306   62
   307   61
   308   62
   309   62
   310   61
   311   61
   312   61
   313   61
   314   61
   315   61
   316   61
   317   61
   318   61
   319   61
   320   61
   321   61
   322   60
   323   61
   324   60
   325   60
   326   60
   327   60
   328   60
   329   60
   330   60
   331   60
   332   60
   333   60
   334   60
   335   59
   336   59
   337   59
   338   59
   339   59
   340   59
   341   59
   342   59
   343   59
   344   59
   345   59
   346   59
   347   59
   348   58
   349   59
   350   58
   351   58
   352   58
   353   59
   354   58
   355   58
   356   58
   357   58
   358   58
   359   58
   360   58
   361   58
   362   57
   363   57
   364   57
   365   57
   366   57
   367   57
   368   57
   369   57
   370   57
   371   57
   372   57
   373   57
   374   57
   375   56
   376   56
   377   56
   378   56
   379   56
   380   55
   381   55
   382   54
   383   53
   384   52
   385   50
   386   49
   387   46
   388   43
   389   41
   390   37
   391   34
   392   29
   393   24
   394   20
   395   14
   396   9
   397   4
   398   -2
   399   -7
   400   -13
   401   -18
   402   -23
   403   -28
   404   -32
   405   -36
   406   -39
   407   -43
   408   -45
   409   -48
   410   -50
   411   -52
   412   -54
   413   -55
   414   -56
   415   -56
   416   -57
   417   -58
   418   -59
   419   -59
   420   -59
   421   -59
   422   -59
   423   -59
   424   -59
   425   -59
   426   -60
   427   -60
   428   -60
   429   -60
   430   -60
   431   -60
   432   -60
   433   -60
   434   -60
   435   -60
   436   -60
   437   -60
   438   -60
   439   -60
   440   -60
   441   -60
   442   -60
   443   -60
   444   -60
   445   -60
   446   -60
   447   -60
   448   -60
   449   -60
   450   -60
   451   -60
   452   -60
   453   -60
   454   -60
   455   -60
   456   -60
   457   -60
   458   -60
   459   -60
   460   -60
   461   -60
   462   -60
   463   -60
   464   -60
   465   -60
   466   -60
   467   -60
   468   -60
   469   -60
   470   -60
   471   -60
   472   -60
   473   -60
   474   -60
   475   -60
   476   -60
   477   -60
   478   -60
   479   -60
   480   -60
   481   -60
   482   -61
   483   -60
   484   -60
   485   -60
   486   -60
   487   -60
   488   -60
   489   -60
   490   -60
   491   -60
   492   -60
   493   -60
   494   -60
   495   -60
   496   -61
   497   -60
   498   -60
   499   -61
   500   -60
   501   -61
   502   -60
   503   -61
   504   -60
   505   -61
   506   -60
   507   -61
   508   -61
   509   -61
   510   -60
   511   -60
   512   -60
   513   -61
   514   -61
   515   -61
   516   -61
   517   -61
   518   -61
   519   -61
   520   -61
   521   -61
   522   -61
   523   -61
   524   -60
   525   -61
   526   -61
   527   -61
   528   -61
   529   -61
   530   -60
   531   -61
   532   -60
   533   -61
   534   -60
   535   -61
   536   -61
   537   -61
   538   -61
   539   -60
   540   -61
   541   -61
   542   -61
   543   -60
   544   -61
   545   -60
   546   -61
   547   -60
   548   -61
   549   -60
   550   -61
   551   -60
   552   -61
   553   -60
   554   -61
   555   -61
   556   -61
   557   -61
   558   -61
   559   -61
   560   -61
   561   -61
   562   -60
   563   -61
   564   -61
   565   -61
   566   -61
   567   -61
   568   -60
   569   -61
   570   -61
   571   -61
   572   -61
   573   -61
   574   -61
   575   -61
   576   -61
   577   -61
   578   -61
   579   -60
   580   -61
   581   -60
   582   -61
   583   -61
   584   -61
   585   -61
   586   -61
   587   -61
   588   -61
   589   -61
   590   -61
   591   -61
   592   -61
   593   -61
   594   -61
   595   -61
   596   -60
   597   -61
   598   -61
   599   -61
   600   -61
   601   -61
   602   -60
   603   -61
   604   -61
   605   -61
   606   -61
   607   -61
   608   -61
   609   -61
   610   -61
   611   -61
   612   -61
   613   -61
   614   -61
   615   -61
   616   -61
   617   -61
   618   -61
   619   -61
   620   -61
   621   -61
   622   -61
   623   -61
   624   -61
   625   -61
   626   -61
   627   -61
   628   -61
   629   -61
   630   -61
   631   -61
   632   -61
   633   -61
   634   -61
   635   -61
   636   -61
   637   -61
   638   -61
   639   -61
   640   -61
   641   -61
   642   -61
   643   -61
   644   -61
   645   -61
   646   -61
   647   -61
   648   -61
   649   -61
   650   -61
   651   -61
   652   -61
   653   -61
   654   -61
   655   -61
   656   -61
   657   -61
   658   -61
   659   -61
   660   -61
   661   -61
   662   -60
   663   -61
   664   -61
   665   -61
   666   -60
   667   -61
   668   -61
   669   -61
   670   -61
   671   -61
   672   -61
   673   -61
   674   -61
   675   -61
   676   -61
   677   -61
   678   -61
   679   -60
   680   -61
   681   -61
   682   -61
   683   -61
   684   -61
   685   -61
   686   -61
   687   -61
   688   -61
   689   -61
   690   -61
   691   -61
   692   -61
   693   -61
   694   -61
   695   -61
   696   -61
   697   -61
   698   -61
   699   -61
   700   -61
   701   -61
   702   -61
   703   -61
   704   -61
   705   -61
   706   -61
   707   -61
   708   -61
   709   -61
   710   -61
   711   -61
   712   -61
   713   -61
   714   -61
   715   -61
   716   -61
   717   -61
   718   -61
   719   -61
   720   -61
   721   -61
   722   -61
   723   -61
   724   -61
   725   -61
   726   -60
   727   -61
   728   -61
   729   -61
   730   -61
   731   -61
   732   -61
   733   -61
   734   -61
   735   -61
   736   -61
   737   -61
   738   -61
   739   -61
   740   -61
   741   -61
   742   -61
   743   -61
   744   -61
   745   -61
   746   -61
   747   -61
   748   -61
   749   -61
   750   -61
   751   -61
   752   -61
   753   -61
   754   -61
   755   -61
   756   -61
   757   -61
   758   -61
   759   -61
   760   -61
   761   -61
   762   -61
   763   -61
   764   -61
   765   -61
   766   -61
   767   -61
   768   -61
   769   -61
   770   -61
   771   -61
   772   -61
   773   -61
   774   -61
   775   -61
   776   -61
   777   -61
   778   -61
   779   -61
   780   -61
   781   -61
   782   -61
   783   -61
   784   -61
   785   -61
   786   -61
   787   -61
   788   -61
   789   -61
   790   -61
   791   -61
   792   -60
   793   -61
   794   -61
   795   -61
   796   -60
   797   -61
   798   -60
   799   -61
   800   -61
   801   -61
   802   -61
   803   -61
   804   -61
   805   -61
   806   -61
   807   -61
   808   -61
   809   -61
   810   -61
   811   -61
   812   -61
   813   -60
   814   -61
   815   -61
   816   -61
   817   -61
   818   -61
   819   -61
   820   -61
   821   -61
   822   -61
   823   -61
   824   -61
   825   -61
   826   -61
   827   -61
   828   -61
   829   -61
   830   -61
   831   -61
   832   -61
   833   -61
   834   -61
   835   -61
   836   -61
   837   -61
   838   -61
   839   -61
   840   -61
   841   -61
   842   -61
   843   -61
   844   -61
   845   -61
   846   -61
   847   -61
   848   -61
   849   -61
   850   -61
   851   -61
   852   -61
   853   -61
   854   -61
   855   -61
   856   -61
   857   -61
   858   -61
   859   -61
   860   -61
   861   -61
   862   -61
   863   -61
   864   -61
   865   -61
   866   -61
   867   -61
   868   -61
   869   -61
   870   -61
   871   -61
   872   -61
   873   -61
   874   -61
   875   -61
   876   -61
   877   -61
   878   -61
   879   -61
   880   -61
   881   -61
   882   -61
   883   -61
   884   -61
   885   -61
   886   -61
   887   -61
   888   -61
   889   -61
   890   -61
   891   -61
   892   -61
   893   -61
   894   -61
   895   -61
   896   -61
   897   -61
   898   -61
   899   -61
   900   -61
   901   -61
   902   -61
   903   -61
   904   -61
   905   -61
   906   -61
   907   -60
   908   -61
   909   -61
   910   -61
   911   -61
   912   -61
   913   -61
   914   -61
   915   -61
   916   -61
   917   -61
   918   -61
   919   -61
   920   -61
   921   -61
   922   -61
   923   -61
   924   -61
   925   -61
   926   -61
   927   -61
   928   -61
   929   -61
   930   -61
   931   -61
   932   -61
   933   -61
   934   -61
   935   -61
   936   -61
   937   -61
   938   -61
   939   -61
   940   -61
   941   -61
   942   -61
   943   -61
   944   -61
   945   -61
   946   -61
   947   -61
   948   -61
   949   -61
   950   -61
   951   -61
   952   -61
   953   -61
   954   -61
   955   -61
   956   -61
   957   -61
   958   -61
   959   -61
   960   -61
   961   -61
   962   -61
   963   -61
   964   -61
   965   -61
   966   -61
   967   -61
   968   -61
   969   -61
   970   -61
   971   -61
   972   -61
   973   -61
   974   -61
   975   -61
   976   -61
   977   -61
   978   -61
   979   -61
   980   -61
   981   -61
   982   -61
   983   -61
   984   -61
   985   -61
   986   -61
   987   -61
   988   -61
   989   -61
   990   -61
   991   -61
   992   -61
   993   -61
   994   -61
   995   -61
   996   -61
   997   -61
   998   -61
   999   -61
