   0   0
   1   -61
   2   -61
   3   -62
   4   -61
   5   -62
   6   -61
   7   -61
   8   -61
   9   -61
   10   -61
   11   -61
   12   -61
   13   -61
   14   -61
   15   -61
   16   -62
   17   -61
   18   -62
   19   -61
   20   -61
   21   -61
   22   -61
   23   -61
   24   -61
   25   -61
   26   -61
   27   -61
   28   -61
   29   -61
   30   -61
   31   -61
   32   -61
   33   -62
   34   -61
   35   -61
   36   -61
   37   -61
   38   -61
   39   -61
   40   -61
   41   -61
   42   -61
   43   -61
   44   -61
   45   -61
   46   -61
   47   -61
   48   -62
   49   -61
   50   -62
   51   -60
   52   -62
   53   -61
   54   -62
   55   -61
   56   -62
   57   -61
   58   -61
   59   -61
   60   -61
   61   -61
   62   -61
   63   -61
   64   -61
   65   -62
   66   -61
   67   -62
   68   -61
   69   -62
   70   -61
   71   -61
   72   -61
   73   -61
   74   -61
   75   -62
   76   -61
   77   -61
   78   -61
   79   -61
   80   -61
   81   -61
   82   -62
   83   -61
   84   -61
   85   -61
   86   -62
   87   -61
   88   -62
   89   -61
   90   -61
   91   -61
   92   -61
   93   -61
   94   -61
   95   -62
   96   -61
   97   -62
   98   -61
   99   -61
   100   -61
   101   -62
   102   -61
   103   -61
   104   -61
   105   -61
   106   -61
   107   -61
   108   -61
   109   -61
   110   -62
   111   -61
   112   -62
   113   -61
   114   -62
   115   -60
   116   -62
   117   -60
   118   -62
   119   -61
   120   -62
   121   -61
   122   -62
   123   -61
   124   -61
   125   -61
   126   -61
   127   -61
   128   -61
   129   -61
   130   -61
   131   -62
   132   -61
   133   -62
   134   -61
   135   -62
   136   -61
   137   -62
   138   -61
   139   -61
   140   -61
   141   -61
   142   -61
   143   -61
   144   -61
   145   -61
   146   -61
   147   -61
   148   -62
   149   -61
   150   -62
   151   -61
   152   -62
   153   -61
   154   -62
   155   -61
   156   -61
   157   -61
   158   -61
   159   -61
   160   -61
   161   -62
   162   -61
   163   -62
   164   -61
   165   -62
   166   -61
   167   -62
   168   -61
   169   -62
   170   -61
   171   -61
   172   -61
   173   -62
   174   -61
   175   -61
   176   -61
   177   -61
   178   -62
   179   -61
   180   -62
   181   -61
   182   -62
   183   -61
   184   -62
   185   -61
   186   -62
   187   -61
   188   -61
   189   -61
   190   -61
   191   -61
   192   -61
   193   -62
   194   -60
   195   -62
   196   -60
   197   -62
   198   -61
   199   -62
   200   -62
   201   -60
   202   -34
   203   23
   204   54
   205   61
   206   56
   207   52
   208   50
   209   51
   210   51
   211   53
   212   51
   213   52
   214   51
   215   52
   216   51
   217   52
   218   51
   219   51
   220   51
   221   51
   222   51
   223   51
   224   51
   225   50
   226   51
   227   50
   228   52
   229   50
   230   52
   231   50
   232   51
   233   50
   234   51
   235   50
   236   51
   237   50
   238   51
   239   51
   240   50
   241   51
   242   50
   243   50
   244   49
   245   51
   246   50
   247   51
   248   50
   249   50
   250   49
   251   50
   252   50
   253   50
   254   49
   255   50
   256   50
   257   49
   258   50
   259   49
   260   50
   261   49
   262   50
   263   49
   264   50
   265   49
   266   49
   267   49
   268   49
   269   49
   270   49
   271   49
   272   49
   273   49
   274   48
   275   49
   276   48
   277   49
   278   48
   279   49
   280   48
   281   49
   282   48
   283   49
   284   48
   285   48
   286   48
   287   48
   288   48
   289   47
   290   48
   291   47
   292   48
   293   47
   294   48
   295   47
   296   48
   297   47
   298   48
   299   47
   300   47
   301   47
   302   47
   303   47
   304   47
   305   48
   306   47
   307   47
   308   46
   309   48
   310   47
   311   48
   312   46
   313   47
   314   46
   315   47
   316   46
   317   47
   318   46
   319   46
   320   46
   321   46
   322   46
   323   46
   324   46
   325   45
   326   47
   327   45
   328   46
   329   45
   330   46
   331   45
   332   46
   333   45
   334   46
   335   45
   336   45
   337   45
   338   45
   339   45
   340   45
   341   46
   342   44
   343   46
   344   44
   345   46
   346   44
   347   45
   348   44
   349   45
   350   44
   351   44
   352   44
   353   44
   354   44
   355   44
   356   44
   357   43
   358   44
   359   43
   360   44
   361   43
   362   44
   363   43
   364   44
   365   43
   366   43
   367   43
   368   43
   369   43
   370   43
   371   43
   372   43
   373   43
   374   42
   375   43
   376   42
   377   43
   378   42
   379   43
   380   42
   381   43
   382   41
   383   42
   384   42
   385   42
   386   41
   387   41
   388   41
   389   40
   390   40
   391   38
   392   38
   393   35
   394   35
   395   31
   396   28
   397   23
   398   19
   399   13
   400   8
   401   1
   402   -6
   403   -13
   404   -19
   405   -25
   406   -32
   407   -36
   408   -42
   409   -45
   410   -49
   411   -50
   412   -54
   413   -54
   414   -57
   415   -57
   416   -58
   417   -58
   418   -59
   419   -59
   420   -59
   421   -59
   422   -59
   423   -60
   424   -59
   425   -60
   426   -59
   427   -60
   428   -59
   429   -61
   430   -59
   431   -60
   432   -59
   433   -60
   434   -59
   435   -60
   436   -60
   437   -60
   438   -60
   439   -60
   440   -60
   441   -59
   442   -61
   443   -59
   444   -61
   445   -59
   446   -61
   447   -59
   448   -60
   449   -60
   450   -61
   451   -60
   452   -60
   453   -60
   454   -60
   455   -61
   456   -60
   457   -61
   458   -59
   459   -61
   460   -60
   461   -61
   462   -60
   463   -61
   464   -60
   465   -61
   466   -60
   467   -60
   468   -60
   469   -60
   470   -60
   471   -60
   472   -61
   473   -60
   474   -61
   475   -59
   476   -61
   477   -60
   478   -61
   479   -59
   480   -61
   481   -60
   482   -61
   483   -60
   484   -60
   485   -60
   486   -60
   487   -60
   488   -60
   489   -61
   490   -60
   491   -61
   492   -60
   493   -61
   494   -60
   495   -61
   496   -60
   497   -61
   498   -60
   499   -60
   500   -60
   501   -61
   502   -61
   503   -60
   504   -61
   505   -60
   506   -61
   507   -60
   508   -61
   509   -60
   510   -61
   511   -60
   512   -61
   513   -60
   514   -61
   515   -60
   516   -61
   517   -61
   518   -61
   519   -61
   520   -60
   521   -61
   522   -60
   523   -61
   524   -60
   525   -61
   526   -60
   527   -61
   528   -60
   529   -61
   530   -60
   531   -61
   532   -60
   533   -61
   534   -61
   535   -61
   536   -61
   537   -60
   538   -61
   539   -60
   540   -62
   541   -60
   542   -61
   543   -60
   544   -61
   545   -60
   546   -61
   547   -61
   548   -61
   549   -61
   550   -61
   551   -61
   552   -60
   553   -61
   554   -60
   555   -61
   556   -60
   557   -61
   558   -60
   559   -62
   560   -60
   561   -61
   562   -60
   563   -61
   564   -61
   565   -61
   566   -61
   567   -61
   568   -61
   569   -60
   570   -61
   571   -60
   572   -62
   573   -60
   574   -62
   575   -60
   576   -62
   577   -60
   578   -61
   579   -60
   580   -61
   581   -61
   582   -61
   583   -61
   584   -61
   585   -61
   586   -60
   587   -61
   588   -60
   589   -62
   590   -60
   591   -62
   592   -60
   593   -61
   594   -60
   595   -61
   596   -61
   597   -61
   598   -61
   599   -61
   600   -61
   601   -60
   602   -61
   603   -60
   604   -61
   605   -60
   606   -62
   607   -60
   608   -62
   609   -60
   610   -61
   611   -60
   612   -61
   613   -61
   614   -61
   615   -61
   616   -61
   617   -61
   618   -61
   619   -61
   620   -60
   621   -62
   622   -60
   623   -61
   624   -60
   625   -62
   626   -60
   627   -61
   628   -60
   629   -61
   630   -61
   631   -61
   632   -61
   633   -60
   634   -61
   635   -60
   636   -61
   637   -60
   638   -62
   639   -60
   640   -62
   641   -60
   642   -61
   643   -60
   644   -61
   645   -60
   646   -61
   647   -61
   648   -61
   649   -61
   650   -60
   651   -61
   652   -60
   653   -61
   654   -60
   655   -62
   656   -60
   657   -62
   658   -60
   659   -61
   660   -60
   661   -61
   662   -61
   663   -61
   664   -61
   665   -61
   666   -61
   667   -60
   668   -61
   669   -60
   670   -62
   671   -60
   672   -62
   673   -60
   674   -62
   675   -60
   676   -62
   677   -60
   678   -61
   679   -60
   680   -61
   681   -61
   682   -61
   683   -61
   684   -60
   685   -61
   686   -60
   687   -62
   688   -60
   689   -62
   690   -60
   691   -62
   692   -60
   693   -61
   694   -60
   695   -61
   696   -61
   697   -61
   698   -61
   699   -61
   700   -61
   701   -61
   702   -61
   703   -60
   704   -61
   705   -60
   706   -62
   707   -60
   708   -62
   709   -60
   710   -62
   711   -60
   712   -61
   713   -61
   714   -61
   715   -61
   716   -61
   717   -61
   718   -61
   719   -61
   720   -60
   721   -61
   722   -60
   723   -62
   724   -60
   725   -61
   726   -60
   727   -61
   728   -61
   729   -61
   730   -61
   731   -61
   732   -61
   733   -60
   734   -61
   735   -60
   736   -62
   737   -60
   738   -62
   739   -60
   740   -62
   741   -60
   742   -61
   743   -60
   744   -61
   745   -61
   746   -61
   747   -61
   748   -61
   749   -61
   750   -60
   751   -61
   752   -60
   753   -62
   754   -60
   755   -62
   756   -60
   757   -62
   758   -60
   759   -61
   760   -60
   761   -61
   762   -61
   763   -61
   764   -61
   765   -60
   766   -61
   767   -60
   768   -62
   769   -60
   770   -62
   771   -60
   772   -62
   773   -60
   774   -61
   775   -60
   776   -62
   777   -61
   778   -61
   779   -61
   780   -61
   781   -61
   782   -61
   783   -61
   784   -60
   785   -62
   786   -60
   787   -62
   788   -60
   789   -62
   790   -60
   791   -61
   792   -60
   793   -61
   794   -61
   795   -61
   796   -61
   797   -61
   798   -61
   799   -60
   800   -62
   801   -60
   802   -62
   803   -60
   804   -62
   805   -60
   806   -62
   807   -60
   808   -62
   809   -60
   810   -61
   811   -61
   812   -61
   813   -61
   814   -61
   815   -61
   816   -60
   817   -61
   818   -60
   819   -62
   820   -60
   821   -62
   822   -60
   823   -62
   824   -60
   825   -61
   826   -61
   827   -61
   828   -61
   829   -61
   830   -61
   831   -61
   832   -61
   833   -60
   834   -62
   835   -60
   836   -62
   837   -60
   838   -62
   839   -60
   840   -61
   841   -60
   842   -61
   843   -61
   844   -61
   845   -61
   846   -61
   847   -61
   848   -60
   849   -61
   850   -60
   851   -62
   852   -60
   853   -62
   854   -60
   855   -62
   856   -60
   857   -61
   858   -61
   859   -61
   860   -61
   861   -61
   862   -61
   863   -61
   864   -61
   865   -60
   866   -62
   867   -60
   868   -62
   869   -60
   870   -62
   871   -60
   872   -62
   873   -60
   874   -62
   875   -60
   876   -61
   877   -61
   878   -61
   879   -61
   880   -60
   881   -61
   882   -60
   883   -62
   884   -60
   885   -62
   886   -60
   887   -61
   888   -60
   889   -62
   890   -60
   891   -61
   892   -61
   893   -61
   894   -61
   895   -61
   896   -61
   897   -61
   898   -61
   899   -60
   900   -62
   901   -60
   902   -62
   903   -60
   904   -62
   905   -60
   906   -62
   907   -60
   908   -61
   909   -61
   910   -61
   911   -61
   912   -61
   913   -61
   914   -60
   915   -62
   916   -60
   917   -62
   918   -60
   919   -62
   920   -60
   921   -62
   922   -60
   923   -61
   924   -60
   925   -61
   926   -61
   927   -61
   928   -61
   929   -61
   930   -61
   931   -60
   932   -62
   933   -60
   934   -62
   935   -60
   936   -62
   937   -60
   938   -62
   939   -60
   940   -61
   941   -60
   942   -61
   943   -61
   944   -61
   945   -61
   946   -61
   947   -61
   948   -60
   949   -62
   950   -60
   951   -61
   952   -60
   953   -62
   954   -60
   955   -61
   956   -60
   957   -61
   958   -61
   959   -61
   960   -61
   961   -60
   962   -61
   963   -60
   964   -62
   965   -60
   966   -62
   967   -60
   968   -62
   969   -60
   970   -62
   971   -60
   972   -61
   973   -61
   974   -61
   975   -61
   976   -61
   977   -61
   978   -60
   979   -61
   980   -60
   981   -62
   982   -60
   983   -61
   984   -60
   985   -62
   986   -60
   987   -62
   988   -60
   989   -61
   990   -61
   991   -61
   992   -61
   993   -61
   994   -61
   995   -60
   996   -61
   997   -60
   998   -62
   999   -60
