   0   0
   1   -61
   2   -61
   3   -61
   4   -61
   5   -61
   6   -61
   7   -61
   8   -61
   9   -61
   10   -62
   11   -61
   12   -61
   13   -61
   14   -61
   15   -61
   16   -61
   17   -61
   18   -61
   19   -61
   20   -61
   21   -61
   22   -61
   23   -61
   24   -60
   25   -61
   26   -61
   27   -62
   28   -61
   29   -61
   30   -61
   31   -61
   32   -61
   33   -61
   34   -61
   35   -61
   36   -61
   37   -61
   38   -61
   39   -61
   40   -61
   41   -61
   42   -61
   43   -61
   44   -61
   45   -61
   46   -61
   47   -61
   48   -61
   49   -61
   50   -61
   51   -61
   52   -61
   53   -61
   54   -61
   55   -61
   56   -61
   57   -61
   58   -61
   59   -61
   60   -61
   61   -61
   62   -61
   63   -61
   64   -61
   65   -61
   66   -61
   67   -61
   68   -61
   69   -61
   70   -61
   71   -61
   72   -61
   73   -61
   74   -61
   75   -61
   76   -61
   77   -61
   78   -61
   79   -61
   80   -61
   81   -61
   82   -61
   83   -61
   84   -61
   85   -61
   86   -61
   87   -61
   88   -61
   89   -61
   90   -61
   91   -61
   92   -61
   93   -61
   94   -61
   95   -61
   96   -61
   97   -61
   98   -61
   99   -61
   100   -61
   101   -61
   102   -61
   103   -61
   104   -61
   105   -61
   106   -61
   107   -61
   108   -61
   109   -61
   110   -61
   111   -61
   112   -61
   113   -61
   114   -61
   115   -61
   116   -61
   117   -62
   118   -61
   119   -61
   120   -61
   121   -61
   122   -61
   123   -61
   124   -61
   125   -61
   126   -61
   127   -61
   128   -61
   129   -61
   130   -61
   131   -61
   132   -61
   133   -61
   134   -61
   135   -61
   136   -61
   137   -61
   138   -61
   139   -61
   140   -61
   141   -61
   142   -61
   143   -61
   144   -61
   145   -61
   146   -61
   147   -61
   148   -61
   149   -61
   150   -61
   151   -61
   152   -61
   153   -61
   154   -61
   155   -61
   156   -61
   157   -61
   158   -61
   159   -61
   160   -61
   161   -61
   162   -61
   163   -61
   164   -61
   165   -61
   166   -61
   167   -61
   168   -61
   169   -61
   170   -61
   171   -61
   172   -61
   173   -61
   174   -61
   175   -61
   176   -61
   177   -61
   178   -61
   179   -61
   180   -61
   181   -61
   182   -61
   183   -61
   184   -61
   185   -61
   186   -61
   187   -61
   188   -61
   189   -61
   190   -61
   191   -61
   192   -61
   193   -62
   194   -60
   195   -61
   196   -61
   197   -61
   198   -61
   199   -60
   200   -62
   201   -60
   202   -42
   203   -2
   204   17
   205   19
   206   15
   207   12
   208   11
   209   11
   210   12
   211   12
   212   12
   213   12
   214   12
   215   12
   216   12
   217   12
   218   12
   219   12
   220   12
   221   12
   222   12
   223   13
   224   12
   225   11
   226   11
   227   12
   228   12
   229   12
   230   12
   231   12
   232   11
   233   12
   234   12
   235   12
   236   12
   237   11
   238   12
   239   12
   240   12
   241   12
   242   12
   243   11
   244   12
   245   11
   246   12
   247   11
   248   12
   249   11
   250   12
   251   12
   252   12
   253   12
   254   12
   255   11
   256   11
   257   11
   258   12
   259   12
   260   11
   261   12
   262   11
   263   12
   264   11
   265   12
   266   11
   267   12
   268   11
   269   12
   270   11
   271   11
   272   11
   273   11
   274   11
   275   11
   276   12
   277   11
   278   11
   279   11
   280   11
   281   11
   282   12
   283   11
   284   11
   285   11
   286   11
   287   11
   288   11
   289   11
   290   11
   291   11
   292   11
   293   11
   294   11
   295   11
   296   11
   297   11
   298   11
   299   11
   300   10
   301   11
   302   11
   303   11
   304   11
   305   11
   306   11
   307   11
   308   11
   309   11
   310   11
   311   10
   312   11
   313   10
   314   11
   315   10
   316   11
   317   11
   318   11
   319   10
   320   11
   321   10
   322   11
   323   10
   324   10
   325   11
   326   10
   327   11
   328   10
   329   11
   330   10
   331   11
   332   10
   333   11
   334   10
   335   11
   336   10
   337   10
   338   10
   339   10
   340   11
   341   10
   342   11
   343   10
   344   11
   345   10
   346   11
   347   10
   348   10
   349   9
   350   10
   351   10
   352   10
   353   10
   354   10
   355   10
   356   10
   357   10
   358   9
   359   10
   360   10
   361   10
   362   9
   363   10
   364   9
   365   10
   366   9
   367   10
   368   9
   369   10
   370   9
   371   10
   372   10
   373   9
   374   10
   375   9
   376   9
   377   9
   378   10
   379   9
   380   10
   381   9
   382   10
   383   9
   384   9
   385   9
   386   9
   387   9
   388   9
   389   10
   390   9
   391   9
   392   9
   393   9
   394   9
   395   9
   396   9
   397   9
   398   8
   399   9
   400   8
   401   9
   402   9
   403   8
   404   9
   405   8
   406   9
   407   8
   408   8
   409   7
   410   8
   411   7
   412   7
   413   6
   414   6
   415   4
   416   4
   417   2
   418   1
   419   -1
   420   -3
   421   -5
   422   -7
   423   -9
   424   -13
   425   -15
   426   -18
   427   -21
   428   -25
   429   -27
   430   -31
   431   -33
   432   -37
   433   -39
   434   -42
   435   -44
   436   -47
   437   -49
   438   -50
   439   -52
   440   -53
   441   -55
   442   -55
   443   -57
   444   -56
   445   -58
   446   -58
   447   -59
   448   -58
   449   -59
   450   -59
   451   -59
   452   -59
   453   -59
   454   -60
   455   -59
   456   -60
   457   -59
   458   -60
   459   -59
   460   -60
   461   -59
   462   -60
   463   -59
   464   -60
   465   -60
   466   -60
   467   -60
   468   -60
   469   -60
   470   -60
   471   -60
   472   -59
   473   -60
   474   -59
   475   -61
   476   -60
   477   -60
   478   -60
   479   -60
   480   -60
   481   -61
   482   -60
   483   -60
   484   -60
   485   -60
   486   -60
   487   -60
   488   -60
   489   -60
   490   -60
   491   -60
   492   -61
   493   -60
   494   -60
   495   -60
   496   -61
   497   -60
   498   -61
   499   -60
   500   -60
   501   -60
   502   -60
   503   -60
   504   -60
   505   -61
   506   -60
   507   -61
   508   -60
   509   -61
   510   -60
   511   -61
   512   -59
   513   -60
   514   -60
   515   -61
   516   -60
   517   -60
   518   -60
   519   -60
   520   -61
   521   -60
   522   -61
   523   -60
   524   -61
   525   -59
   526   -61
   527   -60
   528   -61
   529   -60
   530   -61
   531   -60
   532   -61
   533   -60
   534   -60
   535   -60
   536   -60
   537   -61
   538   -60
   539   -61
   540   -60
   541   -61
   542   -60
   543   -61
   544   -60
   545   -61
   546   -60
   547   -61
   548   -60
   549   -60
   550   -60
   551   -60
   552   -61
   553   -60
   554   -61
   555   -60
   556   -61
   557   -60
   558   -61
   559   -60
   560   -61
   561   -60
   562   -61
   563   -60
   564   -61
   565   -60
   566   -61
   567   -61
   568   -60
   569   -61
   570   -60
   571   -61
   572   -60
   573   -61
   574   -60
   575   -61
   576   -60
   577   -61
   578   -60
   579   -61
   580   -60
   581   -61
   582   -60
   583   -61
   584   -60
   585   -60
   586   -61
   587   -60
   588   -61
   589   -60
   590   -61
   591   -60
   592   -61
   593   -60
   594   -61
   595   -60
   596   -61
   597   -60
   598   -61
   599   -61
   600   -60
   601   -61
   602   -60
   603   -61
   604   -60
   605   -61
   606   -60
   607   -61
   608   -60
   609   -61
   610   -60
   611   -61
   612   -60
   613   -61
   614   -60
   615   -61
   616   -61
   617   -61
   618   -61
   619   -60
   620   -61
   621   -60
   622   -61
   623   -60
   624   -61
   625   -60
   626   -61
   627   -60
   628   -61
   629   -60
   630   -61
   631   -60
   632   -60
   633   -61
   634   -61
   635   -61
   636   -60
   637   -61
   638   -60
   639   -61
   640   -60
   641   -62
   642   -60
   643   -61
   644   -60
   645   -61
   646   -60
   647   -61
   648   -60
   649   -61
   650   -61
   651   -60
   652   -61
   653   -60
   654   -61
   655   -60
   656   -61
   657   -60
   658   -61
   659   -60
   660   -61
   661   -60
   662   -61
   663   -60
   664   -61
   665   -61
   666   -61
   667   -61
   668   -60
   669   -61
   670   -60
   671   -61
   672   -60
   673   -61
   674   -60
   675   -61
   676   -60
   677   -61
   678   -60
   679   -61
   680   -61
   681   -61
   682   -61
   683   -60
   684   -61
   685   -60
   686   -62
   687   -60
   688   -61
   689   -60
   690   -61
   691   -60
   692   -61
   693   -60
   694   -61
   695   -60
   696   -61
   697   -61
   698   -61
   699   -61
   700   -60
   701   -61
   702   -60
   703   -61
   704   -60
   705   -61
   706   -60
   707   -61
   708   -60
   709   -61
   710   -60
   711   -61
   712   -61
   713   -61
   714   -61
   715   -61
   716   -61
   717   -60
   718   -61
   719   -60
   720   -61
   721   -60
   722   -62
   723   -60
   724   -61
   725   -60
   726   -61
   727   -60
   728   -61
   729   -61
   730   -61
   731   -61
   732   -60
   733   -61
   734   -60
   735   -61
   736   -60
   737   -61
   738   -60
   739   -61
   740   -60
   741   -62
   742   -60
   743   -61
   744   -60
   745   -61
   746   -61
   747   -61
   748   -61
   749   -60
   750   -61
   751   -60
   752   -61
   753   -60
   754   -62
   755   -60
   756   -61
   757   -60
   758   -62
   759   -60
   760   -61
   761   -61
   762   -61
   763   -61
   764   -61
   765   -61
   766   -61
   767   -61
   768   -60
   769   -61
   770   -60
   771   -61
   772   -60
   773   -62
   774   -60
   775   -62
   776   -60
   777   -61
   778   -61
   779   -61
   780   -61
   781   -61
   782   -61
   783   -60
   784   -61
   785   -60
   786   -62
   787   -60
   788   -62
   789   -60
   790   -61
   791   -60
   792   -61
   793   -60
   794   -61
   795   -61
   796   -61
   797   -61
   798   -61
   799   -61
   800   -60
   801   -61
   802   -60
   803   -62
   804   -60
   805   -62
   806   -60
   807   -61
   808   -60
   809   -61
   810   -60
   811   -61
   812   -61
   813   -61
   814   -61
   815   -61
   816   -61
   817   -60
   818   -61
   819   -60
   820   -62
   821   -60
   822   -62
   823   -60
   824   -62
   825   -60
   826   -61
   827   -61
   828   -61
   829   -61
   830   -61
   831   -61
   832   -60
   833   -61
   834   -60
   835   -62
   836   -60
   837   -62
   838   -60
   839   -61
   840   -60
   841   -61
   842   -60
   843   -61
   844   -60
   845   -61
   846   -61
   847   -61
   848   -61
   849   -60
   850   -61
   851   -60
   852   -61
   853   -60
   854   -61
   855   -60
   856   -62
   857   -60
   858   -61
   859   -60
   860   -61
   861   -61
   862   -60
   863   -61
   864   -60
   865   -61
   866   -60
   867   -62
   868   -60
   869   -62
   870   -60
   871   -62
   872   -60
   873   -62
   874   -60
   875   -61
   876   -61
   877   -61
   878   -61
   879   -61
   880   -61
   881   -60
   882   -61
   883   -60
   884   -61
   885   -60
   886   -62
   887   -60
   888   -62
   889   -60
   890   -61
   891   -60
   892   -62
   893   -60
   894   -61
   895   -61
   896   -61
   897   -61
   898   -60
   899   -62
   900   -61
   901   -61
   902   -60
   903   -61
   904   -60
   905   -61
   906   -61
   907   -61
   908   -61
   909   -61
   910   -60
   911   -61
   912   -61
   913   -60
   914   -61
   915   -60
   916   -61
   917   -60
   918   -62
   919   -60
   920   -62
   921   -60
   922   -61
   923   -61
   924   -62
   925   -60
   926   -61
   927   -61
   928   -60
   929   -61
   930   -61
   931   -61
   932   -60
   933   -62
   934   -60
   935   -62
   936   -60
   937   -61
   938   -60
   939   -61
   940   -60
   941   -61
   942   -61
   943   -61
   944   -61
   945   -61
   946   -61
   947   -60
   948   -61
   949   -60
   950   -62
   951   -60
   952   -61
   953   -60
   954   -62
   955   -60
   956   -61
   957   -60
   958   -61
   959   -61
   960   -61
   961   -61
   962   -61
   963   -61
   964   -60
   965   -61
   966   -60
   967   -62
   968   -60
   969   -62
   970   -60
   971   -61
   972   -60
   973   -61
   974   -61
   975   -61
   976   -61
   977   -61
   978   -61
   979   -60
   980   -61
   981   -60
   982   -62
   983   -60
   984   -62
   985   -60
   986   -62
   987   -60
   988   -62
   989   -60
   990   -61
   991   -61
   992   -61
   993   -61
   994   -61
   995   -62
   996   -60
   997   -61
   998   -60
   999   -62
