   0   0
   1   -61
   2   -61
   3   -62
   4   -60
   5   -62
   6   -60
   7   -62
   8   -60
   9   -62
   10   -60
   11   -62
   12   -60
   13   -61
   14   -61
   15   -61
   16   -61
   17   -61
   18   -62
   19   -60
   20   -62
   21   -60
   22   -62
   23   -60
   24   -62
   25   -60
   26   -62
   27   -60
   28   -62
   29   -61
   30   -61
   31   -61
   32   -61
   33   -61
   34   -61
   35   -62
   36   -60
   37   -62
   38   -60
   39   -62
   40   -60
   41   -62
   42   -60
   43   -62
   44   -60
   45   -62
   46   -60
   47   -61
   48   -61
   49   -61
   50   -61
   51   -61
   52   -62
   53   -60
   54   -62
   55   -60
   56   -62
   57   -60
   58   -62
   59   -60
   60   -62
   61   -60
   62   -62
   63   -61
   64   -61
   65   -61
   66   -61
   67   -62
   68   -61
   69   -62
   70   -60
   71   -62
   72   -60
   73   -62
   74   -60
   75   -62
   76   -60
   77   -62
   78   -61
   79   -62
   80   -61
   81   -61
   82   -61
   83   -61
   84   -61
   85   -60
   86   -62
   87   -60
   88   -62
   89   -60
   90   -62
   91   -60
   92   -62
   93   -60
   94   -62
   95   -61
   96   -61
   97   -61
   98   -61
   99   -62
   100   -61
   101   -62
   102   -60
   103   -62
   104   -60
   105   -62
   106   -60
   107   -62
   108   -60
   109   -62
   110   -60
   111   -62
   112   -61
   113   -62
   114   -61
   115   -61
   116   -61
   117   -60
   118   -62
   119   -60
   120   -62
   121   -60
   122   -62
   123   -60
   124   -62
   125   -60
   126   -62
   127   -61
   128   -62
   129   -61
   130   -61
   131   -61
   132   -61
   133   -62
   134   -61
   135   -62
   136   -60
   137   -62
   138   -60
   139   -62
   140   -60
   141   -62
   142   -60
   143   -62
   144   -61
   145   -61
   146   -61
   147   -61
   148   -62
   149   -61
   150   -62
   151   -60
   152   -62
   153   -60
   154   -62
   155   -60
   156   -62
   157   -60
   158   -62
   159   -60
   160   -62
   161   -61
   162   -61
   163   -61
   164   -61
   165   -62
   166   -60
   167   -62
   168   -60
   169   -62
   170   -60
   171   -62
   172   -60
   173   -62
   174   -60
   175   -62
   176   -60
   177   -62
   178   -61
   179   -61
   180   -61
   181   -61
   182   -61
   183   -61
   184   -62
   185   -60
   186   -62
   187   -60
   188   -62
   189   -60
   190   -62
   191   -60
   192   -62
   193   -61
   194   -60
   195   -61
   196   -61
   197   -62
   198   -61
   199   -61
   200   -61
   201   -59
   202   -16
   203   41
   204   44
   205   28
   206   15
   207   9
   208   8
   209   9
   210   10
   211   11
   212   9
   213   10
   214   8
   215   10
   216   8
   217   10
   218   8
   219   10
   220   7
   221   10
   222   8
   223   10
   224   8
   225   9
   226   8
   227   9
   228   9
   229   9
   230   9
   231   8
   232   9
   233   8
   234   10
   235   8
   236   10
   237   7
   238   10
   239   8
   240   11
   241   8
   242   9
   243   8
   244   9
   245   9
   246   9
   247   9
   248   9
   249   9
   250   8
   251   10
   252   9
   253   10
   254   8
   255   9
   256   8
   257   10
   258   9
   259   9
   260   9
   261   9
   262   9
   263   9
   264   10
   265   8
   266   10
   267   8
   268   10
   269   8
   270   11
   271   8
   272   10
   273   8
   274   10
   275   9
   276   9
   277   9
   278   9
   279   9
   280   8
   281   10
   282   8
   283   10
   284   8
   285   10
   286   8
   287   10
   288   8
   289   10
   290   8
   291   9
   292   8
   293   9
   294   9
   295   9
   296   10
   297   9
   298   10
   299   8
   300   10
   301   8
   302   10
   303   8
   304   10
   305   8
   306   10
   307   8
   308   10
   309   9
   310   9
   311   9
   312   9
   313   10
   314   8
   315   10
   316   8
   317   10
   318   8
   319   10
   320   8
   321   10
   322   8
   323   9
   324   8
   325   10
   326   9
   327   9
   328   9
   329   8
   330   10
   331   8
   332   10
   333   8
   334   10
   335   8
   336   10
   337   8
   338   10
   339   8
   340   10
   341   8
   342   9
   343   9
   344   9
   345   9
   346   9
   347   9
   348   8
   349   10
   350   8
   351   10
   352   8
   353   10
   354   8
   355   10
   356   8
   357   9
   358   8
   359   9
   360   9
   361   8
   362   9
   363   8
   364   9
   365   8
   366   9
   367   7
   368   10
   369   8
   370   10
   371   8
   372   9
   373   8
   374   9
   375   8
   376   9
   377   8
   378   8
   379   8
   380   7
   381   8
   382   7
   383   8
   384   6
   385   8
   386   6
   387   7
   388   6
   389   7
   390   5
   391   5
   392   5
   393   4
   394   4
   395   3
   396   3
   397   1
   398   2
   399   -1
   400   1
   401   -2
   402   -1
   403   -4
   404   -4
   405   -6
   406   -6
   407   -8
   408   -9
   409   -11
   410   -12
   411   -13
   412   -16
   413   -16
   414   -19
   415   -19
   416   -22
   417   -22
   418   -26
   419   -25
   420   -29
   421   -29
   422   -32
   423   -32
   424   -34
   425   -35
   426   -37
   427   -39
   428   -39
   429   -41
   430   -42
   431   -45
   432   -44
   433   -47
   434   -46
   435   -49
   436   -48
   437   -51
   438   -50
   439   -52
   440   -52
   441   -53
   442   -53
   443   -54
   444   -55
   445   -55
   446   -56
   447   -55
   448   -57
   449   -56
   450   -58
   451   -57
   452   -59
   453   -58
   454   -59
   455   -58
   456   -59
   457   -59
   458   -59
   459   -59
   460   -59
   461   -60
   462   -59
   463   -61
   464   -59
   465   -61
   466   -59
   467   -61
   468   -59
   469   -61
   470   -59
   471   -61
   472   -60
   473   -61
   474   -60
   475   -60
   476   -61
   477   -60
   478   -61
   479   -60
   480   -61
   481   -60
   482   -62
   483   -60
   484   -61
   485   -60
   486   -61
   487   -59
   488   -61
   489   -60
   490   -61
   491   -60
   492   -60
   493   -61
   494   -60
   495   -61
   496   -60
   497   -61
   498   -59
   499   -61
   500   -60
   501   -61
   502   -60
   503   -61
   504   -60
   505   -61
   506   -60
   507   -61
   508   -61
   509   -60
   510   -61
   511   -60
   512   -61
   513   -60
   514   -61
   515   -60
   516   -62
   517   -59
   518   -61
   519   -60
   520   -61
   521   -60
   522   -61
   523   -61
   524   -61
   525   -61
   526   -60
   527   -61
   528   -60
   529   -61
   530   -60
   531   -62
   532   -60
   533   -62
   534   -60
   535   -61
   536   -60
   537   -61
   538   -60
   539   -61
   540   -61
   541   -61
   542   -61
   543   -60
   544   -61
   545   -60
   546   -61
   547   -60
   548   -62
   549   -60
   550   -62
   551   -60
   552   -61
   553   -60
   554   -61
   555   -60
   556   -61
   557   -61
   558   -61
   559   -61
   560   -60
   561   -61
   562   -60
   563   -61
   564   -60
   565   -62
   566   -60
   567   -62
   568   -60
   569   -61
   570   -60
   571   -61
   572   -61
   573   -61
   574   -61
   575   -60
   576   -61
   577   -60
   578   -62
   579   -60
   580   -62
   581   -60
   582   -62
   583   -60
   584   -61
   585   -60
   586   -62
   587   -60
   588   -61
   589   -61
   590   -61
   591   -61
   592   -60
   593   -62
   594   -60
   595   -62
   596   -60
   597   -62
   598   -60
   599   -62
   600   -60
   601   -62
   602   -60
   603   -61
   604   -60
   605   -61
   606   -61
   607   -61
   608   -61
   609   -61
   610   -61
   611   -60
   612   -62
   613   -60
   614   -62
   615   -60
   616   -62
   617   -60
   618   -62
   619   -60
   620   -61
   621   -61
   622   -61
   623   -61
   624   -61
   625   -61
   626   -60
   627   -61
   628   -60
   629   -62
   630   -60
   631   -62
   632   -60
   633   -62
   634   -60
   635   -61
   636   -60
   637   -61
   638   -60
   639   -61
   640   -61
   641   -60
   642   -61
   643   -60
   644   -62
   645   -60
   646   -62
   647   -60
   648   -62
   649   -60
   650   -62
   651   -60
   652   -61
   653   -61
   654   -61
   655   -61
   656   -61
   657   -61
   658   -61
   659   -61
   660   -60
   661   -62
   662   -60
   663   -62
   664   -60
   665   -62
   666   -60
   667   -62
   668   -60
   669   -61
   670   -61
   671   -61
   672   -61
   673   -61
   674   -61
   675   -60
   676   -62
   677   -60
   678   -62
   679   -60
   680   -62
   681   -60
   682   -62
   683   -60
   684   -62
   685   -60
   686   -61
   687   -61
   688   -61
   689   -61
   690   -61
   691   -61
   692   -60
   693   -61
   694   -60
   695   -61
   696   -60
   697   -62
   698   -60
   699   -62
   700   -60
   701   -61
   702   -60
   703   -61
   704   -61
   705   -61
   706   -61
   707   -61
   708   -61
   709   -60
   710   -61
   711   -60
   712   -62
   713   -60
   714   -62
   715   -60
   716   -61
   717   -60
   718   -61
   719   -61
   720   -61
   721   -61
   722   -61
   723   -61
   724   -60
   725   -61
   726   -60
   727   -62
   728   -60
   729   -62
   730   -60
   731   -61
   732   -60
   733   -62
   734   -60
   735   -61
   736   -61
   737   -61
   738   -61
   739   -61
   740   -61
   741   -61
   742   -61
   743   -60
   744   -62
   745   -60
   746   -62
   747   -60
   748   -62
   749   -60
   750   -61
   751   -60
   752   -61
   753   -61
   754   -61
   755   -61
   756   -61
   757   -61
   758   -60
   759   -61
   760   -60
   761   -61
   762   -60
   763   -62
   764   -60
   765   -61
   766   -60
   767   -61
   768   -60
   769   -61
   770   -61
   771   -61
   772   -61
   773   -60
   774   -62
   775   -60
   776   -62
   777   -60
   778   -62
   779   -60
   780   -62
   781   -61
   782   -62
   783   -60
   784   -61
   785   -61
   786   -61
   787   -61
   788   -60
   789   -61
   790   -60
   791   -61
   792   -60
   793   -62
   794   -60
   795   -62
   796   -60
   797   -61
   798   -60
   799   -62
   800   -61
   801   -61
   802   -61
   803   -61
   804   -61
   805   -61
   806   -61
   807   -60
   808   -62
   809   -60
   810   -62
   811   -60
   812   -62
   813   -60
   814   -62
   815   -60
   816   -62
   817   -60
   818   -61
   819   -61
   820   -61
   821   -61
   822   -61
   823   -61
   824   -61
   825   -61
   826   -60
   827   -62
   828   -60
   829   -61
   830   -60
   831   -62
   832   -61
   833   -62
   834   -60
   835   -61
   836   -61
   837   -61
   838   -61
   839   -61
   840   -62
   841   -60
   842   -62
   843   -60
   844   -62
   845   -60
   846   -62
   847   -60
   848   -61
   849   -60
   850   -61
   851   -61
   852   -61
   853   -61
   854   -61
   855   -61
   856   -60
   857   -61
   858   -60
   859   -62
   860   -60
   861   -62
   862   -60
   863   -62
   864   -60
   865   -62
   866   -61
   867   -62
   868   -61
   869   -61
   870   -61
   871   -61
   872   -61
   873   -61
   874   -62
   875   -60
   876   -61
   877   -60
   878   -62
   879   -60
   880   -61
   881   -60
   882   -61
   883   -60
   884   -61
   885   -61
   886   -61
   887   -61
   888   -61
   889   -61
   890   -60
   891   -62
   892   -60
   893   -62
   894   -60
   895   -62
   896   -60
   897   -62
   898   -60
   899   -61
   900   -61
   901   -61
   902   -61
   903   -60
   904   -61
   905   -61
   906   -62
   907   -61
   908   -62
   909   -60
   910   -62
   911   -60
   912   -62
   913   -60
   914   -62
   915   -60
   916   -61
   917   -61
   918   -61
   919   -61
   920   -61
   921   -61
   922   -60
   923   -62
   924   -60
   925   -62
   926   -60
   927   -62
   928   -60
   929   -62
   930   -60
   931   -62
   932   -60
   933   -61
   934   -61
   935   -61
   936   -61
   937   -61
   938   -61
   939   -61
   940   -61
   941   -60
   942   -61
   943   -60
   944   -62
   945   -60
   946   -61
   947   -60
   948   -61
   949   -61
   950   -61
   951   -61
   952   -61
   953   -61
   954   -61
   955   -61
   956   -60
   957   -62
   958   -61
   959   -62
   960   -60
   961   -62
   962   -60
   963   -62
   964   -61
   965   -61
   966   -61
   967   -61
   968   -61
   969   -61
   970   -61
   971   -61
   972   -62
   973   -60
   974   -62
   975   -60
   976   -61
   977   -60
   978   -62
   979   -60
   980   -61
   981   -60
   982   -61
   983   -61
   984   -61
   985   -61
   986   -61
   987   -61
   988   -61
   989   -61
   990   -60
   991   -62
   992   -60
   993   -62
   994   -60
   995   -62
   996   -60
   997   -61
   998   -61
   999   -61
