   0   0
   1   -68
   2   -68
   3   -67
   4   -67
   5   -67
   6   -66
   7   -66
   8   -67
   9   -67
   10   -67
   11   -67
   12   -67
   13   -68
   14   -68
   15   -68
   16   -69
   17   -68
   18   -68
   19   -68
   20   -68
   21   -67
   22   -67
   23   -67
   24   -67
   25   -66
   26   -66
   27   -67
   28   -67
   29   -67
   30   -68
   31   -68
   32   -68
   33   -68
   34   -68
   35   -68
   36   -67
   37   -67
   38   -67
   39   -67
   40   -67
   41   -67
   42   -67
   43   -67
   44   -67
   45   -67
   46   -68
   47   -68
   48   -68
   49   -68
   50   -68
   51   -68
   52   -68
   53   -68
   54   -67
   55   -67
   56   -67
   57   -67
   58   -67
   59   -67
   60   -67
   61   -67
   62   -67
   63   -67
   64   -68
   65   -67
   66   -68
   67   -68
   68   -67
   69   -67
   70   -67
   71   -67
   72   -67
   73   -66
   74   -67
   75   -67
   76   -67
   77   -67
   78   -68
   79   -68
   80   -68
   81   -68
   82   -68
   83   -68
   84   -68
   85   -68
   86   -68
   87   -67
   88   -67
   89   -67
   90   -67
   91   -67
   92   -67
   93   -68
   94   -67
   95   -68
   96   -68
   97   -68
   98   -68
   99   -68
   100   -68
   101   -68
   102   -67
   103   -67
   104   -67
   105   -67
   106   -66
   107   -67
   108   -67
   109   -67
   110   -67
   111   -67
   112   -67
   113   -68
   114   -68
   115   -68
   116   -68
   117   -68
   118   -67
   119   -68
   120   -67
   121   -67
   122   -68
   123   -67
   124   -67
   125   -67
   126   -67
   127   -67
   128   -68
   129   -67
   130   -68
   131   -68
   132   -68
   133   -68
   134   -67
   135   -67
   136   -67
   137   -67
   138   -66
   139   -67
   140   -67
   141   -67
   142   -66
   143   -67
   144   -67
   145   -67
   146   -68
   147   -68
   148   -68
   149   -68
   150   -68
   151   -68
   152   -68
   153   -68
   154   -67
   155   -67
   156   -67
   157   -67
   158   -67
   159   -68
   160   -67
   161   -67
   162   -67
   163   -68
   164   -68
   165   -68
   166   -68
   167   -68
   168   -68
   169   -67
   170   -67
   171   -67
   172   -67
   173   -67
   174   -67
   175   -66
   176   -67
   177   -67
   178   -67
   179   -67
   180   -68
   181   -68
   182   -68
   183   -68
   184   -68
   185   -68
   186   -67
   187   -68
   188   -67
   189   -67
   190   -67
   191   -67
   192   -67
   193   -68
   194   -67
   195   -68
   196   -68
   197   -67
   198   -67
   199   -68
   200   -69
   201   -45
   202   4
   203   -44
   204   -48
   205   -42
   206   -41
   207   -42
   208   -40
   209   -40
   210   -41
   211   -40
   212   -40
   213   -42
   214   -41
   215   -41
   216   -41
   217   -41
   218   -41
   219   -41
   220   -40
   221   -40
   222   -41
   223   -40
   224   -40
   225   -40
   226   -40
   227   -40
   228   -41
   229   -41
   230   -41
   231   -41
   232   -41
   233   -41
   234   -41
   235   -41
   236   -41
   237   -40
   238   -39
   239   -41
   240   -40
   241   -40
   242   -40
   243   -40
   244   -40
   245   -41
   246   -41
   247   -40
   248   -41
   249   -41
   250   -41
   251   -41
   252   -41
   253   -41
   254   -40
   255   -40
   256   -41
   257   -41
   258   -41
   259   -41
   260   -41
   261   -42
   262   -42
   263   -42
   264   -42
   265   -42
   266   -42
   267   -42
   268   -42
   269   -42
   270   -42
   271   -41
   272   -41
   273   -41
   274   -41
   275   -41
   276   -41
   277   -41
   278   -41
   279   -42
   280   -42
   281   -42
   282   -42
   283   -43
   284   -43
   285   -42
   286   -42
   287   -42
   288   -42
   289   -42
   290   -42
   291   -42
   292   -42
   293   -42
   294   -42
   295   -43
   296   -43
   297   -43
   298   -44
   299   -44
   300   -44
   301   -43
   302   -43
   303   -43
   304   -43
   305   -42
   306   -42
   307   -42
   308   -42
   309   -42
   310   -43
   311   -42
   312   -43
   313   -43
   314   -44
   315   -43
   316   -44
   317   -44
   318   -44
   319   -44
   320   -43
   321   -43
   322   -43
   323   -43
   324   -43
   325   -43
   326   -43
   327   -44
   328   -43
   329   -44
   330   -44
   331   -44
   332   -44
   333   -45
   334   -45
   335   -44
   336   -44
   337   -44
   338   -44
   339   -43
   340   -44
   341   -43
   342   -43
   343   -44
   344   -44
   345   -44
   346   -44
   347   -44
   348   -45
   349   -45
   350   -45
   351   -45
   352   -45
   353   -44
   354   -44
   355   -44
   356   -43
   357   -44
   358   -44
   359   -44
   360   -44
   361   -45
   362   -45
   363   -46
   364   -46
   365   -46
   366   -46
   367   -45
   368   -45
   369   -45
   370   -45
   371   -45
   372   -44
   373   -44
   374   -44
   375   -44
   376   -45
   377   -45
   378   -45
   379   -46
   380   -46
   381   -46
   382   -46
   383   -46
   384   -46
   385   -46
   386   -46
   387   -45
   388   -45
   389   -44
   390   -44
   391   -45
   392   -45
   393   -46
   394   -46
   395   -46
   396   -47
   397   -47
   398   -47
   399   -47
   400   -46
   401   -47
   402   -46
   403   -46
   404   -46
   405   -45
   406   -45
   407   -46
   408   -46
   409   -46
   410   -46
   411   -46
   412   -47
   413   -47
   414   -47
   415   -47
   416   -48
   417   -47
   418   -47
   419   -47
   420   -46
   421   -46
   422   -46
   423   -46
   424   -46
   425   -46
   426   -47
   427   -47
   428   -48
   429   -48
   430   -49
   431   -49
   432   -49
   433   -49
   434   -49
   435   -50
   436   -49
   437   -49
   438   -49
   439   -48
   440   -49
   441   -49
   442   -50
   443   -50
   444   -51
   445   -52
   446   -52
   447   -53
   448   -53
   449   -53
   450   -53
   451   -53
   452   -53
   453   -53
   454   -53
   455   -53
   456   -53
   457   -54
   458   -54
   459   -55
   460   -55
   461   -56
   462   -57
   463   -58
   464   -58
   465   -59
   466   -59
   467   -59
   468   -59
   469   -59
   470   -59
   471   -59
   472   -59
   473   -59
   474   -60
   475   -60
   476   -61
   477   -62
   478   -62
   479   -63
   480   -64
   481   -64
   482   -64
   483   -64
   484   -63
   485   -63
   486   -63
   487   -63
   488   -63
   489   -63
   490   -63
   491   -64
   492   -64
   493   -65
   494   -65
   495   -66
   496   -67
   497   -67
   498   -67
   499   -67
   500   -66
   501   -66
   502   -66
   503   -65
   504   -65
   505   -66
   506   -66
   507   -66
   508   -66
   509   -66
   510   -67
   511   -67
   512   -68
   513   -68
   514   -68
   515   -68
   516   -68
   517   -67
   518   -67
   519   -66
   520   -66
   521   -66
   522   -66
   523   -66
   524   -66
   525   -67
   526   -67
   527   -68
   528   -69
   529   -69
   530   -69
   531   -69
   532   -68
   533   -67
   534   -67
   535   -67
   536   -66
   537   -66
   538   -66
   539   -66
   540   -66
   541   -67
   542   -67
   543   -68
   544   -68
   545   -68
   546   -69
   547   -69
   548   -68
   549   -68
   550   -67
   551   -67
   552   -66
   553   -66
   554   -65
   555   -66
   556   -66
   557   -66
   558   -67
   559   -67
   560   -68
   561   -68
   562   -68
   563   -69
   564   -69
   565   -68
   566   -68
   567   -67
   568   -67
   569   -66
   570   -66
   571   -66
   572   -66
   573   -66
   574   -67
   575   -67
   576   -68
   577   -68
   578   -68
   579   -69
   580   -69
   581   -68
   582   -68
   583   -68
   584   -67
   585   -66
   586   -66
   587   -65
   588   -66
   589   -66
   590   -66
   591   -67
   592   -67
   593   -68
   594   -68
   595   -69
   596   -68
   597   -68
   598   -68
   599   -67
   600   -68
   601   -67
   602   -66
   603   -66
   604   -66
   605   -66
   606   -67
   607   -66
   608   -68
   609   -68
   610   -68
   611   -69
   612   -69
   613   -69
   614   -68
   615   -68
   616   -67
   617   -67
   618   -66
   619   -66
   620   -66
   621   -66
   622   -66
   623   -66
   624   -67
   625   -68
   626   -68
   627   -68
   628   -69
   629   -69
   630   -69
   631   -68
   632   -67
   633   -67
   634   -67
   635   -66
   636   -66
   637   -66
   638   -66
   639   -66
   640   -67
   641   -68
   642   -68
   643   -69
   644   -69
   645   -69
   646   -69
   647   -68
   648   -68
   649   -67
   650   -67
   651   -66
   652   -66
   653   -66
   654   -66
   655   -66
   656   -66
   657   -67
   658   -67
   659   -68
   660   -69
   661   -69
   662   -68
   663   -68
   664   -68
   665   -67
   666   -67
   667   -66
   668   -66
   669   -66
   670   -66
   671   -66
   672   -66
   673   -67
   674   -68
   675   -68
   676   -69
   677   -69
   678   -69
   679   -68
   680   -68
   681   -67
   682   -67
   683   -67
   684   -66
   685   -65
   686   -66
   687   -65
   688   -66
   689   -67
   690   -67
   691   -68
   692   -68
   693   -68
   694   -68
   695   -69
   696   -68
   697   -68
   698   -67
   699   -67
   700   -66
   701   -65
   702   -66
   703   -66
   704   -66
   705   -66
   706   -67
   707   -68
   708   -68
   709   -69
   710   -68
   711   -69
   712   -69
   713   -68
   714   -67
   715   -67
   716   -67
   717   -66
   718   -66
   719   -66
   720   -65
   721   -66
   722   -67
   723   -67
   724   -68
   725   -68
   726   -69
   727   -69
   728   -69
   729   -68
   730   -67
   731   -67
   732   -67
   733   -66
   734   -65
   735   -66
   736   -66
   737   -66
   738   -67
   739   -67
   740   -68
   741   -69
   742   -69
   743   -69
   744   -69
   745   -68
   746   -68
   747   -68
   748   -67
   749   -66
   750   -66
   751   -66
   752   -66
   753   -66
   754   -67
   755   -67
   756   -68
   757   -68
   758   -68
   759   -69
   760   -68
   761   -68
   762   -68
   763   -67
   764   -66
   765   -66
   766   -66
   767   -66
   768   -65
   769   -66
   770   -66
   771   -66
   772   -67
   773   -68
   774   -68
   775   -69
   776   -68
   777   -69
   778   -69
   779   -68
   780   -67
   781   -67
   782   -66
   783   -66
   784   -66
   785   -66
   786   -66
   787   -66
   788   -67
   789   -68
   790   -68
   791   -68
   792   -69
   793   -69
   794   -68
   795   -68
   796   -67
   797   -66
   798   -66
   799   -65
   800   -65
   801   -65
   802   -66
   803   -66
   804   -67
   805   -67
   806   -68
   807   -68
   808   -69
   809   -69
   810   -69
   811   -68
   812   -68
   813   -67
   814   -67
   815   -66
   816   -66
   817   -65
   818   -66
   819   -66
   820   -66
   821   -67
   822   -68
   823   -68
   824   -69
   825   -69
   826   -68
   827   -69
   828   -68
   829   -68
   830   -67
   831   -66
   832   -65
   833   -66
   834   -66
   835   -66
   836   -66
   837   -67
   838   -68
   839   -69
   840   -68
   841   -69
   842   -69
   843   -68
   844   -68
   845   -67
   846   -67
   847   -66
   848   -66
   849   -66
   850   -66
   851   -66
   852   -66
   853   -67
   854   -68
   855   -68
   856   -69
   857   -69
   858   -69
   859   -68
   860   -68
   861   -67
   862   -67
   863   -66
   864   -66
   865   -66
   866   -65
   867   -66
   868   -66
   869   -67
   870   -67
   871   -68
   872   -68
   873   -69
   874   -69
   875   -69
   876   -68
   877   -68
   878   -67
   879   -66
   880   -66
   881   -66
   882   -66
   883   -66
   884   -66
   885   -66
   886   -67
   887   -68
   888   -68
   889   -69
   890   -69
   891   -68
   892   -68
   893   -68
   894   -67
   895   -67
   896   -66
   897   -66
   898   -66
   899   -66
   900   -66
   901   -66
   902   -67
   903   -68
   904   -68
   905   -68
   906   -68
   907   -68
   908   -69
   909   -68
   910   -67
   911   -67
   912   -66
   913   -66
   914   -65
   915   -66
   916   -66
   917   -66
   918   -66
   919   -68
   920   -67
   921   -68
   922   -69
   923   -69
   924   -68
   925   -68
   926   -68
   927   -68
   928   -67
   929   -66
   930   -66
   931   -66
   932   -66
   933   -66
   934   -66
   935   -67
   936   -68
   937   -68
   938   -68
   939   -69
   940   -68
   941   -68
   942   -68
   943   -68
   944   -66
   945   -66
   946   -66
   947   -66
   948   -66
   949   -66
   950   -66
   951   -67
   952   -67
   953   -68
   954   -68
   955   -69
   956   -68
   957   -69
   958   -68
   959   -68
   960   -67
   961   -67
   962   -66
   963   -66
   964   -66
   965   -66
   966   -66
   967   -66
   968   -67
   969   -68
   970   -68
   971   -68
   972   -69
   973   -68
   974   -69
   975   -68
   976   -67
   977   -67
   978   -66
   979   -66
   980   -66
   981   -66
   982   -66
   983   -67
   984   -67
   985   -67
   986   -68
   987   -69
   988   -69
   989   -69
   990   -68
   991   -68
   992   -68
   993   -67
   994   -66
   995   -66
   996   -66
   997   -66
   998   -66
   999   -67
