   0   0
   1   -62
   2   -62
   3   -62
   4   -62
   5   -62
   6   -62
   7   -62
   8   -62
   9   -62
   10   -62
   11   -62
   12   -62
   13   -62
   14   -62
   15   -62
   16   -62
   17   -62
   18   -62
   19   -62
   20   -62
   21   -62
   22   -62
   23   -62
   24   -62
   25   -63
   26   -62
   27   -62
   28   -62
   29   -63
   30   -62
   31   -62
   32   -62
   33   -63
   34   -62
   35   -62
   36   -62
   37   -62
   38   -63
   39   -62
   40   -62
   41   -62
   42   -63
   43   -62
   44   -63
   45   -62
   46   -62
   47   -62
   48   -62
   49   -62
   50   -62
   51   -62
   52   -62
   53   -62
   54   -62
   55   -62
   56   -62
   57   -62
   58   -62
   59   -62
   60   -62
   61   -62
   62   -62
   63   -63
   64   -62
   65   -62
   66   -62
   67   -62
   68   -62
   69   -62
   70   -63
   71   -62
   72   -62
   73   -62
   74   -63
   75   -62
   76   -62
   77   -62
   78   -63
   79   -62
   80   -62
   81   -62
   82   -62
   83   -62
   84   -62
   85   -62
   86   -62
   87   -62
   88   -62
   89   -62
   90   -62
   91   -62
   92   -62
   93   -62
   94   -62
   95   -63
   96   -62
   97   -63
   98   -62
   99   -62
   100   -62
   101   -63
   102   -62
   103   -62
   104   -62
   105   -62
   106   -62
   107   -62
   108   -62
   109   -62
   110   -62
   111   -62
   112   -63
   113   -62
   114   -62
   115   -62
   116   -62
   117   -62
   118   -62
   119   -62
   120   -62
   121   -62
   122   -62
   123   -62
   124   -62
   125   -62
   126   -62
   127   -62
   128   -62
   129   -62
   130   -62
   131   -62
   132   -62
   133   -62
   134   -62
   135   -62
   136   -62
   137   -62
   138   -62
   139   -62
   140   -62
   141   -62
   142   -62
   143   -62
   144   -62
   145   -62
   146   -63
   147   -62
   148   -62
   149   -62
   150   -62
   151   -62
   152   -62
   153   -62
   154   -62
   155   -62
   156   -62
   157   -63
   158   -62
   159   -62
   160   -62
   161   -62
   162   -62
   163   -62
   164   -62
   165   -62
   166   -62
   167   -62
   168   -62
   169   -62
   170   -62
   171   -62
   172   -62
   173   -62
   174   -62
   175   -62
   176   -62
   177   -62
   178   -62
   179   -62
   180   -62
   181   -62
   182   -63
   183   -62
   184   -62
   185   -62
   186   -63
   187   -62
   188   -62
   189   -62
   190   -62
   191   -63
   192   -62
   193   -63
   194   -61
   195   -62
   196   -62
   197   -62
   198   -62
   199   -62
   200   -63
   201   -62
   202   -45
   203   -7
   204   13
   205   17
   206   15
   207   12
   208   10
   209   11
   210   11
   211   12
   212   11
   213   11
   214   11
   215   12
   216   11
   217   12
   218   11
   219   11
   220   11
   221   11
   222   12
   223   12
   224   11
   225   11
   226   11
   227   11
   228   11
   229   11
   230   11
   231   11
   232   11
   233   11
   234   11
   235   11
   236   11
   237   11
   238   11
   239   11
   240   11
   241   11
   242   10
   243   10
   244   10
   245   11
   246   11
   247   10
   248   10
   249   10
   250   11
   251   10
   252   11
   253   10
   254   10
   255   10
   256   10
   257   10
   258   10
   259   10
   260   10
   261   10
   262   10
   263   10
   264   10
   265   10
   266   10
   267   10
   268   10
   269   10
   270   10
   271   10
   272   9
   273   10
   274   10
   275   10
   276   9
   277   9
   278   9
   279   9
   280   9
   281   9
   282   9
   283   9
   284   9
   285   9
   286   9
   287   9
   288   9
   289   9
   290   9
   291   9
   292   9
   293   9
   294   9
   295   9
   296   9
   297   9
   298   9
   299   9
   300   9
   301   8
   302   8
   303   9
   304   8
   305   9
   306   8
   307   8
   308   8
   309   8
   310   8
   311   8
   312   8
   313   8
   314   8
   315   8
   316   8
   317   8
   318   8
   319   8
   320   8
   321   8
   322   8
   323   7
   324   8
   325   7
   326   8
   327   7
   328   8
   329   7
   330   7
   331   7
   332   7
   333   7
   334   7
   335   7
   336   7
   337   7
   338   7
   339   7
   340   7
   341   7
   342   7
   343   7
   344   7
   345   7
   346   6
   347   7
   348   6
   349   7
   350   6
   351   6
   352   6
   353   6
   354   6
   355   6
   356   6
   357   6
   358   6
   359   6
   360   6
   361   6
   362   6
   363   6
   364   6
   365   6
   366   6
   367   6
   368   6
   369   6
   370   5
   371   5
   372   5
   373   6
   374   5
   375   5
   376   5
   377   5
   378   5
   379   5
   380   5
   381   5
   382   5
   383   4
   384   4
   385   4
   386   4
   387   3
   388   3
   389   2
   390   1
   391   0
   392   -1
   393   -3
   394   -4
   395   -7
   396   -9
   397   -11
   398   -14
   399   -17
   400   -19
   401   -22
   402   -26
   403   -29
   404   -32
   405   -34
   406   -37
   407   -40
   408   -43
   409   -45
   410   -47
   411   -49
   412   -51
   413   -52
   414   -53
   415   -54
   416   -55
   417   -56
   418   -57
   419   -58
   420   -58
   421   -59
   422   -59
   423   -59
   424   -59
   425   -60
   426   -60
   427   -60
   428   -61
   429   -61
   430   -61
   431   -61
   432   -61
   433   -61
   434   -61
   435   -61
   436   -61
   437   -61
   438   -62
   439   -61
   440   -62
   441   -62
   442   -62
   443   -61
   444   -62
   445   -62
   446   -62
   447   -62
   448   -61
   449   -62
   450   -62
   451   -62
   452   -62
   453   -62
   454   -61
   455   -62
   456   -62
   457   -62
   458   -62
   459   -62
   460   -62
   461   -62
   462   -62
   463   -62
   464   -62
   465   -62
   466   -62
   467   -62
   468   -62
   469   -62
   470   -62
   471   -62
   472   -62
   473   -62
   474   -62
   475   -62
   476   -62
   477   -62
   478   -62
   479   -62
   480   -62
   481   -62
   482   -62
   483   -62
   484   -62
   485   -62
   486   -62
   487   -62
   488   -62
   489   -62
   490   -62
   491   -62
   492   -62
   493   -62
   494   -62
   495   -62
   496   -62
   497   -62
   498   -62
   499   -62
   500   -62
   501   -62
   502   -62
   503   -62
   504   -62
   505   -62
   506   -62
   507   -62
   508   -62
   509   -62
   510   -62
   511   -62
   512   -62
   513   -62
   514   -62
   515   -62
   516   -62
   517   -62
   518   -62
   519   -62
   520   -62
   521   -62
   522   -62
   523   -62
   524   -62
   525   -62
   526   -62
   527   -62
   528   -62
   529   -62
   530   -62
   531   -62
   532   -62
   533   -62
   534   -62
   535   -62
   536   -62
   537   -62
   538   -62
   539   -62
   540   -62
   541   -62
   542   -62
   543   -62
   544   -62
   545   -62
   546   -62
   547   -62
   548   -62
   549   -62
   550   -62
   551   -62
   552   -62
   553   -62
   554   -62
   555   -62
   556   -62
   557   -62
   558   -62
   559   -62
   560   -62
   561   -62
   562   -62
   563   -62
   564   -62
   565   -62
   566   -62
   567   -62
   568   -62
   569   -62
   570   -62
   571   -62
   572   -62
   573   -62
   574   -62
   575   -62
   576   -62
   577   -62
   578   -62
   579   -62
   580   -62
   581   -62
   582   -62
   583   -62
   584   -62
   585   -62
   586   -62
   587   -62
   588   -62
   589   -63
   590   -63
   591   -63
   592   -62
   593   -63
   594   -63
   595   -63
   596   -63
   597   -62
   598   -63
   599   -62
   600   -63
   601   -63
   602   -63
   603   -63
   604   -63
   605   -62
   606   -63
   607   -62
   608   -63
   609   -63
   610   -63
   611   -63
   612   -63
   613   -63
   614   -63
   615   -63
   616   -63
   617   -63
   618   -62
   619   -63
   620   -63
   621   -63
   622   -63
   623   -63
   624   -62
   625   -63
   626   -62
   627   -63
   628   -63
   629   -63
   630   -63
   631   -63
   632   -63
   633   -63
   634   -63
   635   -62
   636   -63
   637   -63
   638   -63
   639   -63
   640   -63
   641   -63
   642   -63
   643   -63
   644   -63
   645   -63
   646   -63
   647   -63
   648   -63
   649   -63
   650   -63
   651   -63
   652   -63
   653   -63
   654   -63
   655   -63
   656   -63
   657   -63
   658   -62
   659   -63
   660   -63
   661   -63
   662   -63
   663   -63
   664   -63
   665   -63
   666   -63
   667   -63
   668   -63
   669   -63
   670   -63
   671   -63
   672   -63
   673   -63
   674   -63
   675   -63
   676   -63
   677   -63
   678   -63
   679   -62
   680   -63
   681   -63
   682   -63
   683   -63
   684   -63
   685   -63
   686   -63
   687   -63
   688   -63
   689   -63
   690   -62
   691   -63
   692   -63
   693   -63
   694   -63
   695   -63
   696   -63
   697   -63
   698   -63
   699   -63
   700   -63
   701   -63
   702   -63
   703   -62
   704   -63
   705   -63
   706   -63
   707   -63
   708   -63
   709   -63
   710   -63
   711   -63
   712   -63
   713   -63
   714   -63
   715   -63
   716   -62
   717   -63
   718   -63
   719   -63
   720   -63
   721   -63
   722   -63
   723   -63
   724   -63
   725   -63
   726   -63
   727   -63
   728   -63
   729   -63
   730   -63
   731   -63
   732   -63
   733   -63
   734   -63
   735   -63
   736   -63
   737   -63
   738   -63
   739   -63
   740   -63
   741   -63
   742   -63
   743   -63
   744   -63
   745   -63
   746   -63
   747   -63
   748   -63
   749   -63
   750   -63
   751   -63
   752   -63
   753   -63
   754   -63
   755   -63
   756   -63
   757   -63
   758   -63
   759   -63
   760   -63
   761   -63
   762   -63
   763   -62
   764   -63
   765   -63
   766   -63
   767   -62
   768   -63
   769   -62
   770   -63
   771   -63
   772   -63
   773   -63
   774   -63
   775   -63
   776   -63
   777   -63
   778   -63
   779   -63
   780   -63
   781   -63
   782   -62
   783   -63
   784   -62
   785   -63
   786   -63
   787   -63
   788   -63
   789   -63
   790   -63
   791   -63
   792   -63
   793   -63
   794   -63
   795   -63
   796   -63
   797   -63
   798   -63
   799   -63
   800   -63
   801   -63
   802   -63
   803   -62
   804   -63
   805   -63
   806   -63
   807   -63
   808   -63
   809   -63
   810   -63
   811   -63
   812   -63
   813   -63
   814   -63
   815   -63
   816   -62
   817   -63
   818   -63
   819   -63
   820   -63
   821   -63
   822   -63
   823   -63
   824   -63
   825   -63
   826   -63
   827   -63
   828   -63
   829   -63
   830   -63
   831   -63
   832   -63
   833   -63
   834   -63
   835   -63
   836   -63
   837   -63
   838   -63
   839   -63
   840   -63
   841   -63
   842   -63
   843   -63
   844   -63
   845   -63
   846   -62
   847   -63
   848   -63
   849   -63
   850   -62
   851   -63
   852   -62
   853   -63
   854   -62
   855   -63
   856   -63
   857   -63
   858   -63
   859   -63
   860   -63
   861   -63
   862   -63
   863   -63
   864   -63
   865   -63
   866   -63
   867   -63
   868   -63
   869   -62
   870   -63
   871   -62
   872   -63
   873   -62
   874   -63
   875   -63
   876   -63
   877   -63
   878   -63
   879   -63
   880   -63
   881   -63
   882   -63
   883   -63
   884   -63
   885   -63
   886   -63
   887   -63
   888   -63
   889   -63
   890   -63
   891   -63
   892   -63
   893   -63
   894   -63
   895   -63
   896   -63
   897   -63
   898   -63
   899   -63
   900   -63
   901   -63
   902   -63
   903   -62
   904   -63
   905   -63
   906   -63
   907   -63
   908   -63
   909   -63
   910   -63
   911   -63
   912   -62
   913   -63
   914   -63
   915   -63
   916   -62
   917   -63
   918   -62
   919   -63
   920   -63
   921   -63
   922   -63
   923   -63
   924   -63
   925   -63
   926   -63
   927   -63
   928   -63
   929   -63
   930   -63
   931   -63
   932   -63
   933   -63
   934   -63
   935   -62
   936   -63
   937   -63
   938   -63
   939   -63
   940   -63
   941   -63
   942   -63
   943   -63
   944   -63
   945   -63
   946   -63
   947   -63
   948   -62
   949   -63
   950   -63
   951   -63
   952   -63
   953   -63
   954   -63
   955   -62
   956   -63
   957   -63
   958   -63
   959   -63
   960   -63
   961   -63
   962   -63
   963   -62
   964   -63
   965   -62
   966   -63
   967   -63
   968   -63
   969   -62
   970   -62
   971   -62
   972   -63
   973   -63
   974   -63
   975   -63
   976   -62
   977   -63
   978   -62
   979   -63
   980   -63
   981   -63
   982   -63
   983   -63
   984   -62
   985   -63
   986   -62
   987   -63
   988   -63
   989   -63
   990   -62
   991   -62
   992   -62
   993   -62
   994   -63
   995   -63
   996   -63
   997   -62
   998   -63
   999   -62
