   0   0
   1   -61
   2   -61
   3   -61
   4   -61
   5   -60
   6   -61
   7   -61
   8   -62
   9   -61
   10   -61
   11   -61
   12   -61
   13   -61
   14   -61
   15   -61
   16   -61
   17   -61
   18   -61
   19   -61
   20   -61
   21   -61
   22   -61
   23   -62
   24   -61
   25   -61
   26   -61
   27   -61
   28   -61
   29   -61
   30   -61
   31   -61
   32   -61
   33   -61
   34   -61
   35   -61
   36   -62
   37   -60
   38   -61
   39   -61
   40   -62
   41   -60
   42   -61
   43   -61
   44   -61
   45   -61
   46   -61
   47   -61
   48   -61
   49   -61
   50   -61
   51   -61
   52   -61
   53   -62
   54   -61
   55   -62
   56   -61
   57   -62
   58   -61
   59   -62
   60   -61
   61   -62
   62   -61
   63   -61
   64   -61
   65   -61
   66   -61
   67   -61
   68   -61
   69   -61
   70   -62
   71   -60
   72   -61
   73   -61
   74   -61
   75   -60
   76   -61
   77   -61
   78   -62
   79   -61
   80   -61
   81   -61
   82   -61
   83   -61
   84   -61
   85   -61
   86   -61
   87   -62
   88   -61
   89   -61
   90   -60
   91   -62
   92   -61
   93   -62
   94   -61
   95   -61
   96   -61
   97   -61
   98   -61
   99   -61
   100   -61
   101   -61
   102   -61
   103   -60
   104   -62
   105   -61
   106   -62
   107   -60
   108   -62
   109   -60
   110   -62
   111   -61
   112   -61
   113   -61
   114   -61
   115   -61
   116   -61
   117   -61
   118   -61
   119   -61
   120   -61
   121   -61
   122   -60
   123   -61
   124   -60
   125   -62
   126   -60
   127   -62
   128   -61
   129   -61
   130   -61
   131   -61
   132   -61
   133   -61
   134   -61
   135   -61
   136   -61
   137   -61
   138   -62
   139   -61
   140   -61
   141   -60
   142   -61
   143   -61
   144   -61
   145   -61
   146   -61
   147   -61
   148   -61
   149   -61
   150   -61
   151   -61
   152   -61
   153   -62
   154   -61
   155   -61
   156   -61
   157   -62
   158   -60
   159   -61
   160   -61
   161   -61
   162   -61
   163   -61
   164   -61
   165   -61
   166   -61
   167   -61
   168   -62
   169   -61
   170   -62
   171   -60
   172   -62
   173   -61
   174   -62
   175   -60
   176   -61
   177   -61
   178   -61
   179   -61
   180   -61
   181   -61
   182   -61
   183   -61
   184   -61
   185   -61
   186   -61
   187   -61
   188   -60
   189   -61
   190   -60
   191   -62
   192   -61
   193   -62
   194   -60
   195   -61
   196   -61
   197   -61
   198   -61
   199   -60
   200   -62
   201   -59
   202   -38
   203   6
   204   19
   205   17
   206   9
   207   7
   208   6
   209   7
   210   7
   211   9
   212   7
   213   8
   214   7
   215   8
   216   8
   217   8
   218   8
   219   7
   220   8
   221   7
   222   9
   223   8
   224   8
   225   8
   226   8
   227   8
   228   8
   229   8
   230   8
   231   8
   232   7
   233   9
   234   8
   235   9
   236   8
   237   8
   238   8
   239   9
   240   8
   241   9
   242   8
   243   8
   244   8
   245   8
   246   8
   247   8
   248   8
   249   8
   250   9
   251   8
   252   9
   253   8
   254   9
   255   8
   256   9
   257   8
   258   9
   259   8
   260   8
   261   8
   262   8
   263   8
   264   8
   265   9
   266   8
   267   9
   268   8
   269   9
   270   8
   271   9
   272   7
   273   9
   274   8
   275   9
   276   8
   277   8
   278   8
   279   8
   280   9
   281   8
   282   9
   283   8
   284   9
   285   8
   286   9
   287   8
   288   9
   289   8
   290   8
   291   8
   292   9
   293   8
   294   9
   295   9
   296   8
   297   8
   298   8
   299   9
   300   8
   301   9
   302   8
   303   9
   304   8
   305   9
   306   8
   307   9
   308   8
   309   9
   310   8
   311   8
   312   8
   313   8
   314   8
   315   8
   316   9
   317   8
   318   9
   319   8
   320   9
   321   8
   322   9
   323   8
   324   9
   325   8
   326   9
   327   8
   328   8
   329   8
   330   8
   331   9
   332   8
   333   8
   334   8
   335   9
   336   8
   337   9
   338   8
   339   9
   340   8
   341   8
   342   8
   343   8
   344   8
   345   8
   346   8
   347   8
   348   9
   349   7
   350   8
   351   8
   352   9
   353   8
   354   9
   355   7
   356   9
   357   8
   358   9
   359   8
   360   8
   361   8
   362   8
   363   8
   364   7
   365   8
   366   8
   367   9
   368   7
   369   8
   370   7
   371   9
   372   7
   373   9
   374   8
   375   8
   376   8
   377   8
   378   8
   379   8
   380   8
   381   7
   382   8
   383   7
   384   8
   385   7
   386   8
   387   7
   388   8
   389   7
   390   8
   391   7
   392   8
   393   7
   394   7
   395   7
   396   7
   397   7
   398   7
   399   7
   400   6
   401   7
   402   5
   403   6
   404   5
   405   5
   406   4
   407   4
   408   2
   409   2
   410   1
   411   0
   412   -1
   413   -3
   414   -3
   415   -5
   416   -6
   417   -8
   418   -9
   419   -11
   420   -12
   421   -15
   422   -15
   423   -18
   424   -20
   425   -22
   426   -23
   427   -26
   428   -28
   429   -29
   430   -32
   431   -33
   432   -35
   433   -36
   434   -39
   435   -40
   436   -42
   437   -43
   438   -45
   439   -45
   440   -48
   441   -48
   442   -50
   443   -51
   444   -51
   445   -52
   446   -53
   447   -54
   448   -54
   449   -56
   450   -55
   451   -57
   452   -56
   453   -58
   454   -57
   455   -58
   456   -58
   457   -59
   458   -59
   459   -59
   460   -59
   461   -59
   462   -59
   463   -59
   464   -60
   465   -59
   466   -60
   467   -59
   468   -60
   469   -59
   470   -60
   471   -59
   472   -60
   473   -59
   474   -60
   475   -60
   476   -59
   477   -60
   478   -59
   479   -60
   480   -59
   481   -61
   482   -59
   483   -60
   484   -59
   485   -61
   486   -59
   487   -60
   488   -59
   489   -60
   490   -59
   491   -60
   492   -60
   493   -60
   494   -60
   495   -60
   496   -60
   497   -60
   498   -60
   499   -59
   500   -60
   501   -59
   502   -61
   503   -59
   504   -61
   505   -60
   506   -60
   507   -60
   508   -60
   509   -60
   510   -60
   511   -60
   512   -60
   513   -60
   514   -60
   515   -60
   516   -59
   517   -60
   518   -60
   519   -61
   520   -60
   521   -61
   522   -60
   523   -60
   524   -60
   525   -60
   526   -60
   527   -60
   528   -61
   529   -60
   530   -61
   531   -60
   532   -61
   533   -60
   534   -61
   535   -60
   536   -61
   537   -60
   538   -61
   539   -60
   540   -60
   541   -60
   542   -60
   543   -60
   544   -60
   545   -61
   546   -60
   547   -61
   548   -59
   549   -61
   550   -59
   551   -61
   552   -60
   553   -61
   554   -60
   555   -61
   556   -60
   557   -60
   558   -60
   559   -60
   560   -60
   561   -60
   562   -61
   563   -60
   564   -61
   565   -60
   566   -61
   567   -60
   568   -61
   569   -60
   570   -61
   571   -60
   572   -61
   573   -60
   574   -60
   575   -60
   576   -60
   577   -61
   578   -60
   579   -60
   580   -60
   581   -61
   582   -60
   583   -61
   584   -60
   585   -61
   586   -60
   587   -61
   588   -60
   589   -60
   590   -60
   591   -61
   592   -61
   593   -60
   594   -61
   595   -60
   596   -61
   597   -60
   598   -61
   599   -60
   600   -61
   601   -60
   602   -61
   603   -60
   604   -61
   605   -60
   606   -61
   607   -60
   608   -60
   609   -61
   610   -60
   611   -60
   612   -60
   613   -61
   614   -60
   615   -61
   616   -60
   617   -61
   618   -60
   619   -61
   620   -60
   621   -61
   622   -60
   623   -61
   624   -60
   625   -60
   626   -61
   627   -60
   628   -61
   629   -60
   630   -61
   631   -60
   632   -61
   633   -60
   634   -61
   635   -60
   636   -61
   637   -60
   638   -61
   639   -60
   640   -61
   641   -60
   642   -60
   643   -61
   644   -60
   645   -61
   646   -60
   647   -61
   648   -60
   649   -61
   650   -60
   651   -61
   652   -60
   653   -61
   654   -60
   655   -61
   656   -60
   657   -61
   658   -61
   659   -60
   660   -61
   661   -60
   662   -61
   663   -60
   664   -61
   665   -60
   666   -61
   667   -60
   668   -61
   669   -60
   670   -61
   671   -60
   672   -60
   673   -60
   674   -60
   675   -61
   676   -60
   677   -61
   678   -60
   679   -61
   680   -60
   681   -61
   682   -60
   683   -61
   684   -60
   685   -61
   686   -60
   687   -61
   688   -60
   689   -61
   690   -61
   691   -60
   692   -61
   693   -60
   694   -61
   695   -60
   696   -61
   697   -60
   698   -61
   699   -60
   700   -61
   701   -60
   702   -61
   703   -60
   704   -61
   705   -60
   706   -61
   707   -60
   708   -60
   709   -61
   710   -60
   711   -61
   712   -60
   713   -61
   714   -60
   715   -61
   716   -60
   717   -61
   718   -60
   719   -61
   720   -60
   721   -61
   722   -61
   723   -60
   724   -61
   725   -60
   726   -61
   727   -60
   728   -61
   729   -60
   730   -61
   731   -60
   732   -61
   733   -60
   734   -61
   735   -60
   736   -61
   737   -61
   738   -61
   739   -60
   740   -61
   741   -61
   742   -60
   743   -61
   744   -60
   745   -61
   746   -60
   747   -61
   748   -60
   749   -61
   750   -60
   751   -61
   752   -60
   753   -61
   754   -61
   755   -61
   756   -61
   757   -60
   758   -61
   759   -60
   760   -61
   761   -60
   762   -61
   763   -60
   764   -61
   765   -60
   766   -61
   767   -60
   768   -61
   769   -60
   770   -61
   771   -60
   772   -61
   773   -61
   774   -60
   775   -61
   776   -61
   777   -61
   778   -60
   779   -61
   780   -60
   781   -61
   782   -60
   783   -61
   784   -60
   785   -61
   786   -60
   787   -61
   788   -61
   789   -60
   790   -61
   791   -60
   792   -61
   793   -60
   794   -61
   795   -60
   796   -61
   797   -60
   798   -61
   799   -60
   800   -61
   801   -60
   802   -61
   803   -61
   804   -61
   805   -61
   806   -61
   807   -61
   808   -60
   809   -61
   810   -60
   811   -61
   812   -60
   813   -61
   814   -60
   815   -61
   816   -60
   817   -61
   818   -60
   819   -61
   820   -60
   821   -61
   822   -61
   823   -61
   824   -61
   825   -60
   826   -61
   827   -60
   828   -61
   829   -60
   830   -61
   831   -60
   832   -61
   833   -60
   834   -61
   835   -60
   836   -61
   837   -60
   838   -61
   839   -61
   840   -61
   841   -61
   842   -60
   843   -61
   844   -60
   845   -61
   846   -60
   847   -62
   848   -60
   849   -61
   850   -60
   851   -61
   852   -60
   853   -61
   854   -61
   855   -60
   856   -61
   857   -60
   858   -61
   859   -60
   860   -61
   861   -60
   862   -61
   863   -60
   864   -61
   865   -60
   866   -61
   867   -60
   868   -61
   869   -60
   870   -61
   871   -61
   872   -61
   873   -61
   874   -60
   875   -61
   876   -60
   877   -62
   878   -60
   879   -61
   880   -60
   881   -62
   882   -60
   883   -61
   884   -60
   885   -61
   886   -60
   887   -61
   888   -61
   889   -61
   890   -61
   891   -60
   892   -61
   893   -60
   894   -61
   895   -60
   896   -61
   897   -60
   898   -61
   899   -61
   900   -61
   901   -61
   902   -61
   903   -61
   904   -61
   905   -61
   906   -61
   907   -61
   908   -60
   909   -61
   910   -60
   911   -61
   912   -60
   913   -61
   914   -60
   915   -61
   916   -60
   917   -61
   918   -61
   919   -61
   920   -61
   921   -60
   922   -61
   923   -60
   924   -61
   925   -60
   926   -62
   927   -60
   928   -61
   929   -60
   930   -61
   931   -60
   932   -61
   933   -60
   934   -61
   935   -60
   936   -61
   937   -61
   938   -60
   939   -61
   940   -60
   941   -61
   942   -60
   943   -61
   944   -60
   945   -62
   946   -60
   947   -62
   948   -60
   949   -61
   950   -60
   951   -61
   952   -61
   953   -61
   954   -61
   955   -61
   956   -61
   957   -60
   958   -61
   959   -60
   960   -61
   961   -60
   962   -61
   963   -60
   964   -61
   965   -60
   966   -61
   967   -61
   968   -61
   969   -61
   970   -61
   971   -61
   972   -60
   973   -61
   974   -60
   975   -61
   976   -60
   977   -61
   978   -60
   979   -61
   980   -60
   981   -61
   982   -61
   983   -61
   984   -61
   985   -61
   986   -61
   987   -60
   988   -61
   989   -60
   990   -62
   991   -60
   992   -62
   993   -60
   994   -62
   995   -60
   996   -61
   997   -60
   998   -61
   999   -60
