   0   0
   1   -61
   2   -61
   3   -61
   4   -61
   5   -61
   6   -61
   7   -62
   8   -60
   9   -62
   10   -60
   11   -62
   12   -60
   13   -62
   14   -61
   15   -62
   16   -61
   17   -61
   18   -61
   19   -61
   20   -61
   21   -61
   22   -61
   23   -60
   24   -62
   25   -60
   26   -62
   27   -60
   28   -62
   29   -60
   30   -62
   31   -60
   32   -62
   33   -60
   34   -61
   35   -61
   36   -61
   37   -61
   38   -61
   39   -62
   40   -60
   41   -62
   42   -60
   43   -62
   44   -60
   45   -62
   46   -60
   47   -62
   48   -60
   49   -61
   50   -61
   51   -62
   52   -61
   53   -61
   54   -61
   55   -61
   56   -62
   57   -61
   58   -62
   59   -60
   60   -62
   61   -60
   62   -62
   63   -60
   64   -62
   65   -60
   66   -61
   67   -61
   68   -61
   69   -61
   70   -61
   71   -61
   72   -61
   73   -62
   74   -60
   75   -62
   76   -60
   77   -62
   78   -60
   79   -62
   80   -60
   81   -62
   82   -61
   83   -61
   84   -61
   85   -61
   86   -61
   87   -61
   88   -61
   89   -60
   90   -62
   91   -60
   92   -62
   93   -60
   94   -62
   95   -60
   96   -62
   97   -60
   98   -62
   99   -61
   100   -61
   101   -61
   102   -61
   103   -61
   104   -60
   105   -61
   106   -60
   107   -62
   108   -60
   109   -62
   110   -60
   111   -62
   112   -60
   113   -62
   114   -60
   115   -61
   116   -61
   117   -61
   118   -61
   119   -61
   120   -61
   121   -61
   122   -61
   123   -60
   124   -62
   125   -60
   126   -62
   127   -60
   128   -62
   129   -61
   130   -62
   131   -60
   132   -61
   133   -61
   134   -61
   135   -61
   136   -61
   137   -62
   138   -61
   139   -62
   140   -60
   141   -62
   142   -60
   143   -62
   144   -60
   145   -62
   146   -60
   147   -61
   148   -60
   149   -61
   150   -61
   151   -61
   152   -61
   153   -61
   154   -62
   155   -60
   156   -62
   157   -60
   158   -62
   159   -60
   160   -62
   161   -60
   162   -62
   163   -60
   164   -61
   165   -61
   166   -61
   167   -61
   168   -61
   169   -61
   170   -61
   171   -62
   172   -60
   173   -62
   174   -60
   175   -62
   176   -60
   177   -62
   178   -60
   179   -62
   180   -60
   181   -61
   182   -61
   183   -61
   184   -61
   185   -61
   186   -62
   187   -60
   188   -61
   189   -60
   190   -62
   191   -60
   192   -62
   193   -61
   194   -61
   195   -60
   196   -62
   197   -61
   198   -61
   199   -60
   200   -62
   201   -60
   202   -38
   203   5
   204   19
   205   14
   206   8
   207   3
   208   4
   209   4
   210   5
   211   5
   212   5
   213   5
   214   4
   215   5
   216   5
   217   6
   218   4
   219   5
   220   4
   221   5
   222   4
   223   6
   224   4
   225   6
   226   4
   227   6
   228   4
   229   6
   230   5
   231   5
   232   5
   233   5
   234   5
   235   4
   236   6
   237   4
   238   6
   239   5
   240   6
   241   5
   242   6
   243   4
   244   5
   245   4
   246   5
   247   5
   248   5
   249   5
   250   5
   251   5
   252   5
   253   6
   254   4
   255   6
   256   4
   257   6
   258   4
   259   6
   260   4
   261   5
   262   5
   263   5
   264   5
   265   5
   266   5
   267   4
   268   5
   269   5
   270   6
   271   4
   272   6
   273   4
   274   6
   275   5
   276   6
   277   5
   278   5
   279   4
   280   5
   281   5
   282   5
   283   5
   284   4
   285   6
   286   4
   287   6
   288   4
   289   6
   290   4
   291   6
   292   4
   293   5
   294   4
   295   5
   296   5
   297   5
   298   5
   299   5
   300   5
   301   4
   302   6
   303   4
   304   6
   305   4
   306   6
   307   4
   308   6
   309   4
   310   6
   311   5
   312   5
   313   5
   314   5
   315   5
   316   5
   317   5
   318   5
   319   5
   320   4
   321   6
   322   4
   323   6
   324   4
   325   5
   326   4
   327   5
   328   5
   329   5
   330   5
   331   5
   332   5
   333   4
   334   5
   335   4
   336   5
   337   4
   338   6
   339   4
   340   6
   341   4
   342   6
   343   5
   344   5
   345   5
   346   5
   347   5
   348   4
   349   5
   350   4
   351   6
   352   4
   353   5
   354   4
   355   6
   356   4
   357   5
   358   4
   359   5
   360   4
   361   5
   362   5
   363   5
   364   5
   365   4
   366   5
   367   4
   368   5
   369   4
   370   5
   371   3
   372   5
   373   4
   374   5
   375   4
   376   5
   377   4
   378   5
   379   4
   380   4
   381   4
   382   4
   383   5
   384   4
   385   5
   386   4
   387   5
   388   3
   389   5
   390   3
   391   5
   392   4
   393   4
   394   4
   395   4
   396   4
   397   4
   398   4
   399   3
   400   4
   401   3
   402   4
   403   2
   404   3
   405   1
   406   2
   407   1
   408   1
   409   -1
   410   0
   411   -1
   412   -2
   413   -3
   414   -4
   415   -5
   416   -7
   417   -7
   418   -10
   419   -9
   420   -13
   421   -12
   422   -16
   423   -16
   424   -19
   425   -19
   426   -22
   427   -23
   428   -26
   429   -27
   430   -29
   431   -32
   432   -32
   433   -35
   434   -36
   435   -39
   436   -39
   437   -42
   438   -42
   439   -45
   440   -45
   441   -48
   442   -48
   443   -50
   444   -50
   445   -51
   446   -52
   447   -53
   448   -54
   449   -54
   450   -56
   451   -55
   452   -57
   453   -56
   454   -58
   455   -57
   456   -59
   457   -58
   458   -59
   459   -58
   460   -59
   461   -59
   462   -59
   463   -60
   464   -59
   465   -60
   466   -59
   467   -60
   468   -59
   469   -61
   470   -59
   471   -61
   472   -59
   473   -61
   474   -60
   475   -61
   476   -60
   477   -60
   478   -60
   479   -60
   480   -60
   481   -59
   482   -61
   483   -59
   484   -61
   485   -59
   486   -61
   487   -59
   488   -61
   489   -60
   490   -61
   491   -60
   492   -61
   493   -60
   494   -60
   495   -60
   496   -60
   497   -60
   498   -60
   499   -61
   500   -60
   501   -61
   502   -60
   503   -61
   504   -60
   505   -61
   506   -60
   507   -61
   508   -60
   509   -60
   510   -60
   511   -60
   512   -61
   513   -60
   514   -61
   515   -60
   516   -61
   517   -60
   518   -61
   519   -60
   520   -61
   521   -60
   522   -61
   523   -60
   524   -61
   525   -60
   526   -61
   527   -60
   528   -60
   529   -61
   530   -60
   531   -61
   532   -60
   533   -61
   534   -60
   535   -61
   536   -60
   537   -61
   538   -60
   539   -61
   540   -60
   541   -61
   542   -60
   543   -61
   544   -61
   545   -60
   546   -61
   547   -60
   548   -61
   549   -60
   550   -61
   551   -60
   552   -61
   553   -60
   554   -61
   555   -60
   556   -61
   557   -60
   558   -61
   559   -60
   560   -61
   561   -61
   562   -60
   563   -61
   564   -60
   565   -61
   566   -60
   567   -61
   568   -60
   569   -61
   570   -60
   571   -61
   572   -60
   573   -61
   574   -61
   575   -61
   576   -61
   577   -60
   578   -61
   579   -60
   580   -61
   581   -60
   582   -61
   583   -60
   584   -61
   585   -60
   586   -61
   587   -60
   588   -61
   589   -60
   590   -61
   591   -60
   592   -60
   593   -61
   594   -60
   595   -61
   596   -60
   597   -61
   598   -60
   599   -61
   600   -60
   601   -62
   602   -60
   603   -61
   604   -60
   605   -61
   606   -60
   607   -61
   608   -61
   609   -61
   610   -61
   611   -60
   612   -61
   613   -60
   614   -61
   615   -60
   616   -62
   617   -60
   618   -61
   619   -60
   620   -61
   621   -60
   622   -61
   623   -60
   624   -61
   625   -61
   626   -61
   627   -61
   628   -60
   629   -61
   630   -60
   631   -61
   632   -60
   633   -61
   634   -60
   635   -61
   636   -60
   637   -61
   638   -60
   639   -61
   640   -61
   641   -61
   642   -61
   643   -60
   644   -61
   645   -60
   646   -61
   647   -60
   648   -62
   649   -60
   650   -61
   651   -60
   652   -61
   653   -60
   654   -61
   655   -60
   656   -61
   657   -61
   658   -61
   659   -61
   660   -61
   661   -61
   662   -60
   663   -61
   664   -60
   665   -62
   666   -60
   667   -62
   668   -60
   669   -61
   670   -60
   671   -61
   672   -60
   673   -61
   674   -61
   675   -61
   676   -61
   677   -60
   678   -61
   679   -60
   680   -61
   681   -60
   682   -62
   683   -60
   684   -61
   685   -60
   686   -61
   687   -60
   688   -61
   689   -60
   690   -61
   691   -61
   692   -61
   693   -61
   694   -60
   695   -61
   696   -60
   697   -61
   698   -60
   699   -61
   700   -60
   701   -61
   702   -60
   703   -61
   704   -60
   705   -61
   706   -61
   707   -61
   708   -61
   709   -60
   710   -61
   711   -60
   712   -62
   713   -60
   714   -61
   715   -60
   716   -62
   717   -60
   718   -61
   719   -60
   720   -61
   721   -60
   722   -61
   723   -61
   724   -61
   725   -61
   726   -60
   727   -61
   728   -60
   729   -61
   730   -60
   731   -62
   732   -60
   733   -62
   734   -60
   735   -61
   736   -60
   737   -61
   738   -61
   739   -61
   740   -61
   741   -61
   742   -61
   743   -60
   744   -61
   745   -60
   746   -62
   747   -60
   748   -61
   749   -60
   750   -62
   751   -60
   752   -61
   753   -60
   754   -61
   755   -61
   756   -61
   757   -61
   758   -60
   759   -61
   760   -60
   761   -62
   762   -60
   763   -61
   764   -60
   765   -61
   766   -60
   767   -61
   768   -60
   769   -61
   770   -61
   771   -61
   772   -61
   773   -61
   774   -61
   775   -60
   776   -61
   777   -60
   778   -62
   779   -60
   780   -62
   781   -60
   782   -62
   783   -60
   784   -61
   785   -60
   786   -61
   787   -61
   788   -61
   789   -61
   790   -61
   791   -61
   792   -60
   793   -61
   794   -60
   795   -61
   796   -60
   797   -61
   798   -60
   799   -62
   800   -60
   801   -61
   802   -61
   803   -61
   804   -61
   805   -61
   806   -61
   807   -60
   808   -61
   809   -60
   810   -61
   811   -60
   812   -62
   813   -60
   814   -61
   815   -60
   816   -61
   817   -61
   818   -61
   819   -61
   820   -61
   821   -61
   822   -61
   823   -61
   824   -61
   825   -61
   826   -60
   827   -62
   828   -60
   829   -62
   830   -60
   831   -62
   832   -60
   833   -61
   834   -60
   835   -61
   836   -61
   837   -61
   838   -61
   839   -61
   840   -61
   841   -60
   842   -61
   843   -60
   844   -62
   845   -60
   846   -62
   847   -60
   848   -61
   849   -60
   850   -61
   851   -61
   852   -61
   853   -60
   854   -61
   855   -61
   856   -61
   857   -61
   858   -60
   859   -61
   860   -60
   861   -61
   862   -60
   863   -62
   864   -60
   865   -62
   866   -60
   867   -61
   868   -61
   869   -61
   870   -61
   871   -61
   872   -61
   873   -61
   874   -61
   875   -60
   876   -62
   877   -60
   878   -62
   879   -60
   880   -62
   881   -60
   882   -61
   883   -60
   884   -61
   885   -61
   886   -61
   887   -61
   888   -60
   889   -61
   890   -60
   891   -62
   892   -60
   893   -61
   894   -60
   895   -61
   896   -60
   897   -62
   898   -60
   899   -61
   900   -60
   901   -61
   902   -61
   903   -61
   904   -61
   905   -61
   906   -61
   907   -60
   908   -61
   909   -60
   910   -62
   911   -60
   912   -61
   913   -60
   914   -61
   915   -60
   916   -61
   917   -61
   918   -61
   919   -61
   920   -61
   921   -61
   922   -61
   923   -61
   924   -60
   925   -61
   926   -60
   927   -62
   928   -60
   929   -62
   930   -60
   931   -61
   932   -60
   933   -61
   934   -60
   935   -61
   936   -61
   937   -61
   938   -61
   939   -60
   940   -61
   941   -60
   942   -62
   943   -60
   944   -61
   945   -60
   946   -61
   947   -60
   948   -62
   949   -61
   950   -61
   951   -61
   952   -61
   953   -61
   954   -61
   955   -61
   956   -60
   957   -61
   958   -60
   959   -62
   960   -60
   961   -62
   962   -60
   963   -61
   964   -60
   965   -61
   966   -61
   967   -61
   968   -61
   969   -61
   970   -61
   971   -61
   972   -61
   973   -60
   974   -62
   975   -60
   976   -62
   977   -60
   978   -61
   979   -60
   980   -61
   981   -60
   982   -61
   983   -61
   984   -61
   985   -61
   986   -61
   987   -61
   988   -60
   989   -61
   990   -60
   991   -61
   992   -60
   993   -62
   994   -60
   995   -61
   996   -60
   997   -61
   998   -60
   999   -61
