   0   0
   1   -61
   2   -61
   3   -61
   4   -62
   5   -61
   6   -62
   7   -60
   8   -62
   9   -60
   10   -62
   11   -60
   12   -62
   13   -60
   14   -62
   15   -60
   16   -62
   17   -61
   18   -61
   19   -61
   20   -61
   21   -61
   22   -60
   23   -62
   24   -60
   25   -62
   26   -60
   27   -62
   28   -60
   29   -62
   30   -60
   31   -62
   32   -61
   33   -62
   34   -61
   35   -61
   36   -61
   37   -61
   38   -62
   39   -61
   40   -62
   41   -60
   42   -62
   43   -60
   44   -62
   45   -60
   46   -62
   47   -60
   48   -62
   49   -60
   50   -61
   51   -61
   52   -61
   53   -61
   54   -61
   55   -61
   56   -60
   57   -62
   58   -60
   59   -62
   60   -60
   61   -62
   62   -60
   63   -62
   64   -60
   65   -62
   66   -61
   67   -61
   68   -61
   69   -61
   70   -61
   71   -61
   72   -62
   73   -60
   74   -62
   75   -60
   76   -62
   77   -60
   78   -62
   79   -60
   80   -62
   81   -60
   82   -62
   83   -61
   84   -62
   85   -61
   86   -61
   87   -62
   88   -61
   89   -62
   90   -60
   91   -62
   92   -60
   93   -62
   94   -60
   95   -62
   96   -60
   97   -62
   98   -61
   99   -62
   100   -61
   101   -61
   102   -61
   103   -61
   104   -61
   105   -60
   106   -62
   107   -60
   108   -62
   109   -60
   110   -62
   111   -60
   112   -62
   113   -60
   114   -62
   115   -61
   116   -62
   117   -61
   118   -61
   119   -61
   120   -61
   121   -62
   122   -60
   123   -62
   124   -60
   125   -62
   126   -60
   127   -62
   128   -60
   129   -62
   130   -61
   131   -61
   132   -61
   133   -61
   134   -61
   135   -61
   136   -62
   137   -61
   138   -62
   139   -60
   140   -62
   141   -60
   142   -62
   143   -60
   144   -62
   145   -60
   146   -62
   147   -61
   148   -62
   149   -61
   150   -61
   151   -61
   152   -61
   153   -61
   154   -60
   155   -62
   156   -60
   157   -62
   158   -60
   159   -62
   160   -60
   161   -62
   162   -60
   163   -62
   164   -61
   165   -62
   166   -61
   167   -61
   168   -61
   169   -60
   170   -62
   171   -60
   172   -62
   173   -60
   174   -62
   175   -60
   176   -62
   177   -60
   178   -62
   179   -60
   180   -62
   181   -61
   182   -61
   183   -61
   184   -61
   185   -62
   186   -61
   187   -61
   188   -60
   189   -62
   190   -60
   191   -62
   192   -60
   193   -63
   194   -60
   195   -62
   196   -60
   197   -62
   198   -61
   199   -61
   200   -62
   201   -59
   202   -28
   203   22
   204   34
   205   35
   206   29
   207   30
   208   28
   209   32
   210   31
   211   35
   212   32
   213   34
   214   32
   215   35
   216   35
   217   35
   218   35
   219   35
   220   36
   221   35
   222   37
   223   36
   224   37
   225   35
   226   37
   227   36
   228   37
   229   36
   230   37
   231   37
   232   37
   233   37
   234   36
   235   37
   236   37
   237   37
   238   37
   239   38
   240   37
   241   38
   242   36
   243   37
   244   36
   245   38
   246   37
   247   37
   248   37
   249   37
   250   37
   251   36
   252   38
   253   37
   254   38
   255   36
   256   38
   257   36
   258   38
   259   36
   260   37
   261   36
   262   37
   263   36
   264   37
   265   37
   266   37
   267   37
   268   36
   269   37
   270   36
   271   37
   272   35
   273   37
   274   35
   275   37
   276   35
   277   37
   278   36
   279   37
   280   36
   281   36
   282   36
   283   35
   284   36
   285   35
   286   36
   287   35
   288   37
   289   34
   290   36
   291   34
   292   36
   293   34
   294   36
   295   35
   296   36
   297   35
   298   35
   299   35
   300   34
   301   35
   302   34
   303   36
   304   34
   305   36
   306   34
   307   35
   308   34
   309   36
   310   34
   311   35
   312   34
   313   35
   314   34
   315   34
   316   35
   317   34
   318   35
   319   33
   320   35
   321   33
   322   35
   323   33
   324   35
   325   33
   326   34
   327   33
   328   34
   329   33
   330   34
   331   34
   332   33
   333   34
   334   32
   335   34
   336   32
   337   34
   338   32
   339   34
   340   32
   341   34
   342   32
   343   33
   344   32
   345   33
   346   32
   347   33
   348   33
   349   32
   350   33
   351   32
   352   33
   353   32
   354   33
   355   31
   356   33
   357   31
   358   33
   359   31
   360   32
   361   31
   362   32
   363   32
   364   32
   365   32
   366   31
   367   32
   368   31
   369   32
   370   30
   371   32
   372   30
   373   32
   374   30
   375   32
   376   30
   377   32
   378   31
   379   31
   380   31
   381   30
   382   31
   383   30
   384   31
   385   30
   386   31
   387   29
   388   31
   389   29
   390   30
   391   28
   392   29
   393   27
   394   27
   395   25
   396   25
   397   24
   398   22
   399   21
   400   18
   401   17
   402   14
   403   13
   404   9
   405   9
   406   4
   407   3
   408   -1
   409   -2
   410   -6
   411   -9
   412   -12
   413   -15
   414   -18
   415   -21
   416   -23
   417   -27
   418   -28
   419   -32
   420   -33
   421   -38
   422   -39
   423   -42
   424   -42
   425   -46
   426   -46
   427   -49
   428   -50
   429   -51
   430   -52
   431   -53
   432   -55
   433   -55
   434   -57
   435   -56
   436   -58
   437   -57
   438   -59
   439   -58
   440   -60
   441   -58
   442   -60
   443   -59
   444   -60
   445   -59
   446   -60
   447   -60
   448   -60
   449   -61
   450   -59
   451   -61
   452   -59
   453   -61
   454   -59
   455   -61
   456   -60
   457   -61
   458   -59
   459   -61
   460   -60
   461   -60
   462   -60
   463   -60
   464   -60
   465   -60
   466   -61
   467   -59
   468   -61
   469   -59
   470   -61
   471   -60
   472   -61
   473   -60
   474   -61
   475   -60
   476   -60
   477   -60
   478   -60
   479   -60
   480   -60
   481   -61
   482   -60
   483   -61
   484   -60
   485   -61
   486   -59
   487   -61
   488   -59
   489   -61
   490   -59
   491   -61
   492   -60
   493   -61
   494   -60
   495   -60
   496   -61
   497   -60
   498   -61
   499   -60
   500   -61
   501   -60
   502   -61
   503   -59
   504   -61
   505   -60
   506   -61
   507   -60
   508   -61
   509   -60
   510   -60
   511   -60
   512   -60
   513   -61
   514   -60
   515   -61
   516   -60
   517   -61
   518   -60
   519   -61
   520   -60
   521   -61
   522   -60
   523   -61
   524   -60
   525   -61
   526   -60
   527   -61
   528   -61
   529   -60
   530   -61
   531   -60
   532   -61
   533   -60
   534   -62
   535   -60
   536   -62
   537   -60
   538   -61
   539   -60
   540   -61
   541   -60
   542   -61
   543   -60
   544   -60
   545   -61
   546   -60
   547   -61
   548   -60
   549   -61
   550   -60
   551   -62
   552   -60
   553   -62
   554   -60
   555   -61
   556   -60
   557   -61
   558   -61
   559   -61
   560   -61
   561   -60
   562   -61
   563   -60
   564   -61
   565   -60
   566   -61
   567   -60
   568   -62
   569   -60
   570   -62
   571   -60
   572   -61
   573   -60
   574   -61
   575   -60
   576   -61
   577   -61
   578   -60
   579   -61
   580   -60
   581   -61
   582   -60
   583   -61
   584   -60
   585   -61
   586   -60
   587   -62
   588   -60
   589   -62
   590   -60
   591   -61
   592   -60
   593   -61
   594   -61
   595   -61
   596   -61
   597   -60
   598   -62
   599   -60
   600   -61
   601   -60
   602   -61
   603   -60
   604   -61
   605   -60
   606   -61
   607   -60
   608   -61
   609   -61
   610   -61
   611   -61
   612   -60
   613   -61
   614   -60
   615   -62
   616   -60
   617   -61
   618   -60
   619   -62
   620   -60
   621   -61
   622   -60
   623   -61
   624   -60
   625   -61
   626   -61
   627   -61
   628   -61
   629   -60
   630   -62
   631   -60
   632   -61
   633   -60
   634   -62
   635   -60
   636   -62
   637   -60
   638   -62
   639   -60
   640   -61
   641   -60
   642   -61
   643   -61
   644   -61
   645   -61
   646   -60
   647   -62
   648   -60
   649   -62
   650   -60
   651   -62
   652   -60
   653   -62
   654   -60
   655   -61
   656   -60
   657   -61
   658   -61
   659   -61
   660   -61
   661   -61
   662   -61
   663   -60
   664   -61
   665   -60
   666   -61
   667   -60
   668   -61
   669   -60
   670   -61
   671   -60
   672   -61
   673   -60
   674   -61
   675   -61
   676   -61
   677   -61
   678   -60
   679   -61
   680   -60
   681   -61
   682   -60
   683   -61
   684   -60
   685   -61
   686   -60
   687   -61
   688   -60
   689   -61
   690   -61
   691   -61
   692   -61
   693   -61
   694   -61
   695   -60
   696   -61
   697   -60
   698   -62
   699   -60
   700   -62
   701   -60
   702   -62
   703   -60
   704   -61
   705   -60
   706   -61
   707   -61
   708   -61
   709   -61
   710   -61
   711   -61
   712   -60
   713   -61
   714   -60
   715   -61
   716   -60
   717   -62
   718   -60
   719   -61
   720   -60
   721   -61
   722   -60
   723   -61
   724   -61
   725   -61
   726   -61
   727   -61
   728   -61
   729   -61
   730   -61
   731   -60
   732   -61
   733   -60
   734   -61
   735   -60
   736   -61
   737   -60
   738   -61
   739   -61
   740   -61
   741   -61
   742   -61
   743   -61
   744   -60
   745   -61
   746   -60
   747   -61
   748   -61
   749   -62
   750   -60
   751   -61
   752   -60
   753   -61
   754   -60
   755   -61
   756   -61
   757   -61
   758   -61
   759   -61
   760   -61
   761   -61
   762   -61
   763   -60
   764   -62
   765   -60
   766   -62
   767   -60
   768   -61
   769   -60
   770   -61
   771   -60
   772   -61
   773   -61
   774   -61
   775   -61
   776   -60
   777   -61
   778   -60
   779   -61
   780   -60
   781   -62
   782   -60
   783   -62
   784   -60
   785   -62
   786   -60
   787   -62
   788   -61
   789   -61
   790   -61
   791   -61
   792   -61
   793   -60
   794   -62
   795   -60
   796   -61
   797   -60
   798   -61
   799   -60
   800   -62
   801   -60
   802   -61
   803   -60
   804   -61
   805   -60
   806   -61
   807   -61
   808   -61
   809   -61
   810   -61
   811   -61
   812   -60
   813   -62
   814   -60
   815   -62
   816   -60
   817   -62
   818   -60
   819   -61
   820   -60
   821   -61
   822   -61
   823   -61
   824   -61
   825   -60
   826   -61
   827   -61
   828   -62
   829   -60
   830   -61
   831   -60
   832   -62
   833   -60
   834   -61
   835   -60
   836   -61
   837   -60
   838   -61
   839   -61
   840   -61
   841   -61
   842   -60
   843   -62
   844   -60
   845   -61
   846   -60
   847   -61
   848   -60
   849   -62
   850   -60
   851   -62
   852   -61
   853   -61
   854   -61
   855   -61
   856   -61
   857   -61
   858   -61
   859   -61
   860   -62
   861   -60
   862   -62
   863   -60
   864   -62
   865   -60
   866   -61
   867   -60
   868   -62
   869   -60
   870   -61
   871   -61
   872   -61
   873   -61
   874   -61
   875   -61
   876   -60
   877   -62
   878   -60
   879   -62
   880   -60
   881   -62
   882   -60
   883   -61
   884   -60
   885   -61
   886   -61
   887   -61
   888   -61
   889   -61
   890   -61
   891   -61
   892   -61
   893   -60
   894   -61
   895   -60
   896   -61
   897   -60
   898   -62
   899   -60
   900   -61
   901   -60
   902   -61
   903   -60
   904   -61
   905   -61
   906   -60
   907   -61
   908   -60
   909   -62
   910   -60
   911   -62
   912   -60
   913   -61
   914   -60
   915   -61
   916   -60
   917   -62
   918   -60
   919   -61
   920   -61
   921   -61
   922   -61
   923   -61
   924   -61
   925   -60
   926   -61
   927   -60
   928   -61
   929   -60
   930   -62
   931   -60
   932   -61
   933   -60
   934   -61
   935   -61
   936   -61
   937   -61
   938   -61
   939   -61
   940   -61
   941   -61
   942   -60
   943   -61
   944   -60
   945   -62
   946   -60
   947   -62
   948   -60
   949   -62
   950   -60
   951   -61
   952   -60
   953   -61
   954   -61
   955   -61
   956   -61
   957   -60
   958   -61
   959   -60
   960   -61
   961   -60
   962   -61
   963   -61
   964   -62
   965   -60
   966   -61
   967   -60
   968   -61
   969   -60
   970   -61
   971   -61
   972   -61
   973   -61
   974   -61
   975   -61
   976   -60
   977   -61
   978   -61
   979   -61
   980   -60
   981   -61
   982   -61
   983   -62
   984   -61
   985   -61
   986   -61
   987   -61
   988   -61
   989   -61
   990   -61
   991   -60
   992   -62
   993   -60
   994   -61
   995   -60
   996   -61
   997   -60
   998   -61
   999   -60
