   0   0
   1   -67
   2   -67
   3   -67
   4   -66
   5   -67
   6   -67
   7   -67
   8   -67
   9   -68
   10   -68
   11   -68
   12   -68
   13   -68
   14   -68
   15   -67
   16   -67
   17   -67
   18   -67
   19   -66
   20   -67
   21   -66
   22   -67
   23   -67
   24   -68
   25   -68
   26   -68
   27   -69
   28   -69
   29   -68
   30   -68
   31   -68
   32   -67
   33   -67
   34   -67
   35   -67
   36   -66
   37   -66
   38   -67
   39   -67
   40   -67
   41   -67
   42   -68
   43   -68
   44   -68
   45   -69
   46   -68
   47   -68
   48   -68
   49   -67
   50   -67
   51   -67
   52   -66
   53   -67
   54   -66
   55   -66
   56   -67
   57   -68
   58   -68
   59   -68
   60   -69
   61   -69
   62   -69
   63   -68
   64   -68
   65   -68
   66   -68
   67   -67
   68   -67
   69   -66
   70   -66
   71   -67
   72   -67
   73   -67
   74   -68
   75   -68
   76   -68
   77   -68
   78   -68
   79   -68
   80   -68
   81   -68
   82   -67
   83   -67
   84   -66
   85   -67
   86   -67
   87   -67
   88   -67
   89   -67
   90   -67
   91   -67
   92   -68
   93   -68
   94   -68
   95   -68
   96   -68
   97   -68
   98   -68
   99   -67
   100   -67
   101   -67
   102   -66
   103   -67
   104   -67
   105   -67
   106   -67
   107   -68
   108   -68
   109   -68
   110   -68
   111   -68
   112   -68
   113   -68
   114   -68
   115   -67
   116   -67
   117   -66
   118   -67
   119   -67
   120   -67
   121   -67
   122   -67
   123   -67
   124   -68
   125   -68
   126   -68
   127   -68
   128   -68
   129   -68
   130   -68
   131   -67
   132   -67
   133   -67
   134   -67
   135   -66
   136   -67
   137   -67
   138   -67
   139   -67
   140   -68
   141   -68
   142   -68
   143   -69
   144   -68
   145   -68
   146   -68
   147   -68
   148   -67
   149   -67
   150   -66
   151   -66
   152   -66
   153   -66
   154   -66
   155   -67
   156   -68
   157   -68
   158   -68
   159   -69
   160   -69
   161   -68
   162   -68
   163   -68
   164   -67
   165   -67
   166   -67
   167   -66
   168   -66
   169   -67
   170   -67
   171   -67
   172   -67
   173   -68
   174   -68
   175   -68
   176   -68
   177   -68
   178   -69
   179   -68
   180   -67
   181   -67
   182   -67
   183   -67
   184   -66
   185   -67
   186   -66
   187   -66
   188   -68
   189   -68
   190   -68
   191   -68
   192   -68
   193   -69
   194   -68
   195   -68
   196   -68
   197   -67
   198   -67
   199   -67
   200   -67
   201   -34
   202   56
   203   21
   204   17
   205   23
   206   24
   207   23
   208   25
   209   26
   210   26
   211   27
   212   28
   213   28
   214   29
   215   29
   216   29
   217   30
   218   30
   219   30
   220   31
   221   30
   222   28
   223   29
   224   29
   225   29
   226   29
   227   29
   228   28
   229   29
   230   29
   231   29
   232   30
   233   30
   234   30
   235   30
   236   29
   237   29
   238   29
   239   27
   240   27
   241   28
   242   27
   243   27
   244   27
   245   27
   246   27
   247   28
   248   28
   249   28
   250   28
   251   27
   252   27
   253   27
   254   26
   255   26
   256   25
   257   24
   258   24
   259   24
   260   24
   261   24
   262   25
   263   24
   264   25
   265   25
   266   25
   267   25
   268   24
   269   24
   270   24
   271   23
   272   23
   273   22
   274   21
   275   22
   276   21
   277   21
   278   22
   279   22
   280   22
   281   22
   282   22
   283   22
   284   22
   285   21
   286   21
   287   20
   288   20
   289   19
   290   19
   291   19
   292   19
   293   19
   294   19
   295   19
   296   19
   297   19
   298   20
   299   19
   300   19
   301   19
   302   18
   303   18
   304   18
   305   17
   306   17
   307   16
   308   16
   309   16
   310   16
   311   16
   312   17
   313   17
   314   17
   315   17
   316   17
   317   17
   318   16
   319   16
   320   16
   321   15
   322   15
   323   14
   324   14
   325   13
   326   13
   327   13
   328   14
   329   13
   330   14
   331   14
   332   14
   333   14
   334   13
   335   13
   336   12
   337   12
   338   12
   339   12
   340   11
   341   11
   342   11
   343   11
   344   12
   345   11
   346   12
   347   11
   348   11
   349   11
   350   10
   351   10
   352   10
   353   8
   354   8
   355   7
   356   6
   357   5
   358   4
   359   3
   360   2
   361   1
   362   -1
   363   -2
   364   -4
   365   -5
   366   -8
   367   -10
   368   -12
   369   -15
   370   -18
   371   -21
   372   -23
   373   -25
   374   -28
   375   -30
   376   -32
   377   -34
   378   -36
   379   -38
   380   -40
   381   -42
   382   -44
   383   -46
   384   -48
   385   -50
   386   -52
   387   -54
   388   -56
   389   -57
   390   -58
   391   -60
   392   -60
   393   -61
   394   -62
   395   -62
   396   -63
   397   -63
   398   -64
   399   -64
   400   -64
   401   -65
   402   -66
   403   -66
   404   -66
   405   -67
   406   -67
   407   -67
   408   -67
   409   -66
   410   -67
   411   -66
   412   -66
   413   -66
   414   -66
   415   -66
   416   -66
   417   -66
   418   -66
   419   -67
   420   -67
   421   -68
   422   -67
   423   -67
   424   -67
   425   -67
   426   -66
   427   -66
   428   -66
   429   -66
   430   -66
   431   -66
   432   -66
   433   -66
   434   -67
   435   -67
   436   -67
   437   -67
   438   -67
   439   -67
   440   -68
   441   -67
   442   -67
   443   -67
   444   -67
   445   -66
   446   -66
   447   -67
   448   -66
   449   -66
   450   -67
   451   -67
   452   -67
   453   -67
   454   -67
   455   -67
   456   -67
   457   -67
   458   -67
   459   -67
   460   -67
   461   -66
   462   -66
   463   -66
   464   -66
   465   -66
   466   -67
   467   -67
   468   -67
   469   -67
   470   -67
   471   -67
   472   -68
   473   -67
   474   -67
   475   -67
   476   -66
   477   -66
   478   -66
   479   -67
   480   -66
   481   -67
   482   -66
   483   -67
   484   -67
   485   -67
   486   -67
   487   -68
   488   -67
   489   -67
   490   -67
   491   -67
   492   -67
   493   -67
   494   -66
   495   -66
   496   -66
   497   -66
   498   -66
   499   -67
   500   -67
   501   -67
   502   -67
   503   -67
   504   -67
   505   -67
   506   -67
   507   -67
   508   -67
   509   -67
   510   -66
   511   -66
   512   -66
   513   -67
   514   -67
   515   -67
   516   -67
   517   -67
   518   -68
   519   -68
   520   -67
   521   -68
   522   -67
   523   -67
   524   -67
   525   -67
   526   -66
   527   -66
   528   -66
   529   -66
   530   -66
   531   -67
   532   -67
   533   -67
   534   -68
   535   -68
   536   -68
   537   -68
   538   -67
   539   -67
   540   -67
   541   -66
   542   -67
   543   -67
   544   -66
   545   -66
   546   -66
   547   -66
   548   -67
   549   -67
   550   -67
   551   -67
   552   -68
   553   -68
   554   -68
   555   -67
   556   -67
   557   -67
   558   -67
   559   -67
   560   -67
   561   -67
   562   -66
   563   -67
   564   -67
   565   -67
   566   -67
   567   -67
   568   -67
   569   -67
   570   -67
   571   -67
   572   -67
   573   -67
   574   -67
   575   -67
   576   -67
   577   -67
   578   -67
   579   -67
   580   -67
   581   -67
   582   -67
   583   -67
   584   -67
   585   -67
   586   -67
   587   -67
   588   -67
   589   -67
   590   -67
   591   -67
   592   -67
   593   -67
   594   -67
   595   -67
   596   -67
   597   -67
   598   -67
   599   -67
   600   -67
   601   -67
   602   -67
   603   -67
   604   -67
   605   -67
   606   -67
   607   -67
   608   -67
   609   -67
   610   -67
   611   -67
   612   -67
   613   -67
   614   -67
   615   -67
   616   -67
   617   -67
   618   -67
   619   -67
   620   -67
   621   -67
   622   -67
   623   -67
   624   -67
   625   -66
   626   -66
   627   -67
   628   -67
   629   -67
   630   -67
   631   -67
   632   -67
   633   -67
   634   -67
   635   -67
   636   -67
   637   -67
   638   -67
   639   -66
   640   -66
   641   -66
   642   -66
   643   -67
   644   -66
   645   -66
   646   -67
   647   -67
   648   -67
   649   -67
   650   -67
   651   -67
   652   -67
   653   -67
   654   -67
   655   -67
   656   -66
   657   -66
   658   -67
   659   -66
   660   -67
   661   -67
   662   -67
   663   -67
   664   -67
   665   -67
   666   -68
   667   -67
   668   -67
   669   -67
   670   -67
   671   -67
   672   -67
   673   -66
   674   -67
   675   -66
   676   -67
   677   -67
   678   -67
   679   -67
   680   -67
   681   -67
   682   -67
   683   -67
   684   -68
   685   -67
   686   -67
   687   -67
   688   -66
   689   -66
   690   -67
   691   -67
   692   -67
   693   -67
   694   -67
   695   -67
   696   -67
   697   -67
   698   -67
   699   -67
   700   -67
   701   -67
   702   -67
   703   -67
   704   -67
   705   -67
   706   -67
   707   -67
   708   -67
   709   -67
   710   -67
   711   -68
   712   -68
   713   -67
   714   -67
   715   -67
   716   -67
   717   -67
   718   -67
   719   -67
   720   -66
   721   -66
   722   -66
   723   -66
   724   -66
   725   -67
   726   -67
   727   -67
   728   -67
   729   -68
   730   -68
   731   -67
   732   -67
   733   -67
   734   -67
   735   -67
   736   -66
   737   -66
   738   -66
   739   -67
   740   -67
   741   -67
   742   -67
   743   -67
   744   -68
   745   -68
   746   -67
   747   -67
   748   -68
   749   -67
   750   -67
   751   -67
   752   -67
   753   -67
   754   -66
   755   -66
   756   -67
   757   -67
   758   -67
   759   -67
   760   -67
   761   -67
   762   -67
   763   -67
   764   -67
   765   -67
   766   -67
   767   -67
   768   -67
   769   -66
   770   -66
   771   -67
   772   -66
   773   -67
   774   -67
   775   -67
   776   -67
   777   -68
   778   -68
   779   -68
   780   -67
   781   -68
   782   -67
   783   -67
   784   -67
   785   -67
   786   -66
   787   -66
   788   -66
   789   -66
   790   -67
   791   -67
   792   -67
   793   -67
   794   -67
   795   -68
   796   -67
   797   -67
   798   -67
   799   -67
   800   -66
   801   -67
   802   -66
   803   -66
   804   -67
   805   -66
   806   -67
   807   -67
   808   -67
   809   -68
   810   -68
   811   -68
   812   -68
   813   -67
   814   -67
   815   -67
   816   -67
   817   -66
   818   -67
   819   -66
   820   -66
   821   -67
   822   -67
   823   -67
   824   -67
   825   -67
   826   -67
   827   -68
   828   -68
   829   -67
   830   -67
   831   -66
   832   -67
   833   -66
   834   -66
   835   -66
   836   -66
   837   -67
   838   -67
   839   -67
   840   -68
   841   -67
   842   -68
   843   -68
   844   -68
   845   -68
   846   -67
   847   -67
   848   -67
   849   -66
   850   -67
   851   -66
   852   -66
   853   -66
   854   -66
   855   -67
   856   -67
   857   -67
   858   -68
   859   -68
   860   -68
   861   -68
   862   -68
   863   -68
   864   -66
   865   -67
   866   -66
   867   -66
   868   -66
   869   -66
   870   -66
   871   -66
   872   -67
   873   -67
   874   -67
   875   -67
   876   -68
   877   -67
   878   -68
   879   -67
   880   -67
   881   -67
   882   -67
   883   -66
   884   -66
   885   -66
   886   -67
   887   -67
   888   -67
   889   -67
   890   -68
   891   -68
   892   -67
   893   -68
   894   -67
   895   -68
   896   -67
   897   -67
   898   -66
   899   -66
   900   -66
   901   -66
   902   -66
   903   -66
   904   -67
   905   -67
   906   -67
   907   -67
   908   -68
   909   -68
   910   -68
   911   -68
   912   -67
   913   -67
   914   -67
   915   -66
   916   -67
   917   -66
   918   -66
   919   -66
   920   -66
   921   -67
   922   -67
   923   -67
   924   -68
   925   -68
   926   -68
   927   -68
   928   -67
   929   -67
   930   -67
   931   -67
   932   -66
   933   -66
   934   -66
   935   -66
   936   -66
   937   -67
   938   -67
   939   -67
   940   -67
   941   -68
   942   -68
   943   -67
   944   -67
   945   -67
   946   -67
   947   -67
   948   -66
   949   -66
   950   -66
   951   -66
   952   -67
   953   -67
   954   -68
   955   -68
   956   -68
   957   -68
   958   -68
   959   -68
   960   -68
   961   -67
   962   -67
   963   -67
   964   -66
   965   -66
   966   -66
   967   -66
   968   -66
   969   -67
   970   -67
   971   -67
   972   -67
   973   -68
   974   -68
   975   -68
   976   -68
   977   -68
   978   -67
   979   -67
   980   -66
   981   -66
   982   -66
   983   -66
   984   -67
   985   -67
   986   -67
   987   -67
   988   -67
   989   -68
   990   -68
   991   -68
   992   -68
   993   -68
   994   -67
   995   -67
   996   -67
   997   -67
   998   -66
   999   -66
