   0   0
   1   -68
   2   -67
   3   -67
   4   -66
   5   -67
   6   -66
   7   -66
   8   -67
   9   -67
   10   -67
   11   -68
   12   -68
   13   -69
   14   -69
   15   -69
   16   -68
   17   -68
   18   -67
   19   -68
   20   -67
   21   -67
   22   -66
   23   -68
   24   -67
   25   -68
   26   -68
   27   -68
   28   -69
   29   -70
   30   -69
   31   -69
   32   -69
   33   -68
   34   -68
   35   -67
   36   -66
   37   -66
   38   -67
   39   -66
   40   -66
   41   -67
   42   -67
   43   -68
   44   -68
   45   -69
   46   -69
   47   -69
   48   -69
   49   -68
   50   -68
   51   -67
   52   -67
   53   -67
   54   -66
   55   -67
   56   -66
   57   -67
   58   -68
   59   -69
   60   -69
   61   -70
   62   -70
   63   -69
   64   -69
   65   -69
   66   -68
   67   -68
   68   -67
   69   -67
   70   -66
   71   -67
   72   -67
   73   -67
   74   -67
   75   -68
   76   -68
   77   -69
   78   -69
   79   -69
   80   -69
   81   -68
   82   -68
   83   -67
   84   -67
   85   -66
   86   -67
   87   -66
   88   -66
   89   -66
   90   -68
   91   -68
   92   -68
   93   -70
   94   -70
   95   -70
   96   -69
   97   -69
   98   -69
   99   -68
   100   -67
   101   -67
   102   -66
   103   -66
   104   -66
   105   -66
   106   -68
   107   -68
   108   -68
   109   -69
   110   -68
   111   -69
   112   -69
   113   -69
   114   -68
   115   -67
   116   -67
   117   -66
   118   -66
   119   -66
   120   -66
   121   -66
   122   -67
   123   -68
   124   -68
   125   -69
   126   -70
   127   -69
   128   -70
   129   -70
   130   -69
   131   -68
   132   -68
   133   -68
   134   -66
   135   -66
   136   -65
   137   -66
   138   -67
   139   -67
   140   -67
   141   -69
   142   -69
   143   -69
   144   -70
   145   -69
   146   -69
   147   -69
   148   -67
   149   -67
   150   -67
   151   -66
   152   -66
   153   -66
   154   -65
   155   -67
   156   -68
   157   -68
   158   -68
   159   -69
   160   -70
   161   -69
   162   -70
   163   -69
   164   -68
   165   -68
   166   -67
   167   -66
   168   -66
   169   -66
   170   -66
   171   -66
   172   -67
   173   -68
   174   -69
   175   -69
   176   -70
   177   -69
   178   -70
   179   -69
   180   -68
   181   -67
   182   -67
   183   -66
   184   -66
   185   -65
   186   -66
   187   -67
   188   -66
   189   -67
   190   -68
   191   -68
   192   -70
   193   -70
   194   -70
   195   -69
   196   -69
   197   -68
   198   -67
   199   -67
   200   -66
   201   -40
   202   36
   203   3
   204   -1
   205   2
   206   4
   207   1
   208   3
   209   4
   210   4
   211   4
   212   5
   213   6
   214   7
   215   8
   216   8
   217   9
   218   9
   219   9
   220   9
   221   8
   222   6
   223   6
   224   6
   225   5
   226   5
   227   5
   228   6
   229   6
   230   7
   231   8
   232   9
   233   9
   234   9
   235   9
   236   8
   237   8
   238   7
   239   5
   240   5
   241   5
   242   4
   243   5
   244   5
   245   5
   246   6
   247   7
   248   8
   249   8
   250   9
   251   7
   252   7
   253   7
   254   6
   255   5
   256   4
   257   3
   258   3
   259   2
   260   3
   261   2
   262   4
   263   4
   264   5
   265   5
   266   6
   267   5
   268   5
   269   5
   270   4
   271   4
   272   3
   273   1
   274   1
   275   1
   276   1
   277   1
   278   2
   279   3
   280   4
   281   5
   282   4
   283   5
   284   4
   285   4
   286   4
   287   2
   288   0
   289   0
   290   0
   291   -1
   292   -1
   293   -1
   294   0
   295   0
   296   1
   297   2
   298   2
   299   2
   300   3
   301   2
   302   2
   303   0
   304   0
   305   -1
   306   -2
   307   -3
   308   -2
   309   -3
   310   -2
   311   -1
   312   -1
   313   0
   314   1
   315   1
   316   1
   317   1
   318   0
   319   -1
   320   -1
   321   -3
   322   -3
   323   -4
   324   -4
   325   -4
   326   -4
   327   -4
   328   -2
   329   -2
   330   -1
   331   -2
   332   -1
   333   -1
   334   -2
   335   -3
   336   -4
   337   -4
   338   -5
   339   -6
   340   -5
   341   -6
   342   -6
   343   -5
   344   -5
   345   -4
   346   -3
   347   -3
   348   -3
   349   -3
   350   -3
   351   -4
   352   -6
   353   -7
   354   -8
   355   -9
   356   -11
   357   -12
   358   -12
   359   -13
   360   -13
   361   -14
   362   -14
   363   -15
   364   -16
   365   -18
   366   -19
   367   -22
   368   -23
   369   -27
   370   -29
   371   -32
   372   -34
   373   -36
   374   -37
   375   -39
   376   -40
   377   -41
   378   -42
   379   -43
   380   -44
   381   -46
   382   -47
   383   -49
   384   -51
   385   -53
   386   -56
   387   -58
   388   -59
   389   -61
   390   -62
   391   -62
   392   -63
   393   -63
   394   -62
   395   -61
   396   -62
   397   -62
   398   -63
   399   -63
   400   -65
   401   -65
   402   -66
   403   -68
   404   -68
   405   -69
   406   -70
   407   -69
   408   -69
   409   -68
   410   -67
   411   -66
   412   -65
   413   -65
   414   -64
   415   -64
   416   -66
   417   -65
   418   -66
   419   -68
   420   -68
   421   -69
   422   -69
   423   -68
   424   -69
   425   -67
   426   -67
   427   -66
   428   -66
   429   -65
   430   -65
   431   -64
   432   -65
   433   -66
   434   -67
   435   -67
   436   -68
   437   -70
   438   -69
   439   -70
   440   -70
   441   -69
   442   -67
   443   -67
   444   -66
   445   -65
   446   -65
   447   -64
   448   -65
   449   -66
   450   -66
   451   -67
   452   -68
   453   -68
   454   -69
   455   -69
   456   -69
   457   -69
   458   -68
   459   -67
   460   -66
   461   -66
   462   -65
   463   -65
   464   -64
   465   -66
   466   -66
   467   -67
   468   -68
   469   -68
   470   -69
   471   -69
   472   -70
   473   -69
   474   -68
   475   -69
   476   -67
   477   -67
   478   -66
   479   -64
   480   -64
   481   -66
   482   -66
   483   -67
   484   -67
   485   -69
   486   -69
   487   -70
   488   -69
   489   -69
   490   -69
   491   -67
   492   -67
   493   -66
   494   -65
   495   -64
   496   -64
   497   -65
   498   -65
   499   -67
   500   -68
   501   -67
   502   -69
   503   -69
   504   -70
   505   -69
   506   -69
   507   -69
   508   -68
   509   -66
   510   -66
   511   -66
   512   -65
   513   -66
   514   -65
   515   -66
   516   -67
   517   -68
   518   -68
   519   -70
   520   -70
   521   -70
   522   -69
   523   -68
   524   -68
   525   -67
   526   -66
   527   -66
   528   -65
   529   -65
   530   -65
   531   -66
   532   -67
   533   -67
   534   -68
   535   -69
   536   -70
   537   -69
   538   -69
   539   -69
   540   -68
   541   -67
   542   -66
   543   -66
   544   -65
   545   -65
   546   -65
   547   -66
   548   -66
   549   -68
   550   -69
   551   -69
   552   -70
   553   -70
   554   -69
   555   -69
   556   -69
   557   -68
   558   -67
   559   -65
   560   -65
   561   -65
   562   -65
   563   -65
   564   -66
   565   -67
   566   -68
   567   -68
   568   -69
   569   -69
   570   -70
   571   -70
   572   -68
   573   -68
   574   -67
   575   -66
   576   -66
   577   -65
   578   -65
   579   -65
   580   -67
   581   -67
   582   -67
   583   -68
   584   -69
   585   -70
   586   -70
   587   -69
   588   -69
   589   -68
   590   -67
   591   -67
   592   -65
   593   -65
   594   -65
   595   -65
   596   -66
   597   -67
   598   -67
   599   -68
   600   -68
   601   -69
   602   -69
   603   -69
   604   -69
   605   -68
   606   -67
   607   -67
   608   -66
   609   -66
   610   -64
   611   -65
   612   -66
   613   -66
   614   -66
   615   -69
   616   -68
   617   -69
   618   -70
   619   -70
   620   -69
   621   -68
   622   -68
   623   -67
   624   -66
   625   -65
   626   -66
   627   -65
   628   -65
   629   -65
   630   -66
   631   -68
   632   -69
   633   -68
   634   -70
   635   -69
   636   -69
   637   -69
   638   -68
   639   -67
   640   -66
   641   -67
   642   -65
   643   -65
   644   -65
   645   -65
   646   -67
   647   -67
   648   -68
   649   -68
   650   -70
   651   -69
   652   -69
   653   -69
   654   -68
   655   -68
   656   -67
   657   -66
   658   -65
   659   -65
   660   -65
   661   -65
   662   -66
   663   -67
   664   -68
   665   -69
   666   -69
   667   -70
   668   -70
   669   -70
   670   -69
   671   -68
   672   -67
   673   -66
   674   -66
   675   -65
   676   -65
   677   -65
   678   -66
   679   -66
   680   -68
   681   -68
   682   -68
   683   -69
   684   -70
   685   -69
   686   -69
   687   -68
   688   -67
   689   -67
   690   -66
   691   -66
   692   -65
   693   -65
   694   -65
   695   -66
   696   -67
   697   -68
   698   -68
   699   -69
   700   -69
   701   -70
   702   -69
   703   -69
   704   -68
   705   -67
   706   -67
   707   -66
   708   -65
   709   -65
   710   -65
   711   -66
   712   -66
   713   -68
   714   -68
   715   -69
   716   -69
   717   -69
   718   -70
   719   -68
   720   -68
   721   -68
   722   -67
   723   -65
   724   -65
   725   -65
   726   -65
   727   -66
   728   -66
   729   -67
   730   -69
   731   -69
   732   -69
   733   -69
   734   -69
   735   -69
   736   -69
   737   -67
   738   -67
   739   -65
   740   -66
   741   -66
   742   -65
   743   -66
   744   -66
   745   -68
   746   -68
   747   -69
   748   -69
   749   -69
   750   -69
   751   -69
   752   -69
   753   -67
   754   -67
   755   -66
   756   -65
   757   -65
   758   -65
   759   -65
   760   -66
   761   -67
   762   -68
   763   -69
   764   -69
   765   -69
   766   -69
   767   -69
   768   -69
   769   -68
   770   -67
   771   -67
   772   -66
   773   -66
   774   -65
   775   -65
   776   -66
   777   -67
   778   -67
   779   -68
   780   -69
   781   -70
   782   -69
   783   -70
   784   -69
   785   -69
   786   -67
   787   -67
   788   -66
   789   -66
   790   -66
   791   -65
   792   -65
   793   -66
   794   -67
   795   -68
   796   -68
   797   -69
   798   -69
   799   -69
   800   -70
   801   -68
   802   -68
   803   -67
   804   -67
   805   -66
   806   -66
   807   -65
   808   -65
   809   -65
   810   -67
   811   -67
   812   -68
   813   -69
   814   -69
   815   -70
   816   -69
   817   -69
   818   -69
   819   -68
   820   -67
   821   -66
   822   -66
   823   -65
   824   -66
   825   -65
   826   -66
   827   -66
   828   -68
   829   -68
   830   -69
   831   -69
   832   -70
   833   -69
   834   -68
   835   -68
   836   -68
   837   -66
   838   -66
   839   -65
   840   -65
   841   -65
   842   -65
   843   -67
   844   -67
   845   -69
   846   -69
   847   -69
   848   -69
   849   -69
   850   -69
   851   -68
   852   -68
   853   -67
   854   -66
   855   -66
   856   -65
   857   -66
   858   -66
   859   -66
   860   -68
   861   -69
   862   -69
   863   -70
   864   -69
   865   -69
   866   -69
   867   -68
   868   -68
   869   -67
   870   -67
   871   -66
   872   -64
   873   -66
   874   -66
   875   -66
   876   -67
   877   -67
   878   -69
   879   -69
   880   -69
   881   -69
   882   -70
   883   -68
   884   -69
   885   -67
   886   -66
   887   -66
   888   -66
   889   -65
   890   -66
   891   -67
   892   -67
   893   -67
   894   -68
   895   -69
   896   -70
   897   -70
   898   -70
   899   -69
   900   -69
   901   -68
   902   -67
   903   -66
   904   -66
   905   -65
   906   -66
   907   -66
   908   -66
   909   -67
   910   -68
   911   -69
   912   -68
   913   -70
   914   -70
   915   -68
   916   -68
   917   -68
   918   -66
   919   -66
   920   -66
   921   -66
   922   -66
   923   -66
   924   -66
   925   -67
   926   -68
   927   -68
   928   -69
   929   -69
   930   -70
   931   -70
   932   -69
   933   -68
   934   -67
   935   -67
   936   -66
   937   -66
   938   -66
   939   -66
   940   -65
   941   -67
   942   -67
   943   -68
   944   -68
   945   -69
   946   -70
   947   -69
   948   -69
   949   -69
   950   -68
   951   -67
   952   -66
   953   -66
   954   -66
   955   -66
   956   -66
   957   -65
   958   -67
   959   -67
   960   -68
   961   -69
   962   -69
   963   -69
   964   -69
   965   -69
   966   -69
   967   -67
   968   -68
   969   -66
   970   -66
   971   -65
   972   -67
   973   -66
   974   -66
   975   -68
   976   -69
   977   -68
   978   -69
   979   -69
   980   -69
   981   -68
   982   -68
   983   -68
   984   -66
   985   -66
   986   -65
   987   -65
   988   -65
   989   -66
   990   -66
   991   -67
   992   -67
   993   -69
   994   -69
   995   -69
   996   -69
   997   -69
   998   -69
   999   -68
