   0   0
   1   -67
   2   -67
   3   -67
   4   -67
   5   -67
   6   -67
   7   -68
   8   -68
   9   -68
   10   -68
   11   -69
   12   -68
   13   -68
   14   -68
   15   -67
   16   -67
   17   -67
   18   -67
   19   -67
   20   -66
   21   -67
   22   -67
   23   -68
   24   -68
   25   -68
   26   -68
   27   -69
   28   -69
   29   -68
   30   -68
   31   -68
   32   -67
   33   -67
   34   -67
   35   -67
   36   -67
   37   -67
   38   -67
   39   -68
   40   -68
   41   -69
   42   -68
   43   -69
   44   -69
   45   -68
   46   -68
   47   -68
   48   -67
   49   -67
   50   -67
   51   -66
   52   -67
   53   -67
   54   -67
   55   -67
   56   -68
   57   -68
   58   -68
   59   -68
   60   -69
   61   -69
   62   -68
   63   -68
   64   -68
   65   -67
   66   -67
   67   -67
   68   -67
   69   -67
   70   -67
   71   -68
   72   -68
   73   -68
   74   -69
   75   -69
   76   -69
   77   -69
   78   -69
   79   -68
   80   -68
   81   -67
   82   -67
   83   -66
   84   -66
   85   -66
   86   -67
   87   -67
   88   -67
   89   -68
   90   -68
   91   -68
   92   -69
   93   -69
   94   -69
   95   -68
   96   -68
   97   -68
   98   -67
   99   -67
   100   -67
   101   -67
   102   -67
   103   -67
   104   -67
   105   -68
   106   -68
   107   -69
   108   -69
   109   -69
   110   -69
   111   -69
   112   -68
   113   -68
   114   -67
   115   -66
   116   -66
   117   -66
   118   -66
   119   -66
   120   -67
   121   -68
   122   -68
   123   -68
   124   -69
   125   -69
   126   -69
   127   -69
   128   -68
   129   -68
   130   -67
   131   -67
   132   -67
   133   -67
   134   -66
   135   -67
   136   -67
   137   -67
   138   -68
   139   -68
   140   -69
   141   -69
   142   -69
   143   -69
   144   -69
   145   -68
   146   -67
   147   -67
   148   -67
   149   -66
   150   -66
   151   -66
   152   -67
   153   -67
   154   -68
   155   -68
   156   -68
   157   -69
   158   -69
   159   -69
   160   -69
   161   -68
   162   -68
   163   -68
   164   -67
   165   -67
   166   -66
   167   -66
   168   -67
   169   -67
   170   -67
   171   -68
   172   -69
   173   -69
   174   -69
   175   -69
   176   -69
   177   -69
   178   -68
   179   -68
   180   -67
   181   -66
   182   -66
   183   -66
   184   -66
   185   -67
   186   -67
   187   -68
   188   -68
   189   -69
   190   -69
   191   -69
   192   -69
   193   -69
   194   -68
   195   -67
   196   -67
   197   -67
   198   -66
   199   -66
   200   -67
   201   -41
   202   3
   203   -49
   204   -54
   205   -48
   206   -47
   207   -48
   208   -47
   209   -47
   210   -47
   211   -46
   212   -45
   213   -45
   214   -44
   215   -44
   216   -44
   217   -44
   218   -44
   219   -45
   220   -44
   221   -46
   222   -47
   223   -47
   224   -47
   225   -47
   226   -46
   227   -46
   228   -45
   229   -45
   230   -44
   231   -44
   232   -43
   233   -44
   234   -44
   235   -45
   236   -45
   237   -46
   238   -46
   239   -47
   240   -47
   241   -47
   242   -47
   243   -47
   244   -46
   245   -46
   246   -45
   247   -44
   248   -44
   249   -44
   250   -44
   251   -45
   252   -45
   253   -46
   254   -47
   255   -47
   256   -47
   257   -48
   258   -47
   259   -47
   260   -46
   261   -46
   262   -46
   263   -45
   264   -45
   265   -44
   266   -44
   267   -45
   268   -46
   269   -46
   270   -47
   271   -47
   272   -48
   273   -48
   274   -48
   275   -48
   276   -47
   277   -47
   278   -46
   279   -46
   280   -45
   281   -45
   282   -46
   283   -45
   284   -46
   285   -47
   286   -47
   287   -48
   288   -48
   289   -49
   290   -49
   291   -48
   292   -48
   293   -47
   294   -47
   295   -46
   296   -46
   297   -46
   298   -45
   299   -45
   300   -46
   301   -46
   302   -47
   303   -48
   304   -49
   305   -49
   306   -50
   307   -49
   308   -49
   309   -49
   310   -48
   311   -47
   312   -47
   313   -46
   314   -46
   315   -46
   316   -46
   317   -47
   318   -48
   319   -48
   320   -49
   321   -49
   322   -50
   323   -50
   324   -50
   325   -49
   326   -48
   327   -48
   328   -47
   329   -47
   330   -47
   331   -46
   332   -47
   333   -47
   334   -48
   335   -49
   336   -49
   337   -50
   338   -50
   339   -51
   340   -50
   341   -50
   342   -50
   343   -49
   344   -48
   345   -48
   346   -47
   347   -47
   348   -47
   349   -47
   350   -48
   351   -49
   352   -49
   353   -50
   354   -51
   355   -51
   356   -51
   357   -51
   358   -50
   359   -49
   360   -49
   361   -48
   362   -48
   363   -47
   364   -48
   365   -48
   366   -48
   367   -49
   368   -50
   369   -50
   370   -51
   371   -52
   372   -51
   373   -52
   374   -51
   375   -51
   376   -50
   377   -49
   378   -49
   379   -48
   380   -48
   381   -48
   382   -48
   383   -49
   384   -50
   385   -51
   386   -51
   387   -52
   388   -52
   389   -52
   390   -52
   391   -51
   392   -51
   393   -49
   394   -49
   395   -49
   396   -48
   397   -48
   398   -49
   399   -49
   400   -50
   401   -51
   402   -52
   403   -52
   404   -53
   405   -53
   406   -52
   407   -52
   408   -51
   409   -51
   410   -50
   411   -50
   412   -49
   413   -49
   414   -49
   415   -50
   416   -50
   417   -51
   418   -52
   419   -52
   420   -53
   421   -53
   422   -53
   423   -53
   424   -52
   425   -52
   426   -51
   427   -50
   428   -50
   429   -49
   430   -49
   431   -50
   432   -50
   433   -51
   434   -52
   435   -53
   436   -53
   437   -54
   438   -54
   439   -53
   440   -53
   441   -52
   442   -51
   443   -51
   444   -50
   445   -50
   446   -50
   447   -50
   448   -51
   449   -52
   450   -52
   451   -53
   452   -54
   453   -54
   454   -55
   455   -54
   456   -54
   457   -54
   458   -52
   459   -52
   460   -51
   461   -51
   462   -51
   463   -51
   464   -51
   465   -52
   466   -53
   467   -53
   468   -54
   469   -55
   470   -55
   471   -55
   472   -55
   473   -55
   474   -54
   475   -54
   476   -53
   477   -53
   478   -53
   479   -52
   480   -53
   481   -54
   482   -54
   483   -55
   484   -56
   485   -57
   486   -58
   487   -58
   488   -58
   489   -58
   490   -57
   491   -57
   492   -56
   493   -55
   494   -55
   495   -55
   496   -56
   497   -56
   498   -57
   499   -58
   500   -59
   501   -60
   502   -61
   503   -61
   504   -62
   505   -61
   506   -61
   507   -61
   508   -59
   509   -60
   510   -59
   511   -59
   512   -59
   513   -59
   514   -60
   515   -61
   516   -62
   517   -63
   518   -64
   519   -65
   520   -65
   521   -65
   522   -65
   523   -64
   524   -64
   525   -63
   526   -62
   527   -62
   528   -62
   529   -62
   530   -63
   531   -64
   532   -64
   533   -66
   534   -66
   535   -67
   536   -67
   537   -67
   538   -67
   539   -66
   540   -66
   541   -65
   542   -65
   543   -64
   544   -64
   545   -64
   546   -65
   547   -65
   548   -66
   549   -67
   550   -67
   551   -68
   552   -69
   553   -69
   554   -68
   555   -68
   556   -67
   557   -67
   558   -66
   559   -65
   560   -65
   561   -65
   562   -65
   563   -66
   564   -66
   565   -67
   566   -68
   567   -69
   568   -69
   569   -69
   570   -69
   571   -69
   572   -68
   573   -67
   574   -67
   575   -66
   576   -65
   577   -65
   578   -66
   579   -66
   580   -66
   581   -67
   582   -68
   583   -69
   584   -69
   585   -70
   586   -69
   587   -69
   588   -69
   589   -68
   590   -67
   591   -66
   592   -66
   593   -65
   594   -65
   595   -65
   596   -66
   597   -67
   598   -67
   599   -68
   600   -69
   601   -69
   602   -70
   603   -69
   604   -69
   605   -68
   606   -68
   607   -67
   608   -66
   609   -65
   610   -65
   611   -65
   612   -66
   613   -66
   614   -67
   615   -68
   616   -69
   617   -69
   618   -69
   619   -70
   620   -69
   621   -69
   622   -68
   623   -67
   624   -66
   625   -66
   626   -66
   627   -65
   628   -66
   629   -66
   630   -67
   631   -68
   632   -68
   633   -69
   634   -69
   635   -69
   636   -69
   637   -69
   638   -68
   639   -67
   640   -67
   641   -66
   642   -66
   643   -65
   644   -66
   645   -66
   646   -67
   647   -67
   648   -68
   649   -69
   650   -69
   651   -69
   652   -70
   653   -69
   654   -68
   655   -68
   656   -67
   657   -66
   658   -66
   659   -66
   660   -65
   661   -66
   662   -66
   663   -67
   664   -67
   665   -68
   666   -69
   667   -69
   668   -70
   669   -69
   670   -68
   671   -68
   672   -68
   673   -67
   674   -66
   675   -66
   676   -65
   677   -66
   678   -66
   679   -67
   680   -68
   681   -68
   682   -68
   683   -69
   684   -69
   685   -69
   686   -69
   687   -68
   688   -67
   689   -67
   690   -66
   691   -66
   692   -66
   693   -66
   694   -66
   695   -66
   696   -67
   697   -68
   698   -68
   699   -69
   700   -69
   701   -69
   702   -69
   703   -68
   704   -68
   705   -67
   706   -67
   707   -66
   708   -65
   709   -66
   710   -66
   711   -66
   712   -67
   713   -67
   714   -68
   715   -69
   716   -69
   717   -70
   718   -69
   719   -69
   720   -69
   721   -67
   722   -67
   723   -66
   724   -66
   725   -66
   726   -66
   727   -66
   728   -66
   729   -67
   730   -68
   731   -68
   732   -69
   733   -69
   734   -69
   735   -69
   736   -68
   737   -68
   738   -67
   739   -66
   740   -66
   741   -66
   742   -66
   743   -66
   744   -66
   745   -67
   746   -67
   747   -68
   748   -69
   749   -69
   750   -69
   751   -69
   752   -69
   753   -68
   754   -68
   755   -67
   756   -66
   757   -66
   758   -66
   759   -66
   760   -66
   761   -67
   762   -67
   763   -68
   764   -69
   765   -69
   766   -69
   767   -69
   768   -69
   769   -68
   770   -68
   771   -67
   772   -66
   773   -66
   774   -66
   775   -66
   776   -66
   777   -66
   778   -67
   779   -68
   780   -68
   781   -69
   782   -69
   783   -69
   784   -69
   785   -69
   786   -68
   787   -68
   788   -67
   789   -66
   790   -66
   791   -66
   792   -66
   793   -66
   794   -67
   795   -67
   796   -68
   797   -68
   798   -69
   799   -69
   800   -69
   801   -69
   802   -68
   803   -68
   804   -67
   805   -66
   806   -66
   807   -66
   808   -66
   809   -66
   810   -66
   811   -67
   812   -68
   813   -68
   814   -69
   815   -69
   816   -69
   817   -69
   818   -68
   819   -68
   820   -67
   821   -67
   822   -66
   823   -66
   824   -66
   825   -66
   826   -66
   827   -67
   828   -67
   829   -68
   830   -69
   831   -69
   832   -69
   833   -69
   834   -69
   835   -68
   836   -68
   837   -67
   838   -66
   839   -66
   840   -66
   841   -66
   842   -66
   843   -66
   844   -67
   845   -68
   846   -68
   847   -69
   848   -69
   849   -69
   850   -69
   851   -69
   852   -68
   853   -68
   854   -67
   855   -67
   856   -66
   857   -66
   858   -66
   859   -67
   860   -67
   861   -68
   862   -68
   863   -69
   864   -69
   865   -69
   866   -69
   867   -69
   868   -68
   869   -68
   870   -67
   871   -67
   872   -66
   873   -66
   874   -66
   875   -66
   876   -67
   877   -67
   878   -68
   879   -68
   880   -69
   881   -69
   882   -69
   883   -69
   884   -68
   885   -68
   886   -68
   887   -67
   888   -66
   889   -66
   890   -66
   891   -66
   892   -66
   893   -67
   894   -67
   895   -68
   896   -68
   897   -69
   898   -69
   899   -68
   900   -68
   901   -68
   902   -68
   903   -67
   904   -67
   905   -66
   906   -66
   907   -66
   908   -66
   909   -67
   910   -67
   911   -68
   912   -68
   913   -68
   914   -69
   915   -69
   916   -68
   917   -68
   918   -67
   919   -68
   920   -67
   921   -67
   922   -66
   923   -66
   924   -67
   925   -67
   926   -67
   927   -67
   928   -68
   929   -68
   930   -68
   931   -69
   932   -69
   933   -68
   934   -68
   935   -68
   936   -67
   937   -67
   938   -67
   939   -66
   940   -66
   941   -66
   942   -67
   943   -67
   944   -68
   945   -68
   946   -69
   947   -69
   948   -69
   949   -69
   950   -68
   951   -68
   952   -68
   953   -67
   954   -67
   955   -66
   956   -67
   957   -66
   958   -67
   959   -67
   960   -67
   961   -68
   962   -68
   963   -69
   964   -69
   965   -69
   966   -68
   967   -68
   968   -67
   969   -67
   970   -67
   971   -67
   972   -66
   973   -67
   974   -67
   975   -67
   976   -67
   977   -68
   978   -68
   979   -68
   980   -69
   981   -68
   982   -68
   983   -68
   984   -68
   985   -67
   986   -67
   987   -67
   988   -66
   989   -66
   990   -66
   991   -67
   992   -67
   993   -67
   994   -68
   995   -68
   996   -68
   997   -69
   998   -69
   999   -68
