   0   0
   1   -67
   2   -68
   3   -68
   4   -68
   5   -68
   6   -68
   7   -68
   8   -68
   9   -68
   10   -67
   11   -67
   12   -66
   13   -67
   14   -67
   15   -67
   16   -67
   17   -67
   18   -67
   19   -67
   20   -68
   21   -68
   22   -68
   23   -68
   24   -68
   25   -67
   26   -67
   27   -67
   28   -67
   29   -67
   30   -66
   31   -67
   32   -66
   33   -67
   34   -67
   35   -68
   36   -68
   37   -68
   38   -69
   39   -68
   40   -68
   41   -68
   42   -68
   43   -67
   44   -67
   45   -67
   46   -66
   47   -66
   48   -66
   49   -67
   50   -67
   51   -67
   52   -67
   53   -68
   54   -68
   55   -68
   56   -68
   57   -68
   58   -68
   59   -67
   60   -67
   61   -67
   62   -66
   63   -66
   64   -66
   65   -67
   66   -67
   67   -67
   68   -68
   69   -68
   70   -68
   71   -68
   72   -69
   73   -68
   74   -68
   75   -68
   76   -67
   77   -67
   78   -67
   79   -66
   80   -67
   81   -67
   82   -67
   83   -67
   84   -67
   85   -68
   86   -68
   87   -68
   88   -68
   89   -68
   90   -67
   91   -67
   92   -67
   93   -67
   94   -66
   95   -66
   96   -66
   97   -66
   98   -67
   99   -67
   100   -67
   101   -68
   102   -68
   103   -69
   104   -69
   105   -68
   106   -68
   107   -68
   108   -68
   109   -67
   110   -67
   111   -66
   112   -66
   113   -67
   114   -67
   115   -67
   116   -68
   117   -68
   118   -68
   119   -68
   120   -68
   121   -68
   122   -68
   123   -67
   124   -67
   125   -67
   126   -66
   127   -66
   128   -66
   129   -66
   130   -66
   131   -67
   132   -67
   133   -67
   134   -68
   135   -69
   136   -68
   137   -68
   138   -68
   139   -68
   140   -68
   141   -67
   142   -67
   143   -66
   144   -66
   145   -66
   146   -66
   147   -67
   148   -67
   149   -67
   150   -68
   151   -68
   152   -68
   153   -68
   154   -68
   155   -67
   156   -67
   157   -67
   158   -66
   159   -66
   160   -66
   161   -66
   162   -66
   163   -66
   164   -67
   165   -67
   166   -68
   167   -68
   168   -68
   169   -69
   170   -68
   171   -68
   172   -68
   173   -67
   174   -67
   175   -67
   176   -67
   177   -66
   178   -66
   179   -67
   180   -67
   181   -67
   182   -68
   183   -68
   184   -68
   185   -68
   186   -68
   187   -68
   188   -68
   189   -67
   190   -67
   191   -66
   192   -66
   193   -66
   194   -66
   195   -66
   196   -66
   197   -67
   198   -67
   199   -68
   200   -68
   201   -46
   202   2
   203   -51
   204   -61
   205   -55
   206   -52
   207   -53
   208   -51
   209   -51
   210   -51
   211   -51
   212   -50
   213   -52
   214   -52
   215   -52
   216   -53
   217   -53
   218   -53
   219   -53
   220   -52
   221   -51
   222   -53
   223   -51
   224   -50
   225   -51
   226   -50
   227   -49
   228   -50
   229   -50
   230   -51
   231   -51
   232   -51
   233   -52
   234   -52
   235   -52
   236   -52
   237   -52
   238   -51
   239   -51
   240   -51
   241   -50
   242   -50
   243   -50
   244   -50
   245   -51
   246   -52
   247   -51
   248   -52
   249   -53
   250   -53
   251   -53
   252   -53
   253   -52
   254   -52
   255   -51
   256   -51
   257   -50
   258   -50
   259   -50
   260   -50
   261   -50
   262   -51
   263   -51
   264   -51
   265   -52
   266   -53
   267   -52
   268   -52
   269   -52
   270   -52
   271   -52
   272   -51
   273   -50
   274   -50
   275   -50
   276   -50
   277   -51
   278   -51
   279   -51
   280   -52
   281   -53
   282   -53
   283   -53
   284   -53
   285   -53
   286   -53
   287   -52
   288   -52
   289   -51
   290   -51
   291   -51
   292   -51
   293   -50
   294   -51
   295   -51
   296   -52
   297   -52
   298   -53
   299   -53
   300   -53
   301   -53
   302   -53
   303   -52
   304   -52
   305   -51
   306   -51
   307   -50
   308   -51
   309   -51
   310   -51
   311   -51
   312   -52
   313   -53
   314   -54
   315   -53
   316   -54
   317   -54
   318   -54
   319   -53
   320   -53
   321   -52
   322   -52
   323   -51
   324   -51
   325   -51
   326   -51
   327   -52
   328   -52
   329   -53
   330   -53
   331   -54
   332   -54
   333   -54
   334   -53
   335   -53
   336   -53
   337   -52
   338   -52
   339   -51
   340   -51
   341   -51
   342   -51
   343   -52
   344   -52
   345   -53
   346   -53
   347   -54
   348   -54
   349   -54
   350   -54
   351   -54
   352   -53
   353   -53
   354   -52
   355   -52
   356   -52
   357   -51
   358   -52
   359   -52
   360   -52
   361   -53
   362   -53
   363   -54
   364   -54
   365   -54
   366   -54
   367   -54
   368   -54
   369   -53
   370   -53
   371   -52
   372   -52
   373   -51
   374   -51
   375   -52
   376   -52
   377   -53
   378   -53
   379   -54
   380   -54
   381   -55
   382   -55
   383   -55
   384   -54
   385   -54
   386   -53
   387   -52
   388   -52
   389   -52
   390   -52
   391   -52
   392   -52
   393   -53
   394   -53
   395   -54
   396   -55
   397   -55
   398   -55
   399   -55
   400   -55
   401   -54
   402   -54
   403   -53
   404   -53
   405   -52
   406   -52
   407   -52
   408   -52
   409   -53
   410   -53
   411   -54
   412   -54
   413   -55
   414   -55
   415   -55
   416   -55
   417   -55
   418   -54
   419   -54
   420   -53
   421   -53
   422   -52
   423   -52
   424   -53
   425   -53
   426   -54
   427   -54
   428   -55
   429   -55
   430   -55
   431   -56
   432   -56
   433   -55
   434   -55
   435   -54
   436   -54
   437   -53
   438   -53
   439   -53
   440   -53
   441   -53
   442   -54
   443   -54
   444   -55
   445   -55
   446   -56
   447   -56
   448   -56
   449   -56
   450   -56
   451   -55
   452   -54
   453   -54
   454   -54
   455   -53
   456   -54
   457   -53
   458   -54
   459   -55
   460   -55
   461   -56
   462   -57
   463   -57
   464   -57
   465   -57
   466   -57
   467   -56
   468   -56
   469   -56
   470   -55
   471   -55
   472   -54
   473   -55
   474   -55
   475   -56
   476   -57
   477   -57
   478   -58
   479   -58
   480   -59
   481   -58
   482   -59
   483   -58
   484   -57
   485   -58
   486   -57
   487   -57
   488   -57
   489   -57
   490   -57
   491   -58
   492   -59
   493   -59
   494   -60
   495   -61
   496   -61
   497   -62
   498   -61
   499   -61
   500   -60
   501   -60
   502   -60
   503   -59
   504   -59
   505   -59
   506   -59
   507   -60
   508   -61
   509   -62
   510   -62
   511   -63
   512   -64
   513   -64
   514   -64
   515   -64
   516   -63
   517   -63
   518   -62
   519   -62
   520   -62
   521   -62
   522   -62
   523   -62
   524   -63
   525   -64
   526   -64
   527   -65
   528   -66
   529   -66
   530   -66
   531   -66
   532   -66
   533   -65
   534   -65
   535   -64
   536   -64
   537   -63
   538   -64
   539   -63
   540   -65
   541   -65
   542   -66
   543   -67
   544   -67
   545   -68
   546   -68
   547   -68
   548   -67
   549   -67
   550   -66
   551   -66
   552   -66
   553   -65
   554   -65
   555   -65
   556   -66
   557   -66
   558   -66
   559   -67
   560   -68
   561   -68
   562   -68
   563   -69
   564   -68
   565   -68
   566   -67
   567   -67
   568   -66
   569   -65
   570   -65
   571   -65
   572   -65
   573   -66
   574   -66
   575   -67
   576   -67
   577   -68
   578   -69
   579   -69
   580   -69
   581   -68
   582   -67
   583   -67
   584   -66
   585   -66
   586   -66
   587   -65
   588   -66
   589   -66
   590   -67
   591   -67
   592   -68
   593   -68
   594   -69
   595   -69
   596   -69
   597   -68
   598   -68
   599   -67
   600   -66
   601   -66
   602   -66
   603   -65
   604   -65
   605   -66
   606   -66
   607   -67
   608   -67
   609   -68
   610   -69
   611   -69
   612   -69
   613   -69
   614   -68
   615   -67
   616   -67
   617   -66
   618   -66
   619   -66
   620   -65
   621   -66
   622   -66
   623   -67
   624   -68
   625   -68
   626   -69
   627   -69
   628   -69
   629   -69
   630   -68
   631   -68
   632   -67
   633   -66
   634   -66
   635   -65
   636   -65
   637   -65
   638   -66
   639   -66
   640   -67
   641   -68
   642   -68
   643   -69
   644   -69
   645   -69
   646   -68
   647   -68
   648   -67
   649   -67
   650   -66
   651   -66
   652   -66
   653   -65
   654   -66
   655   -67
   656   -67
   657   -68
   658   -69
   659   -69
   660   -69
   661   -69
   662   -69
   663   -68
   664   -68
   665   -67
   666   -67
   667   -66
   668   -65
   669   -66
   670   -65
   671   -66
   672   -67
   673   -67
   674   -68
   675   -68
   676   -69
   677   -69
   678   -69
   679   -68
   680   -68
   681   -67
   682   -66
   683   -66
   684   -65
   685   -66
   686   -65
   687   -66
   688   -66
   689   -67
   690   -68
   691   -68
   692   -69
   693   -69
   694   -69
   695   -69
   696   -69
   697   -68
   698   -67
   699   -66
   700   -66
   701   -66
   702   -66
   703   -65
   704   -66
   705   -66
   706   -67
   707   -68
   708   -68
   709   -68
   710   -68
   711   -68
   712   -68
   713   -68
   714   -67
   715   -66
   716   -66
   717   -65
   718   -65
   719   -65
   720   -66
   721   -66
   722   -67
   723   -68
   724   -68
   725   -69
   726   -69
   727   -69
   728   -69
   729   -68
   730   -68
   731   -67
   732   -66
   733   -66
   734   -66
   735   -66
   736   -66
   737   -66
   738   -67
   739   -67
   740   -68
   741   -68
   742   -69
   743   -69
   744   -68
   745   -68
   746   -68
   747   -67
   748   -66
   749   -66
   750   -65
   751   -65
   752   -65
   753   -66
   754   -66
   755   -67
   756   -68
   757   -68
   758   -69
   759   -69
   760   -69
   761   -69
   762   -68
   763   -68
   764   -67
   765   -67
   766   -66
   767   -66
   768   -66
   769   -66
   770   -67
   771   -67
   772   -68
   773   -68
   774   -69
   775   -69
   776   -69
   777   -69
   778   -68
   779   -68
   780   -67
   781   -67
   782   -66
   783   -65
   784   -65
   785   -65
   786   -66
   787   -66
   788   -67
   789   -68
   790   -68
   791   -68
   792   -69
   793   -69
   794   -68
   795   -68
   796   -68
   797   -67
   798   -67
   799   -66
   800   -66
   801   -66
   802   -66
   803   -66
   804   -67
   805   -68
   806   -68
   807   -69
   808   -69
   809   -69
   810   -69
   811   -68
   812   -67
   813   -67
   814   -66
   815   -66
   816   -65
   817   -65
   818   -65
   819   -66
   820   -66
   821   -67
   822   -68
   823   -68
   824   -68
   825   -69
   826   -69
   827   -68
   828   -68
   829   -67
   830   -67
   831   -66
   832   -66
   833   -66
   834   -66
   835   -66
   836   -66
   837   -67
   838   -68
   839   -68
   840   -68
   841   -69
   842   -69
   843   -69
   844   -68
   845   -68
   846   -67
   847   -66
   848   -65
   849   -65
   850   -66
   851   -65
   852   -66
   853   -67
   854   -67
   855   -68
   856   -68
   857   -68
   858   -68
   859   -68
   860   -68
   861   -68
   862   -67
   863   -67
   864   -66
   865   -66
   866   -66
   867   -66
   868   -66
   869   -67
   870   -67
   871   -68
   872   -68
   873   -69
   874   -69
   875   -69
   876   -68
   877   -68
   878   -68
   879   -67
   880   -66
   881   -66
   882   -66
   883   -66
   884   -66
   885   -66
   886   -67
   887   -67
   888   -68
   889   -69
   890   -68
   891   -69
   892   -68
   893   -68
   894   -67
   895   -67
   896   -66
   897   -66
   898   -66
   899   -65
   900   -65
   901   -66
   902   -66
   903   -67
   904   -68
   905   -68
   906   -69
   907   -69
   908   -69
   909   -68
   910   -68
   911   -68
   912   -67
   913   -67
   914   -66
   915   -65
   916   -66
   917   -65
   918   -66
   919   -67
   920   -67
   921   -68
   922   -68
   923   -68
   924   -68
   925   -68
   926   -68
   927   -68
   928   -66
   929   -66
   930   -66
   931   -65
   932   -66
   933   -65
   934   -66
   935   -66
   936   -67
   937   -68
   938   -68
   939   -68
   940   -69
   941   -68
   942   -68
   943   -68
   944   -67
   945   -67
   946   -66
   947   -66
   948   -65
   949   -66
   950   -66
   951   -66
   952   -67
   953   -67
   954   -68
   955   -68
   956   -68
   957   -68
   958   -68
   959   -68
   960   -68
   961   -67
   962   -66
   963   -66
   964   -66
   965   -65
   966   -66
   967   -66
   968   -66
   969   -67
   970   -68
   971   -68
   972   -68
   973   -69
   974   -69
   975   -68
   976   -68
   977   -67
   978   -67
   979   -66
   980   -66
   981   -66
   982   -66
   983   -66
   984   -67
   985   -67
   986   -67
   987   -68
   988   -68
   989   -68
   990   -69
   991   -69
   992   -68
   993   -68
   994   -67
   995   -66
   996   -66
   997   -66
   998   -66
   999   -66
