   0   0
   1   -60
   2   -62
   3   -60
   4   -62
   5   -60
   6   -62
   7   -60
   8   -61
   9   -60
   10   -61
   11   -61
   12   -61
   13   -62
   14   -60
   15   -62
   16   -60
   17   -62
   18   -60
   19   -62
   20   -60
   21   -62
   22   -60
   23   -62
   24   -61
   25   -61
   26   -61
   27   -61
   28   -61
   29   -61
   30   -62
   31   -60
   32   -62
   33   -60
   34   -62
   35   -60
   36   -62
   37   -60
   38   -61
   39   -60
   40   -61
   41   -61
   42   -61
   43   -61
   44   -61
   45   -62
   46   -60
   47   -62
   48   -60
   49   -62
   50   -60
   51   -62
   52   -60
   53   -62
   54   -60
   55   -62
   56   -60
   57   -61
   58   -60
   59   -61
   60   -61
   61   -61
   62   -61
   63   -61
   64   -62
   65   -60
   66   -62
   67   -60
   68   -62
   69   -60
   70   -62
   71   -60
   72   -62
   73   -60
   74   -61
   75   -60
   76   -61
   77   -61
   78   -61
   79   -61
   80   -60
   81   -61
   82   -60
   83   -62
   84   -60
   85   -62
   86   -60
   87   -61
   88   -61
   89   -61
   90   -61
   91   -61
   92   -61
   93   -61
   94   -61
   95   -60
   96   -62
   97   -60
   98   -62
   99   -60
   100   -62
   101   -60
   102   -62
   103   -60
   104   -62
   105   -60
   106   -61
   107   -61
   108   -61
   109   -61
   110   -61
   111   -61
   112   -60
   113   -62
   114   -60
   115   -62
   116   -60
   117   -62
   118   -60
   119   -62
   120   -60
   121   -62
   122   -60
   123   -61
   124   -61
   125   -61
   126   -61
   127   -61
   128   -61
   129   -60
   130   -62
   131   -60
   132   -62
   133   -60
   134   -62
   135   -60
   136   -62
   137   -60
   138   -61
   139   -60
   140   -61
   141   -61
   142   -61
   143   -61
   144   -61
   145   -61
   146   -60
   147   -62
   148   -61
   149   -62
   150   -60
   151   -61
   152   -60
   153   -61
   154   -60
   155   -61
   156   -61
   157   -61
   158   -61
   159   -60
   160   -61
   161   -60
   162   -62
   163   -60
   164   -62
   165   -60
   166   -62
   167   -60
   168   -62
   169   -60
   170   -62
   171   -60
   172   -61
   173   -61
   174   -61
   175   -61
   176   -60
   177   -61
   178   -60
   179   -62
   180   -60
   181   -62
   182   -60
   183   -62
   184   -60
   185   -62
   186   -60
   187   -62
   188   -60
   189   -61
   190   -61
   191   -61
   192   -61
   193   -61
   194   -61
   195   -60
   196   -61
   197   -60
   198   -61
   199   -60
   200   -62
   201   -57
   202   -16
   203   44
   204   48
   205   41
   206   31
   207   30
   208   29
   209   33
   210   33
   211   34
   212   33
   213   33
   214   34
   215   34
   216   35
   217   35
   218   35
   219   34
   220   35
   221   35
   222   35
   223   36
   224   35
   225   36
   226   35
   227   36
   228   35
   229   37
   230   35
   231   37
   232   35
   233   37
   234   35
   235   36
   236   35
   237   36
   238   36
   239   36
   240   37
   241   36
   242   36
   243   35
   244   36
   245   35
   246   37
   247   35
   248   37
   249   35
   250   37
   251   35
   252   37
   253   36
   254   37
   255   36
   256   36
   257   36
   258   36
   259   36
   260   36
   261   37
   262   36
   263   37
   264   36
   265   37
   266   35
   267   36
   268   36
   269   37
   270   36
   271   37
   272   36
   273   36
   274   37
   275   36
   276   37
   277   35
   278   37
   279   35
   280   37
   281   35
   282   37
   283   35
   284   37
   285   35
   286   37
   287   36
   288   36
   289   36
   290   35
   291   36
   292   35
   293   37
   294   35
   295   37
   296   35
   297   37
   298   35
   299   37
   300   35
   301   37
   302   35
   303   36
   304   35
   305   36
   306   36
   307   36
   308   36
   309   35
   310   37
   311   35
   312   37
   313   35
   314   37
   315   35
   316   37
   317   35
   318   37
   319   35
   320   37
   321   35
   322   36
   323   35
   324   35
   325   36
   326   35
   327   36
   328   35
   329   36
   330   35
   331   36
   332   34
   333   36
   334   35
   335   36
   336   35
   337   35
   338   35
   339   36
   340   36
   341   35
   342   36
   343   35
   344   36
   345   35
   346   36
   347   34
   348   36
   349   34
   350   36
   351   35
   352   36
   353   35
   354   35
   355   35
   356   34
   357   35
   358   34
   359   36
   360   34
   361   36
   362   33
   363   35
   364   34
   365   35
   366   33
   367   35
   368   34
   369   35
   370   33
   371   34
   372   33
   373   33
   374   33
   375   31
   376   32
   377   30
   378   30
   379   28
   380   28
   381   26
   382   26
   383   23
   384   22
   385   19
   386   18
   387   15
   388   13
   389   10
   390   7
   391   5
   392   0
   393   -2
   394   -6
   395   -8
   396   -13
   397   -15
   398   -19
   399   -21
   400   -25
   401   -27
   402   -31
   403   -33
   404   -36
   405   -38
   406   -40
   407   -43
   408   -44
   409   -47
   410   -47
   411   -50
   412   -50
   413   -53
   414   -53
   415   -55
   416   -54
   417   -56
   418   -56
   419   -57
   420   -58
   421   -58
   422   -58
   423   -58
   424   -59
   425   -58
   426   -60
   427   -58
   428   -60
   429   -58
   430   -60
   431   -59
   432   -60
   433   -59
   434   -60
   435   -60
   436   -60
   437   -60
   438   -60
   439   -60
   440   -60
   441   -61
   442   -59
   443   -60
   444   -59
   445   -61
   446   -59
   447   -61
   448   -60
   449   -61
   450   -60
   451   -61
   452   -60
   453   -60
   454   -60
   455   -60
   456   -61
   457   -60
   458   -61
   459   -60
   460   -61
   461   -59
   462   -61
   463   -59
   464   -61
   465   -60
   466   -60
   467   -60
   468   -60
   469   -60
   470   -60
   471   -61
   472   -59
   473   -61
   474   -60
   475   -61
   476   -59
   477   -61
   478   -60
   479   -61
   480   -60
   481   -61
   482   -60
   483   -61
   484   -60
   485   -60
   486   -60
   487   -60
   488   -61
   489   -60
   490   -61
   491   -60
   492   -61
   493   -60
   494   -61
   495   -59
   496   -61
   497   -60
   498   -61
   499   -60
   500   -61
   501   -60
   502   -61
   503   -60
   504   -60
   505   -60
   506   -60
   507   -61
   508   -60
   509   -61
   510   -60
   511   -61
   512   -60
   513   -61
   514   -60
   515   -61
   516   -60
   517   -61
   518   -60
   519   -61
   520   -61
   521   -60
   522   -61
   523   -60
   524   -61
   525   -60
   526   -61
   527   -60
   528   -61
   529   -60
   530   -61
   531   -60
   532   -61
   533   -60
   534   -61
   535   -61
   536   -61
   537   -61
   538   -60
   539   -61
   540   -60
   541   -61
   542   -60
   543   -62
   544   -60
   545   -62
   546   -60
   547   -61
   548   -60
   549   -61
   550   -60
   551   -61
   552   -60
   553   -61
   554   -61
   555   -60
   556   -61
   557   -60
   558   -62
   559   -60
   560   -62
   561   -60
   562   -61
   563   -60
   564   -61
   565   -60
   566   -61
   567   -60
   568   -61
   569   -61
   570   -61
   571   -61
   572   -60
   573   -60
   574   -60
   575   -61
   576   -60
   577   -61
   578   -60
   579   -61
   580   -60
   581   -61
   582   -60
   583   -61
   584   -61
   585   -61
   586   -60
   587   -60
   588   -61
   589   -60
   590   -61
   591   -60
   592   -61
   593   -60
   594   -61
   595   -60
   596   -62
   597   -60
   598   -61
   599   -60
   600   -61
   601   -61
   602   -61
   603   -61
   604   -60
   605   -61
   606   -60
   607   -61
   608   -60
   609   -61
   610   -60
   611   -61
   612   -60
   613   -61
   614   -60
   615   -61
   616   -61
   617   -61
   618   -61
   619   -60
   620   -61
   621   -60
   622   -61
   623   -60
   624   -61
   625   -60
   626   -62
   627   -60
   628   -61
   629   -60
   630   -61
   631   -60
   632   -61
   633   -61
   634   -61
   635   -61
   636   -60
   637   -61
   638   -60
   639   -61
   640   -60
   641   -61
   642   -60
   643   -62
   644   -60
   645   -61
   646   -60
   647   -61
   648   -60
   649   -61
   650   -61
   651   -61
   652   -61
   653   -60
   654   -61
   655   -60
   656   -61
   657   -60
   658   -61
   659   -60
   660   -61
   661   -60
   662   -61
   663   -60
   664   -61
   665   -60
   666   -61
   667   -61
   668   -61
   669   -61
   670   -60
   671   -61
   672   -60
   673   -61
   674   -60
   675   -61
   676   -60
   677   -61
   678   -60
   679   -61
   680   -60
   681   -61
   682   -60
   683   -61
   684   -61
   685   -61
   686   -61
   687   -60
   688   -61
   689   -60
   690   -61
   691   -60
   692   -62
   693   -60
   694   -62
   695   -60
   696   -61
   697   -60
   698   -61
   699   -61
   700   -60
   701   -61
   702   -61
   703   -61
   704   -61
   705   -61
   706   -60
   707   -61
   708   -60
   709   -62
   710   -60
   711   -61
   712   -60
   713   -61
   714   -61
   715   -61
   716   -61
   717   -61
   718   -61
   719   -61
   720   -61
   721   -60
   722   -61
   723   -60
   724   -61
   725   -60
   726   -61
   727   -60
   728   -61
   729   -60
   730   -61
   731   -61
   732   -61
   733   -61
   734   -60
   735   -61
   736   -60
   737   -62
   738   -60
   739   -62
   740   -60
   741   -61
   742   -60
   743   -61
   744   -60
   745   -61
   746   -61
   747   -61
   748   -60
   749   -61
   750   -61
   751   -61
   752   -61
   753   -60
   754   -61
   755   -60
   756   -62
   757   -60
   758   -62
   759   -60
   760   -62
   761   -60
   762   -61
   763   -60
   764   -61
   765   -61
   766   -61
   767   -61
   768   -60
   769   -60
   770   -60
   771   -61
   772   -60
   773   -61
   774   -60
   775   -62
   776   -60
   777   -62
   778   -60
   779   -61
   780   -60
   781   -61
   782   -61
   783   -60
   784   -61
   785   -60
   786   -62
   787   -60
   788   -61
   789   -60
   790   -61
   791   -60
   792   -61
   793   -60
   794   -61
   795   -60
   796   -61
   797   -61
   798   -61
   799   -61
   800   -60
   801   -61
   802   -61
   803   -61
   804   -60
   805   -62
   806   -60
   807   -62
   808   -60
   809   -61
   810   -60
   811   -62
   812   -60
   813   -61
   814   -60
   815   -61
   816   -61
   817   -60
   818   -61
   819   -61
   820   -62
   821   -60
   822   -62
   823   -60
   824   -61
   825   -60
   826   -62
   827   -60
   828   -61
   829   -60
   830   -61
   831   -60
   832   -61
   833   -61
   834   -61
   835   -61
   836   -61
   837   -61
   838   -60
   839   -61
   840   -60
   841   -61
   842   -60
   843   -61
   844   -61
   845   -61
   846   -60
   847   -61
   848   -61
   849   -61
   850   -61
   851   -60
   852   -61
   853   -60
   854   -61
   855   -60
   856   -62
   857   -60
   858   -61
   859   -60
   860   -61
   861   -60
   862   -61
   863   -60
   864   -61
   865   -61
   866   -61
   867   -61
   868   -60
   869   -61
   870   -60
   871   -62
   872   -60
   873   -62
   874   -60
   875   -62
   876   -60
   877   -62
   878   -60
   879   -61
   880   -60
   881   -61
   882   -61
   883   -61
   884   -61
   885   -60
   886   -61
   887   -60
   888   -61
   889   -60
   890   -62
   891   -60
   892   -61
   893   -60
   894   -61
   895   -60
   896   -62
   897   -60
   898   -61
   899   -61
   900   -61
   901   -61
   902   -61
   903   -61
   904   -60
   905   -61
   906   -60
   907   -62
   908   -60
   909   -61
   910   -60
   911   -61
   912   -60
   913   -61
   914   -61
   915   -61
   916   -61
   917   -61
   918   -61
   919   -60
   920   -61
   921   -60
   922   -62
   923   -60
   924   -61
   925   -60
   926   -61
   927   -60
   928   -61
   929   -61
   930   -61
   931   -61
   932   -61
   933   -62
   934   -60
   935   -61
   936   -60
   937   -62
   938   -60
   939   -62
   940   -60
   941   -61
   942   -60
   943   -62
   944   -60
   945   -61
   946   -61
   947   -61
   948   -60
   949   -61
   950   -61
   951   -60
   952   -61
   953   -60
   954   -61
   955   -60
   956   -61
   957   -60
   958   -62
   959   -60
   960   -61
   961   -60
   962   -61
   963   -61
   964   -61
   965   -61
   966   -61
   967   -61
   968   -60
   969   -61
   970   -60
   971   -62
   972   -60
   973   -61
   974   -60
   975   -61
   976   -60
   977   -61
   978   -61
   979   -61
   980   -61
   981   -61
   982   -61
   983   -60
   984   -62
   985   -60
   986   -61
   987   -60
   988   -62
   989   -60
   990   -61
   991   -60
   992   -61
   993   -60
   994   -61
   995   -61
   996   -61
   997   -61
   998   -60
   999   -61
