   0   0
   1   -61
   2   -62
   3   -61
   4   -61
   5   -61
   6   -61
   7   -61
   8   -61
   9   -61
   10   -61
   11   -62
   12   -61
   13   -62
   14   -61
   15   -61
   16   -61
   17   -62
   18   -61
   19   -62
   20   -61
   21   -61
   22   -61
   23   -61
   24   -61
   25   -61
   26   -61
   27   -61
   28   -62
   29   -61
   30   -62
   31   -61
   32   -61
   33   -61
   34   -61
   35   -61
   36   -61
   37   -61
   38   -61
   39   -61
   40   -61
   41   -61
   42   -61
   43   -61
   44   -61
   45   -61
   46   -61
   47   -62
   48   -61
   49   -62
   50   -60
   51   -61
   52   -61
   53   -61
   54   -61
   55   -61
   56   -61
   57   -60
   58   -61
   59   -61
   60   -61
   61   -60
   62   -62
   63   -61
   64   -62
   65   -61
   66   -62
   67   -61
   68   -61
   69   -61
   70   -61
   71   -61
   72   -61
   73   -61
   74   -61
   75   -61
   76   -61
   77   -62
   78   -61
   79   -62
   80   -61
   81   -62
   82   -61
   83   -62
   84   -61
   85   -61
   86   -61
   87   -62
   88   -61
   89   -61
   90   -61
   91   -61
   92   -61
   93   -61
   94   -61
   95   -61
   96   -62
   97   -61
   98   -62
   99   -60
   100   -62
   101   -61
   102   -62
   103   -61
   104   -62
   105   -61
   106   -61
   107   -61
   108   -61
   109   -62
   110   -61
   111   -61
   112   -61
   113   -62
   114   -61
   115   -61
   116   -61
   117   -61
   118   -61
   119   -61
   120   -61
   121   -61
   122   -61
   123   -61
   124   -61
   125   -60
   126   -61
   127   -61
   128   -62
   129   -61
   130   -61
   131   -61
   132   -61
   133   -61
   134   -61
   135   -61
   136   -62
   137   -61
   138   -61
   139   -61
   140   -61
   141   -61
   142   -61
   143   -61
   144   -61
   145   -61
   146   -61
   147   -62
   148   -61
   149   -61
   150   -61
   151   -61
   152   -61
   153   -61
   154   -61
   155   -61
   156   -61
   157   -61
   158   -62
   159   -61
   160   -61
   161   -60
   162   -61
   163   -61
   164   -61
   165   -61
   166   -61
   167   -61
   168   -61
   169   -61
   170   -61
   171   -61
   172   -61
   173   -61
   174   -61
   175   -61
   176   -61
   177   -61
   178   -61
   179   -61
   180   -61
   181   -61
   182   -61
   183   -61
   184   -61
   185   -61
   186   -61
   187   -61
   188   -61
   189   -61
   190   -62
   191   -61
   192   -61
   193   -61
   194   -60
   195   -61
   196   -61
   197   -61
   198   -61
   199   -61
   200   -62
   201   -58
   202   -13
   203   58
   204   74
   205   66
   206   53
   207   48
   208   46
   209   48
   210   48
   211   50
   212   49
   213   49
   214   47
   215   48
   216   49
   217   49
   218   48
   219   48
   220   48
   221   47
   222   48
   223   49
   224   48
   225   48
   226   48
   227   48
   228   48
   229   49
   230   48
   231   49
   232   48
   233   48
   234   48
   235   48
   236   48
   237   48
   238   49
   239   48
   240   49
   241   48
   242   48
   243   48
   244   48
   245   48
   246   48
   247   48
   248   48
   249   48
   250   48
   251   48
   252   48
   253   48
   254   48
   255   48
   256   48
   257   48
   258   48
   259   48
   260   48
   261   48
   262   48
   263   48
   264   48
   265   48
   266   48
   267   47
   268   48
   269   48
   270   48
   271   48
   272   48
   273   48
   274   49
   275   48
   276   48
   277   47
   278   48
   279   47
   280   48
   281   48
   282   48
   283   48
   284   48
   285   48
   286   48
   287   48
   288   48
   289   48
   290   47
   291   48
   292   48
   293   49
   294   48
   295   48
   296   48
   297   48
   298   48
   299   48
   300   48
   301   48
   302   48
   303   48
   304   48
   305   48
   306   48
   307   48
   308   48
   309   48
   310   48
   311   48
   312   48
   313   48
   314   48
   315   48
   316   48
   317   48
   318   48
   319   47
   320   47
   321   48
   322   47
   323   48
   324   47
   325   48
   326   47
   327   48
   328   47
   329   48
   330   47
   331   48
   332   47
   333   47
   334   47
   335   47
   336   48
   337   47
   338   48
   339   47
   340   48
   341   47
   342   48
   343   47
   344   48
   345   47
   346   48
   347   47
   348   48
   349   47
   350   47
   351   47
   352   47
   353   47
   354   47
   355   47
   356   47
   357   48
   358   47
   359   47
   360   47
   361   47
   362   46
   363   47
   364   47
   365   47
   366   47
   367   47
   368   47
   369   47
   370   47
   371   47
   372   47
   373   47
   374   47
   375   47
   376   47
   377   46
   378   47
   379   46
   380   47
   381   46
   382   47
   383   47
   384   47
   385   46
   386   46
   387   47
   388   46
   389   46
   390   46
   391   46
   392   46
   393   47
   394   46
   395   46
   396   45
   397   46
   398   45
   399   45
   400   45
   401   44
   402   44
   403   43
   404   43
   405   42
   406   41
   407   40
   408   40
   409   38
   410   38
   411   36
   412   35
   413   32
   414   31
   415   29
   416   27
   417   24
   418   22
   419   19
   420   16
   421   14
   422   11
   423   8
   424   5
   425   2
   426   -2
   427   -5
   428   -9
   429   -11
   430   -15
   431   -18
   432   -21
   433   -24
   434   -27
   435   -30
   436   -32
   437   -35
   438   -37
   439   -40
   440   -41
   441   -44
   442   -45
   443   -47
   444   -48
   445   -50
   446   -51
   447   -52
   448   -53
   449   -54
   450   -54
   451   -55
   452   -56
   453   -56
   454   -57
   455   -57
   456   -58
   457   -57
   458   -58
   459   -58
   460   -59
   461   -59
   462   -59
   463   -59
   464   -59
   465   -59
   466   -59
   467   -60
   468   -59
   469   -60
   470   -60
   471   -60
   472   -59
   473   -60
   474   -59
   475   -60
   476   -59
   477   -60
   478   -60
   479   -60
   480   -59
   481   -60
   482   -60
   483   -60
   484   -60
   485   -60
   486   -60
   487   -60
   488   -60
   489   -60
   490   -60
   491   -60
   492   -60
   493   -60
   494   -60
   495   -60
   496   -60
   497   -60
   498   -60
   499   -60
   500   -60
   501   -60
   502   -60
   503   -60
   504   -60
   505   -60
   506   -60
   507   -60
   508   -60
   509   -60
   510   -61
   511   -60
   512   -60
   513   -60
   514   -60
   515   -60
   516   -60
   517   -60
   518   -60
   519   -60
   520   -61
   521   -60
   522   -61
   523   -60
   524   -60
   525   -60
   526   -61
   527   -60
   528   -60
   529   -60
   530   -60
   531   -60
   532   -60
   533   -61
   534   -60
   535   -61
   536   -60
   537   -60
   538   -60
   539   -61
   540   -60
   541   -61
   542   -60
   543   -60
   544   -60
   545   -60
   546   -61
   547   -60
   548   -61
   549   -60
   550   -60
   551   -60
   552   -61
   553   -60
   554   -61
   555   -60
   556   -60
   557   -60
   558   -61
   559   -60
   560   -60
   561   -60
   562   -60
   563   -60
   564   -60
   565   -61
   566   -61
   567   -61
   568   -60
   569   -61
   570   -60
   571   -61
   572   -60
   573   -60
   574   -60
   575   -61
   576   -60
   577   -60
   578   -60
   579   -60
   580   -60
   581   -60
   582   -61
   583   -60
   584   -61
   585   -60
   586   -61
   587   -60
   588   -61
   589   -60
   590   -61
   591   -60
   592   -60
   593   -60
   594   -61
   595   -60
   596   -61
   597   -60
   598   -60
   599   -61
   600   -60
   601   -61
   602   -60
   603   -61
   604   -60
   605   -61
   606   -60
   607   -61
   608   -60
   609   -61
   610   -61
   611   -61
   612   -60
   613   -60
   614   -61
   615   -60
   616   -61
   617   -60
   618   -61
   619   -60
   620   -61
   621   -60
   622   -61
   623   -60
   624   -61
   625   -60
   626   -61
   627   -61
   628   -61
   629   -60
   630   -60
   631   -61
   632   -61
   633   -61
   634   -60
   635   -61
   636   -60
   637   -61
   638   -60
   639   -61
   640   -60
   641   -60
   642   -60
   643   -61
   644   -61
   645   -61
   646   -61
   647   -60
   648   -61
   649   -61
   650   -61
   651   -60
   652   -61
   653   -60
   654   -61
   655   -61
   656   -61
   657   -60
   658   -60
   659   -60
   660   -61
   661   -60
   662   -61
   663   -61
   664   -60
   665   -61
   666   -61
   667   -61
   668   -60
   669   -61
   670   -60
   671   -61
   672   -60
   673   -61
   674   -60
   675   -61
   676   -61
   677   -61
   678   -61
   679   -60
   680   -61
   681   -61
   682   -61
   683   -60
   684   -61
   685   -60
   686   -61
   687   -61
   688   -60
   689   -61
   690   -60
   691   -61
   692   -60
   693   -61
   694   -61
   695   -61
   696   -60
   697   -61
   698   -60
   699   -61
   700   -60
   701   -61
   702   -60
   703   -61
   704   -60
   705   -61
   706   -60
   707   -61
   708   -61
   709   -60
   710   -60
   711   -61
   712   -61
   713   -61
   714   -61
   715   -60
   716   -61
   717   -61
   718   -61
   719   -60
   720   -61
   721   -60
   722   -61
   723   -61
   724   -61
   725   -61
   726   -60
   727   -61
   728   -60
   729   -61
   730   -60
   731   -61
   732   -61
   733   -61
   734   -60
   735   -61
   736   -60
   737   -61
   738   -61
   739   -61
   740   -60
   741   -60
   742   -61
   743   -60
   744   -61
   745   -61
   746   -61
   747   -60
   748   -61
   749   -60
   750   -61
   751   -60
   752   -61
   753   -61
   754   -61
   755   -61
   756   -61
   757   -61
   758   -60
   759   -61
   760   -60
   761   -61
   762   -60
   763   -61
   764   -60
   765   -61
   766   -60
   767   -61
   768   -60
   769   -61
   770   -60
   771   -61
   772   -61
   773   -61
   774   -61
   775   -61
   776   -61
   777   -61
   778   -61
   779   -60
   780   -61
   781   -61
   782   -61
   783   -60
   784   -61
   785   -60
   786   -61
   787   -60
   788   -61
   789   -60
   790   -60
   791   -61
   792   -61
   793   -61
   794   -60
   795   -61
   796   -60
   797   -61
   798   -60
   799   -61
   800   -60
   801   -61
   802   -60
   803   -61
   804   -61
   805   -61
   806   -61
   807   -61
   808   -61
   809   -60
   810   -61
   811   -60
   812   -61
   813   -60
   814   -61
   815   -60
   816   -61
   817   -60
   818   -61
   819   -60
   820   -61
   821   -61
   822   -61
   823   -60
   824   -61
   825   -61
   826   -61
   827   -61
   828   -60
   829   -61
   830   -61
   831   -61
   832   -60
   833   -61
   834   -60
   835   -61
   836   -61
   837   -61
   838   -61
   839   -61
   840   -61
   841   -61
   842   -61
   843   -61
   844   -61
   845   -60
   846   -61
   847   -60
   848   -62
   849   -60
   850   -61
   851   -61
   852   -61
   853   -60
   854   -61
   855   -60
   856   -60
   857   -60
   858   -61
   859   -61
   860   -61
   861   -61
   862   -60
   863   -61
   864   -61
   865   -61
   866   -61
   867   -61
   868   -60
   869   -61
   870   -61
   871   -61
   872   -61
   873   -61
   874   -61
   875   -61
   876   -60
   877   -60
   878   -61
   879   -60
   880   -61
   881   -60
   882   -61
   883   -60
   884   -61
   885   -61
   886   -61
   887   -61
   888   -61
   889   -61
   890   -61
   891   -61
   892   -61
   893   -61
   894   -61
   895   -61
   896   -61
   897   -61
   898   -61
   899   -61
   900   -60
   901   -61
   902   -60
   903   -61
   904   -61
   905   -61
   906   -61
   907   -61
   908   -61
   909   -61
   910   -61
   911   -60
   912   -61
   913   -60
   914   -61
   915   -61
   916   -61
   917   -61
   918   -61
   919   -61
   920   -61
   921   -61
   922   -61
   923   -61
   924   -60
   925   -61
   926   -61
   927   -61
   928   -61
   929   -61
   930   -61
   931   -61
   932   -61
   933   -61
   934   -61
   935   -61
   936   -61
   937   -61
   938   -61
   939   -61
   940   -61
   941   -61
   942   -61
   943   -61
   944   -61
   945   -61
   946   -61
   947   -60
   948   -60
   949   -60
   950   -60
   951   -60
   952   -61
   953   -61
   954   -61
   955   -61
   956   -60
   957   -61
   958   -61
   959   -61
   960   -60
   961   -61
   962   -61
   963   -61
   964   -60
   965   -61
   966   -60
   967   -61
   968   -61
   969   -61
   970   -61
   971   -61
   972   -61
   973   -61
   974   -61
   975   -61
   976   -61
   977   -60
   978   -61
   979   -61
   980   -61
   981   -61
   982   -61
   983   -60
   984   -61
   985   -61
   986   -61
   987   -61
   988   -61
   989   -61
   990   -60
   991   -61
   992   -61
   993   -61
   994   -61
   995   -61
   996   -61
   997   -61
   998   -61
   999   -60
