   0   0
   1   -66
   2   -66
   3   -66
   4   -67
   5   -68
   6   -69
   7   -69
   8   -70
   9   -70
   10   -69
   11   -69
   12   -69
   13   -68
   14   -67
   15   -67
   16   -66
   17   -66
   18   -66
   19   -66
   20   -67
   21   -67
   22   -68
   23   -69
   24   -70
   25   -70
   26   -70
   27   -69
   28   -69
   29   -68
   30   -68
   31   -67
   32   -66
   33   -65
   34   -66
   35   -66
   36   -67
   37   -67
   38   -68
   39   -69
   40   -69
   41   -70
   42   -70
   43   -69
   44   -69
   45   -69
   46   -68
   47   -67
   48   -66
   49   -66
   50   -66
   51   -66
   52   -66
   53   -67
   54   -68
   55   -68
   56   -69
   57   -69
   58   -70
   59   -70
   60   -70
   61   -69
   62   -68
   63   -67
   64   -67
   65   -66
   66   -66
   67   -65
   68   -66
   69   -66
   70   -67
   71   -68
   72   -69
   73   -69
   74   -70
   75   -70
   76   -69
   77   -69
   78   -69
   79   -68
   80   -67
   81   -66
   82   -66
   83   -66
   84   -66
   85   -67
   86   -67
   87   -68
   88   -68
   89   -70
   90   -69
   91   -70
   92   -69
   93   -69
   94   -68
   95   -68
   96   -67
   97   -66
   98   -66
   99   -66
   100   -66
   101   -67
   102   -67
   103   -67
   104   -68
   105   -69
   106   -69
   107   -70
   108   -70
   109   -69
   110   -69
   111   -68
   112   -67
   113   -67
   114   -66
   115   -66
   116   -66
   117   -66
   118   -67
   119   -67
   120   -69
   121   -69
   122   -69
   123   -70
   124   -70
   125   -69
   126   -69
   127   -68
   128   -68
   129   -67
   130   -66
   131   -66
   132   -66
   133   -66
   134   -66
   135   -67
   136   -68
   137   -68
   138   -69
   139   -69
   140   -69
   141   -70
   142   -69
   143   -68
   144   -68
   145   -67
   146   -66
   147   -66
   148   -66
   149   -66
   150   -66
   151   -67
   152   -68
   153   -68
   154   -69
   155   -70
   156   -70
   157   -70
   158   -69
   159   -69
   160   -68
   161   -68
   162   -67
   163   -67
   164   -66
   165   -66
   166   -66
   167   -66
   168   -67
   169   -68
   170   -68
   171   -69
   172   -70
   173   -69
   174   -69
   175   -69
   176   -69
   177   -68
   178   -67
   179   -67
   180   -66
   181   -66
   182   -66
   183   -66
   184   -66
   185   -68
   186   -68
   187   -69
   188   -69
   189   -69
   190   -70
   191   -70
   192   -69
   193   -68
   194   -67
   195   -67
   196   -66
   197   -66
   198   -65
   199   -67
   200   -67
   201   -35
   202   75
   203   58
   204   52
   205   56
   206   59
   207   59
   208   61
   209   64
   210   65
   211   66
   212   68
   213   68
   214   69
   215   69
   216   69
   217   68
   218   68
   219   67
   220   67
   221   67
   222   65
   223   66
   224   67
   225   66
   226   67
   227   68
   228   68
   229   69
   230   69
   231   69
   232   69
   233   67
   234   67
   235   66
   236   65
   237   65
   238   65
   239   64
   240   65
   241   65
   242   65
   243   66
   244   66
   245   66
   246   66
   247   67
   248   66
   249   65
   250   64
   251   63
   252   63
   253   62
   254   62
   255   61
   256   62
   257   61
   258   61
   259   62
   260   62
   261   63
   262   63
   263   63
   264   63
   265   62
   266   61
   267   61
   268   60
   269   59
   270   59
   271   58
   272   58
   273   58
   274   58
   275   59
   276   59
   277   59
   278   60
   279   59
   280   59
   281   59
   282   58
   283   57
   284   57
   285   56
   286   55
   287   55
   288   54
   289   54
   290   54
   291   55
   292   55
   293   56
   294   56
   295   56
   296   56
   297   55
   298   55
   299   54
   300   54
   301   54
   302   53
   303   53
   304   51
   305   52
   306   51
   307   52
   308   52
   309   52
   310   52
   311   53
   312   53
   313   53
   314   53
   315   52
   316   51
   317   50
   318   50
   319   49
   320   49
   321   48
   322   48
   323   48
   324   47
   325   46
   326   46
   327   45
   328   43
   329   42
   330   39
   331   36
   332   33
   333   29
   334   24
   335   20
   336   16
   337   11
   338   7
   339   2
   340   -2
   341   -6
   342   -11
   343   -15
   344   -19
   345   -24
   346   -27
   347   -32
   348   -36
   349   -40
   350   -44
   351   -47
   352   -51
   353   -54
   354   -56
   355   -58
   356   -59
   357   -60
   358   -61
   359   -62
   360   -63
   361   -63
   362   -64
   363   -64
   364   -65
   365   -66
   366   -66
   367   -67
   368   -67
   369   -67
   370   -68
   371   -68
   372   -67
   373   -67
   374   -66
   375   -66
   376   -65
   377   -65
   378   -66
   379   -65
   380   -65
   381   -66
   382   -66
   383   -67
   384   -67
   385   -68
   386   -68
   387   -68
   388   -68
   389   -67
   390   -67
   391   -66
   392   -66
   393   -66
   394   -66
   395   -65
   396   -66
   397   -66
   398   -66
   399   -67
   400   -67
   401   -67
   402   -68
   403   -68
   404   -68
   405   -67
   406   -67
   407   -67
   408   -66
   409   -66
   410   -66
   411   -66
   412   -65
   413   -66
   414   -66
   415   -66
   416   -67
   417   -67
   418   -68
   419   -68
   420   -68
   421   -68
   422   -68
   423   -67
   424   -67
   425   -67
   426   -66
   427   -66
   428   -66
   429   -66
   430   -66
   431   -66
   432   -67
   433   -68
   434   -68
   435   -68
   436   -68
   437   -68
   438   -68
   439   -67
   440   -67
   441   -67
   442   -67
   443   -66
   444   -66
   445   -66
   446   -66
   447   -67
   448   -67
   449   -67
   450   -68
   451   -68
   452   -68
   453   -68
   454   -68
   455   -68
   456   -68
   457   -67
   458   -67
   459   -67
   460   -66
   461   -67
   462   -66
   463   -67
   464   -67
   465   -67
   466   -67
   467   -68
   468   -68
   469   -68
   470   -68
   471   -68
   472   -67
   473   -67
   474   -67
   475   -67
   476   -67
   477   -66
   478   -67
   479   -66
   480   -67
   481   -67
   482   -67
   483   -68
   484   -68
   485   -68
   486   -68
   487   -67
   488   -68
   489   -68
   490   -67
   491   -67
   492   -67
   493   -67
   494   -67
   495   -66
   496   -67
   497   -67
   498   -67
   499   -68
   500   -68
   501   -68
   502   -68
   503   -67
   504   -67
   505   -67
   506   -67
   507   -67
   508   -66
   509   -67
   510   -67
   511   -66
   512   -66
   513   -67
   514   -67
   515   -68
   516   -68
   517   -68
   518   -68
   519   -68
   520   -67
   521   -68
   522   -67
   523   -67
   524   -67
   525   -67
   526   -67
   527   -67
   528   -67
   529   -67
   530   -67
   531   -67
   532   -68
   533   -68
   534   -68
   535   -68
   536   -67
   537   -68
   538   -67
   539   -67
   540   -67
   541   -67
   542   -67
   543   -66
   544   -67
   545   -66
   546   -67
   547   -67
   548   -68
   549   -68
   550   -68
   551   -68
   552   -68
   553   -68
   554   -68
   555   -67
   556   -68
   557   -67
   558   -67
   559   -67
   560   -67
   561   -67
   562   -67
   563   -67
   564   -67
   565   -68
   566   -68
   567   -68
   568   -68
   569   -68
   570   -68
   571   -67
   572   -67
   573   -67
   574   -67
   575   -66
   576   -66
   577   -67
   578   -66
   579   -66
   580   -67
   581   -67
   582   -67
   583   -67
   584   -67
   585   -68
   586   -68
   587   -68
   588   -67
   589   -67
   590   -67
   591   -67
   592   -67
   593   -67
   594   -67
   595   -67
   596   -68
   597   -67
   598   -67
   599   -68
   600   -68
   601   -68
   602   -67
   603   -67
   604   -67
   605   -67
   606   -67
   607   -67
   608   -66
   609   -67
   610   -67
   611   -67
   612   -67
   613   -67
   614   -67
   615   -67
   616   -68
   617   -68
   618   -68
   619   -68
   620   -67
   621   -67
   622   -67
   623   -67
   624   -67
   625   -67
   626   -67
   627   -67
   628   -67
   629   -68
   630   -68
   631   -68
   632   -68
   633   -68
   634   -68
   635   -68
   636   -68
   637   -68
   638   -67
   639   -67
   640   -67
   641   -67
   642   -66
   643   -66
   644   -67
   645   -67
   646   -67
   647   -67
   648   -67
   649   -67
   650   -68
   651   -67
   652   -68
   653   -68
   654   -67
   655   -67
   656   -67
   657   -67
   658   -67
   659   -67
   660   -67
   661   -67
   662   -67
   663   -68
   664   -68
   665   -68
   666   -68
   667   -68
   668   -68
   669   -68
   670   -68
   671   -68
   672   -67
   673   -67
   674   -67
   675   -67
   676   -67
   677   -66
   678   -66
   679   -67
   680   -67
   681   -67
   682   -67
   683   -68
   684   -67
   685   -67
   686   -68
   687   -67
   688   -67
   689   -67
   690   -67
   691   -67
   692   -67
   693   -67
   694   -67
   695   -67
   696   -67
   697   -67
   698   -68
   699   -68
   700   -68
   701   -67
   702   -68
   703   -68
   704   -68
   705   -68
   706   -67
   707   -67
   708   -67
   709   -67
   710   -67
   711   -67
   712   -67
   713   -67
   714   -67
   715   -67
   716   -67
   717   -68
   718   -67
   719   -67
   720   -67
   721   -67
   722   -67
   723   -67
   724   -67
   725   -67
   726   -67
   727   -67
   728   -67
   729   -67
   730   -67
   731   -68
   732   -68
   733   -67
   734   -68
   735   -68
   736   -68
   737   -68
   738   -67
   739   -67
   740   -67
   741   -67
   742   -67
   743   -67
   744   -67
   745   -67
   746   -68
   747   -68
   748   -68
   749   -68
   750   -68
   751   -67
   752   -67
   753   -68
   754   -67
   755   -67
   756   -67
   757   -67
   758   -67
   759   -67
   760   -67
   761   -67
   762   -67
   763   -67
   764   -67
   765   -67
   766   -68
   767   -68
   768   -68
   769   -68
   770   -68
   771   -68
   772   -67
   773   -67
   774   -67
   775   -67
   776   -67
   777   -68
   778   -68
   779   -68
   780   -67
   781   -68
   782   -68
   783   -68
   784   -68
   785   -67
   786   -67
   787   -68
   788   -67
   789   -67
   790   -67
   791   -67
   792   -66
   793   -67
   794   -67
   795   -67
   796   -67
   797   -68
   798   -67
   799   -68
   800   -67
   801   -67
   802   -68
   803   -67
   804   -67
   805   -68
   806   -67
   807   -67
   808   -67
   809   -67
   810   -67
   811   -67
   812   -68
   813   -68
   814   -68
   815   -68
   816   -68
   817   -67
   818   -68
   819   -68
   820   -67
   821   -67
   822   -67
   823   -67
   824   -67
   825   -66
   826   -67
   827   -67
   828   -67
   829   -67
   830   -68
   831   -68
   832   -67
   833   -67
   834   -67
   835   -67
   836   -67
   837   -67
   838   -67
   839   -67
   840   -67
   841   -67
   842   -67
   843   -67
   844   -67
   845   -68
   846   -68
   847   -68
   848   -68
   849   -68
   850   -68
   851   -68
   852   -68
   853   -68
   854   -68
   855   -67
   856   -67
   857   -67
   858   -67
   859   -67
   860   -67
   861   -67
   862   -67
   863   -68
   864   -67
   865   -67
   866   -67
   867   -67
   868   -67
   869   -67
   870   -67
   871   -67
   872   -67
   873   -67
   874   -67
   875   -67
   876   -67
   877   -67
   878   -67
   879   -68
   880   -68
   881   -68
   882   -67
   883   -68
   884   -67
   885   -68
   886   -68
   887   -67
   888   -67
   889   -68
   890   -68
   891   -67
   892   -67
   893   -67
   894   -67
   895   -68
   896   -68
   897   -67
   898   -68
   899   -68
   900   -68
   901   -68
   902   -67
   903   -67
   904   -67
   905   -67
   906   -67
   907   -67
   908   -67
   909   -67
   910   -67
   911   -67
   912   -67
   913   -67
   914   -68
   915   -68
   916   -67
   917   -67
   918   -67
   919   -67
   920   -67
   921   -67
   922   -68
   923   -67
   924   -67
   925   -67
   926   -68
   927   -68
   928   -68
   929   -67
   930   -68
   931   -67
   932   -68
   933   -67
   934   -67
   935   -67
   936   -67
   937   -67
   938   -67
   939   -67
   940   -67
   941   -67
   942   -67
   943   -67
   944   -67
   945   -67
   946   -67
   947   -68
   948   -67
   949   -67
   950   -67
   951   -68
   952   -67
   953   -67
   954   -66
   955   -67
   956   -67
   957   -67
   958   -67
   959   -67
   960   -67
   961   -68
   962   -68
   963   -67
   964   -68
   965   -68
   966   -68
   967   -67
   968   -67
   969   -68
   970   -67
   971   -67
   972   -67
   973   -67
   974   -67
   975   -67
   976   -67
   977   -67
   978   -67
   979   -67
   980   -67
   981   -67
   982   -67
   983   -67
   984   -67
   985   -67
   986   -67
   987   -67
   988   -68
   989   -67
   990   -67
   991   -67
   992   -68
   993   -67
   994   -67
   995   -68
   996   -68
   997   -68
   998   -68
   999   -68
