   0   0
   1   -61
   2   -61
   3   -61
   4   -61
   5   -62
   6   -61
   7   -62
   8   -60
   9   -62
   10   -60
   11   -62
   12   -60
   13   -62
   14   -61
   15   -62
   16   -61
   17   -61
   18   -61
   19   -61
   20   -61
   21   -61
   22   -61
   23   -61
   24   -62
   25   -61
   26   -62
   27   -60
   28   -62
   29   -61
   30   -62
   31   -60
   32   -62
   33   -61
   34   -61
   35   -61
   36   -61
   37   -61
   38   -61
   39   -62
   40   -61
   41   -61
   42   -60
   43   -62
   44   -61
   45   -61
   46   -60
   47   -61
   48   -61
   49   -61
   50   -61
   51   -61
   52   -61
   53   -61
   54   -61
   55   -61
   56   -62
   57   -60
   58   -62
   59   -60
   60   -62
   61   -60
   62   -62
   63   -61
   64   -61
   65   -61
   66   -61
   67   -61
   68   -61
   69   -62
   70   -61
   71   -62
   72   -60
   73   -62
   74   -61
   75   -62
   76   -60
   77   -62
   78   -60
   79   -61
   80   -60
   81   -62
   82   -61
   83   -61
   84   -61
   85   -61
   86   -61
   87   -61
   88   -62
   89   -61
   90   -62
   91   -61
   92   -62
   93   -60
   94   -62
   95   -60
   96   -62
   97   -61
   98   -61
   99   -61
   100   -61
   101   -61
   102   -61
   103   -61
   104   -61
   105   -61
   106   -61
   107   -61
   108   -60
   109   -62
   110   -61
   111   -62
   112   -61
   113   -62
   114   -61
   115   -61
   116   -61
   117   -61
   118   -62
   119   -61
   120   -62
   121   -61
   122   -62
   123   -60
   124   -62
   125   -60
   126   -62
   127   -61
   128   -62
   129   -60
   130   -61
   131   -61
   132   -61
   133   -61
   134   -61
   135   -61
   136   -61
   137   -62
   138   -60
   139   -62
   140   -60
   141   -62
   142   -60
   143   -62
   144   -60
   145   -62
   146   -60
   147   -62
   148   -61
   149   -61
   150   -61
   151   -61
   152   -61
   153   -61
   154   -62
   155   -60
   156   -62
   157   -60
   158   -62
   159   -60
   160   -62
   161   -60
   162   -62
   163   -61
   164   -61
   165   -61
   166   -61
   167   -61
   168   -61
   169   -62
   170   -61
   171   -62
   172   -60
   173   -62
   174   -60
   175   -62
   176   -60
   177   -62
   178   -60
   179   -62
   180   -61
   181   -61
   182   -61
   183   -61
   184   -62
   185   -61
   186   -62
   187   -60
   188   -62
   189   -60
   190   -62
   191   -60
   192   -62
   193   -61
   194   -61
   195   -60
   196   -61
   197   -60
   198   -61
   199   -61
   200   -62
   201   -54
   202   38
   203   126
   204   122
   205   83
   206   39
   207   31
   208   31
   209   38
   210   39
   211   42
   212   40
   213   41
   214   39
   215   41
   216   40
   217   42
   218   41
   219   42
   220   40
   221   42
   222   41
   223   44
   224   42
   225   43
   226   41
   227   44
   228   43
   229   44
   230   43
   231   44
   232   43
   233   43
   234   44
   235   43
   236   44
   237   43
   238   45
   239   44
   240   46
   241   44
   242   45
   243   43
   244   45
   245   44
   246   45
   247   45
   248   45
   249   45
   250   45
   251   46
   252   45
   253   46
   254   45
   255   46
   256   45
   257   46
   258   45
   259   46
   260   45
   261   46
   262   45
   263   46
   264   46
   265   46
   266   46
   267   45
   268   46
   269   45
   270   47
   271   46
   272   47
   273   46
   274   47
   275   46
   276   47
   277   46
   278   47
   279   46
   280   47
   281   47
   282   46
   283   47
   284   46
   285   47
   286   46
   287   48
   288   46
   289   48
   290   46
   291   47
   292   46
   293   48
   294   47
   295   47
   296   47
   297   47
   298   47
   299   47
   300   47
   301   47
   302   48
   303   47
   304   49
   305   47
   306   48
   307   46
   308   48
   309   47
   310   48
   311   48
   312   48
   313   47
   314   47
   315   48
   316   47
   317   49
   318   47
   319   48
   320   47
   321   49
   322   47
   323   49
   324   47
   325   49
   326   47
   327   48
   328   47
   329   48
   330   47
   331   48
   332   48
   333   47
   334   48
   335   47
   336   48
   337   47
   338   47
   339   46
   340   47
   341   46
   342   47
   343   45
   344   46
   345   45
   346   45
   347   44
   348   44
   349   44
   350   43
   351   43
   352   41
   353   43
   354   40
   355   41
   356   39
   357   40
   358   38
   359   38
   360   36
   361   36
   362   35
   363   33
   364   33
   365   31
   366   31
   367   28
   368   29
   369   26
   370   27
   371   24
   372   24
   373   21
   374   22
   375   19
   376   18
   377   16
   378   15
   379   13
   380   12
   381   11
   382   9
   383   8
   384   5
   385   5
   386   3
   387   3
   388   -1
   389   -1
   390   -4
   391   -4
   392   -7
   393   -7
   394   -10
   395   -11
   396   -12
   397   -14
   398   -15
   399   -17
   400   -17
   401   -20
   402   -20
   403   -23
   404   -23
   405   -26
   406   -26
   407   -28
   408   -28
   409   -30
   410   -31
   411   -32
   412   -34
   413   -35
   414   -36
   415   -36
   416   -38
   417   -38
   418   -40
   419   -40
   420   -42
   421   -42
   422   -44
   423   -43
   424   -45
   425   -45
   426   -46
   427   -47
   428   -48
   429   -48
   430   -48
   431   -50
   432   -49
   433   -51
   434   -50
   435   -52
   436   -51
   437   -53
   438   -52
   439   -54
   440   -53
   441   -55
   442   -54
   443   -55
   444   -55
   445   -55
   446   -55
   447   -55
   448   -56
   449   -56
   450   -57
   451   -56
   452   -57
   453   -56
   454   -58
   455   -56
   456   -58
   457   -57
   458   -58
   459   -58
   460   -58
   461   -58
   462   -58
   463   -58
   464   -58
   465   -59
   466   -58
   467   -59
   468   -58
   469   -59
   470   -58
   471   -60
   472   -58
   473   -59
   474   -58
   475   -59
   476   -59
   477   -59
   478   -59
   479   -59
   480   -59
   481   -58
   482   -60
   483   -59
   484   -60
   485   -58
   486   -60
   487   -58
   488   -60
   489   -59
   490   -60
   491   -59
   492   -60
   493   -59
   494   -59
   495   -60
   496   -59
   497   -60
   498   -59
   499   -60
   500   -59
   501   -60
   502   -59
   503   -60
   504   -59
   505   -60
   506   -59
   507   -60
   508   -59
   509   -60
   510   -60
   511   -60
   512   -60
   513   -59
   514   -60
   515   -59
   516   -60
   517   -59
   518   -60
   519   -59
   520   -60
   521   -59
   522   -60
   523   -59
   524   -60
   525   -59
   526   -60
   527   -60
   528   -60
   529   -60
   530   -59
   531   -60
   532   -59
   533   -61
   534   -59
   535   -61
   536   -59
   537   -60
   538   -59
   539   -60
   540   -59
   541   -60
   542   -60
   543   -60
   544   -60
   545   -60
   546   -61
   547   -59
   548   -60
   549   -59
   550   -60
   551   -59
   552   -61
   553   -59
   554   -60
   555   -59
   556   -60
   557   -59
   558   -60
   559   -60
   560   -60
   561   -60
   562   -59
   563   -60
   564   -59
   565   -60
   566   -59
   567   -60
   568   -59
   569   -61
   570   -60
   571   -60
   572   -59
   573   -60
   574   -60
   575   -60
   576   -60
   577   -59
   578   -60
   579   -60
   580   -60
   581   -59
   582   -60
   583   -59
   584   -61
   585   -59
   586   -60
   587   -59
   588   -60
   589   -60
   590   -60
   591   -60
   592   -60
   593   -60
   594   -59
   595   -60
   596   -59
   597   -61
   598   -59
   599   -61
   600   -59
   601   -61
   602   -59
   603   -61
   604   -59
   605   -61
   606   -60
   607   -60
   608   -60
   609   -60
   610   -60
   611   -59
   612   -60
   613   -59
   614   -61
   615   -59
   616   -61
   617   -59
   618   -61
   619   -59
   620   -61
   621   -59
   622   -60
   623   -59
   624   -60
   625   -60
   626   -60
   627   -60
   628   -59
   629   -60
   630   -59
   631   -61
   632   -60
   633   -61
   634   -59
   635   -61
   636   -60
   637   -61
   638   -60
   639   -60
   640   -59
   641   -60
   642   -61
   643   -60
   644   -60
   645   -59
   646   -61
   647   -59
   648   -61
   649   -59
   650   -61
   651   -59
   652   -60
   653   -60
   654   -60
   655   -60
   656   -60
   657   -60
   658   -60
   659   -60
   660   -60
   661   -61
   662   -59
   663   -61
   664   -59
   665   -61
   666   -59
   667   -61
   668   -59
   669   -60
   670   -59
   671   -60
   672   -60
   673   -60
   674   -60
   675   -60
   676   -60
   677   -60
   678   -61
   679   -60
   680   -60
   681   -59
   682   -61
   683   -60
   684   -61
   685   -59
   686   -61
   687   -60
   688   -60
   689   -60
   690   -60
   691   -60
   692   -60
   693   -60
   694   -60
   695   -61
   696   -59
   697   -61
   698   -60
   699   -61
   700   -60
   701   -61
   702   -60
   703   -61
   704   -60
   705   -60
   706   -60
   707   -60
   708   -60
   709   -60
   710   -61
   711   -60
   712   -61
   713   -59
   714   -61
   715   -59
   716   -61
   717   -59
   718   -61
   719   -60
   720   -61
   721   -60
   722   -61
   723   -60
   724   -60
   725   -60
   726   -60
   727   -61
   728   -60
   729   -61
   730   -60
   731   -61
   732   -59
   733   -61
   734   -60
   735   -61
   736   -60
   737   -61
   738   -60
   739   -60
   740   -60
   741   -60
   742   -60
   743   -60
   744   -61
   745   -59
   746   -61
   747   -60
   748   -61
   749   -60
   750   -61
   751   -60
   752   -61
   753   -60
   754   -60
   755   -60
   756   -60
   757   -60
   758   -60
   759   -61
   760   -60
   761   -61
   762   -60
   763   -61
   764   -60
   765   -61
   766   -60
   767   -60
   768   -60
   769   -60
   770   -60
   771   -60
   772   -60
   773   -60
   774   -60
   775   -60
   776   -61
   777   -60
   778   -61
   779   -59
   780   -61
   781   -60
   782   -61
   783   -60
   784   -61
   785   -60
   786   -61
   787   -60
   788   -60
   789   -60
   790   -60
   791   -61
   792   -60
   793   -61
   794   -60
   795   -61
   796   -60
   797   -61
   798   -60
   799   -61
   800   -60
   801   -60
   802   -60
   803   -61
   804   -60
   805   -60
   806   -60
   807   -60
   808   -60
   809   -60
   810   -61
   811   -60
   812   -61
   813   -59
   814   -61
   815   -60
   816   -61
   817   -60
   818   -61
   819   -60
   820   -60
   821   -60
   822   -60
   823   -61
   824   -60
   825   -61
   826   -59
   827   -61
   828   -60
   829   -61
   830   -60
   831   -61
   832   -60
   833   -61
   834   -60
   835   -60
   836   -60
   837   -60
   838   -60
   839   -60
   840   -61
   841   -60
   842   -61
   843   -60
   844   -61
   845   -60
   846   -61
   847   -60
   848   -61
   849   -60
   850   -61
   851   -60
   852   -61
   853   -60
   854   -60
   855   -60
   856   -60
   857   -61
   858   -60
   859   -61
   860   -60
   861   -61
   862   -60
   863   -61
   864   -60
   865   -61
   866   -60
   867   -61
   868   -60
   869   -60
   870   -60
   871   -60
   872   -60
   873   -60
   874   -61
   875   -60
   876   -61
   877   -60
   878   -61
   879   -60
   880   -61
   881   -60
   882   -61
   883   -60
   884   -61
   885   -60
   886   -60
   887   -61
   888   -60
   889   -61
   890   -60
   891   -61
   892   -60
   893   -61
   894   -60
   895   -61
   896   -60
   897   -61
   898   -60
   899   -60
   900   -60
   901   -61
   902   -60
   903   -60
   904   -61
   905   -60
   906   -61
   907   -60
   908   -61
   909   -60
   910   -61
   911   -60
   912   -61
   913   -60
   914   -61
   915   -60
   916   -61
   917   -60
   918   -60
   919   -61
   920   -60
   921   -61
   922   -60
   923   -61
   924   -60
   925   -61
   926   -60
   927   -61
   928   -60
   929   -61
   930   -60
   931   -61
   932   -60
   933   -61
   934   -60
   935   -60
   936   -61
   937   -60
   938   -61
   939   -60
   940   -61
   941   -60
   942   -61
   943   -60
   944   -61
   945   -60
   946   -61
   947   -60
   948   -61
   949   -60
   950   -60
   951   -60
   952   -60
   953   -60
   954   -60
   955   -61
   956   -60
   957   -61
   958   -60
   959   -61
   960   -60
   961   -61
   962   -60
   963   -60
   964   -60
   965   -61
   966   -61
   967   -61
   968   -60
   969   -60
   970   -61
   971   -60
   972   -61
   973   -60
   974   -61
   975   -60
   976   -61
   977   -60
   978   -61
   979   -60
   980   -61
   981   -60
   982   -61
   983   -60
   984   -61
   985   -60
   986   -60
   987   -61
   988   -60
   989   -61
   990   -60
   991   -61
   992   -60
   993   -61
   994   -60
   995   -61
   996   -60
   997   -61
   998   -60
   999   -61
