   0   0
   1   -68
   2   -68
   3   -68
   4   -69
   5   -69
   6   -69
   7   -68
   8   -67
   9   -67
   10   -67
   11   -67
   12   -66
   13   -66
   14   -66
   15   -67
   16   -67
   17   -68
   18   -68
   19   -69
   20   -69
   21   -69
   22   -68
   23   -68
   24   -68
   25   -68
   26   -67
   27   -66
   28   -66
   29   -66
   30   -66
   31   -66
   32   -67
   33   -67
   34   -68
   35   -68
   36   -69
   37   -69
   38   -69
   39   -69
   40   -68
   41   -68
   42   -67
   43   -66
   44   -67
   45   -66
   46   -66
   47   -66
   48   -67
   49   -68
   50   -68
   51   -68
   52   -69
   53   -69
   54   -69
   55   -69
   56   -68
   57   -68
   58   -67
   59   -67
   60   -67
   61   -66
   62   -66
   63   -66
   64   -66
   65   -67
   66   -67
   67   -68
   68   -68
   69   -69
   70   -69
   71   -68
   72   -68
   73   -68
   74   -68
   75   -67
   76   -67
   77   -66
   78   -66
   79   -66
   80   -67
   81   -67
   82   -68
   83   -68
   84   -68
   85   -69
   86   -69
   87   -69
   88   -69
   89   -68
   90   -67
   91   -68
   92   -67
   93   -66
   94   -66
   95   -66
   96   -66
   97   -66
   98   -67
   99   -67
   100   -68
   101   -68
   102   -69
   103   -69
   104   -69
   105   -69
   106   -68
   107   -67
   108   -67
   109   -66
   110   -66
   111   -66
   112   -66
   113   -66
   114   -67
   115   -68
   116   -68
   117   -68
   118   -69
   119   -69
   120   -69
   121   -69
   122   -68
   123   -68
   124   -67
   125   -67
   126   -66
   127   -66
   128   -66
   129   -66
   130   -66
   131   -67
   132   -67
   133   -68
   134   -68
   135   -69
   136   -69
   137   -68
   138   -68
   139   -68
   140   -67
   141   -67
   142   -66
   143   -67
   144   -66
   145   -66
   146   -66
   147   -67
   148   -68
   149   -68
   150   -69
   151   -69
   152   -69
   153   -69
   154   -69
   155   -68
   156   -68
   157   -67
   158   -67
   159   -66
   160   -66
   161   -66
   162   -66
   163   -66
   164   -67
   165   -67
   166   -68
   167   -68
   168   -69
   169   -69
   170   -68
   171   -68
   172   -68
   173   -67
   174   -67
   175   -66
   176   -66
   177   -66
   178   -66
   179   -66
   180   -67
   181   -68
   182   -68
   183   -68
   184   -69
   185   -69
   186   -69
   187   -69
   188   -68
   189   -68
   190   -67
   191   -67
   192   -66
   193   -66
   194   -66
   195   -66
   196   -67
   197   -67
   198   -67
   199   -68
   200   -69
   201   -43
   202   38
   203   10
   204   6
   205   11
   206   13
   207   12
   208   15
   209   16
   210   15
   211   16
   212   17
   213   15
   214   15
   215   15
   216   15
   217   14
   218   14
   219   15
   220   16
   221   16
   222   15
   223   17
   224   18
   225   17
   226   18
   227   18
   228   17
   229   17
   230   16
   231   16
   232   16
   233   15
   234   15
   235   15
   236   15
   237   15
   238   16
   239   16
   240   17
   241   17
   242   17
   243   17
   244   17
   245   16
   246   15
   247   15
   248   15
   249   14
   250   13
   251   13
   252   13
   253   14
   254   14
   255   14
   256   15
   257   15
   258   15
   259   15
   260   15
   261   15
   262   14
   263   13
   264   13
   265   12
   266   11
   267   11
   268   12
   269   12
   270   12
   271   13
   272   13
   273   13
   274   14
   275   14
   276   14
   277   13
   278   13
   279   12
   280   12
   281   11
   282   11
   283   10
   284   10
   285   10
   286   10
   287   11
   288   11
   289   11
   290   11
   291   11
   292   11
   293   11
   294   11
   295   10
   296   10
   297   9
   298   9
   299   8
   300   8
   301   9
   302   8
   303   9
   304   9
   305   10
   306   10
   307   10
   308   11
   309   10
   310   10
   311   9
   312   9
   313   8
   314   8
   315   7
   316   7
   317   7
   318   7
   319   7
   320   8
   321   8
   322   8
   323   9
   324   9
   325   8
   326   8
   327   8
   328   7
   329   7
   330   6
   331   5
   332   5
   333   4
   334   4
   335   4
   336   4
   337   4
   338   4
   339   3
   340   2
   341   1
   342   0
   343   -2
   344   -4
   345   -7
   346   -9
   347   -12
   348   -14
   349   -16
   350   -18
   351   -21
   352   -23
   353   -25
   354   -27
   355   -29
   356   -31
   357   -33
   358   -36
   359   -38
   360   -41
   361   -44
   362   -46
   363   -49
   364   -51
   365   -53
   366   -55
   367   -56
   368   -57
   369   -58
   370   -59
   371   -60
   372   -60
   373   -61
   374   -61
   375   -62
   376   -63
   377   -64
   378   -65
   379   -66
   380   -66
   381   -67
   382   -67
   383   -67
   384   -68
   385   -67
   386   -66
   387   -66
   388   -66
   389   -66
   390   -65
   391   -66
   392   -66
   393   -66
   394   -67
   395   -67
   396   -68
   397   -68
   398   -68
   399   -68
   400   -68
   401   -68
   402   -67
   403   -67
   404   -66
   405   -66
   406   -66
   407   -66
   408   -66
   409   -66
   410   -66
   411   -67
   412   -67
   413   -68
   414   -68
   415   -68
   416   -68
   417   -68
   418   -67
   419   -67
   420   -66
   421   -66
   422   -66
   423   -66
   424   -66
   425   -66
   426   -66
   427   -67
   428   -67
   429   -68
   430   -68
   431   -68
   432   -68
   433   -68
   434   -67
   435   -67
   436   -66
   437   -66
   438   -66
   439   -66
   440   -66
   441   -66
   442   -66
   443   -67
   444   -67
   445   -67
   446   -68
   447   -68
   448   -68
   449   -68
   450   -67
   451   -67
   452   -66
   453   -66
   454   -66
   455   -66
   456   -66
   457   -66
   458   -66
   459   -67
   460   -67
   461   -67
   462   -68
   463   -68
   464   -68
   465   -68
   466   -68
   467   -67
   468   -67
   469   -67
   470   -66
   471   -67
   472   -66
   473   -66
   474   -66
   475   -67
   476   -67
   477   -67
   478   -68
   479   -68
   480   -68
   481   -68
   482   -68
   483   -68
   484   -67
   485   -67
   486   -66
   487   -66
   488   -66
   489   -66
   490   -66
   491   -66
   492   -67
   493   -67
   494   -68
   495   -68
   496   -68
   497   -68
   498   -68
   499   -68
   500   -68
   501   -67
   502   -67
   503   -66
   504   -66
   505   -66
   506   -66
   507   -66
   508   -66
   509   -67
   510   -67
   511   -68
   512   -68
   513   -68
   514   -68
   515   -68
   516   -67
   517   -67
   518   -67
   519   -67
   520   -66
   521   -66
   522   -66
   523   -66
   524   -66
   525   -67
   526   -67
   527   -68
   528   -68
   529   -68
   530   -68
   531   -68
   532   -68
   533   -67
   534   -67
   535   -67
   536   -67
   537   -66
   538   -66
   539   -66
   540   -67
   541   -67
   542   -67
   543   -67
   544   -68
   545   -68
   546   -68
   547   -68
   548   -68
   549   -68
   550   -67
   551   -67
   552   -66
   553   -66
   554   -66
   555   -66
   556   -66
   557   -67
   558   -67
   559   -67
   560   -68
   561   -68
   562   -68
   563   -68
   564   -68
   565   -68
   566   -67
   567   -67
   568   -67
   569   -66
   570   -66
   571   -67
   572   -66
   573   -67
   574   -67
   575   -67
   576   -68
   577   -68
   578   -68
   579   -68
   580   -68
   581   -68
   582   -67
   583   -67
   584   -66
   585   -66
   586   -66
   587   -66
   588   -66
   589   -66
   590   -67
   591   -67
   592   -67
   593   -68
   594   -68
   595   -68
   596   -68
   597   -68
   598   -68
   599   -67
   600   -67
   601   -67
   602   -66
   603   -66
   604   -66
   605   -67
   606   -67
   607   -67
   608   -67
   609   -68
   610   -68
   611   -68
   612   -68
   613   -67
   614   -68
   615   -67
   616   -67
   617   -67
   618   -66
   619   -66
   620   -66
   621   -66
   622   -66
   623   -67
   624   -67
   625   -68
   626   -67
   627   -68
   628   -68
   629   -68
   630   -68
   631   -68
   632   -67
   633   -67
   634   -67
   635   -67
   636   -66
   637   -67
   638   -67
   639   -67
   640   -67
   641   -67
   642   -68
   643   -68
   644   -68
   645   -68
   646   -68
   647   -68
   648   -68
   649   -67
   650   -66
   651   -66
   652   -66
   653   -66
   654   -66
   655   -67
   656   -66
   657   -67
   658   -67
   659   -68
   660   -68
   661   -68
   662   -68
   663   -67
   664   -68
   665   -67
   666   -67
   667   -67
   668   -67
   669   -66
   670   -67
   671   -67
   672   -67
   673   -67
   674   -67
   675   -68
   676   -68
   677   -68
   678   -68
   679   -68
   680   -67
   681   -67
   682   -67
   683   -67
   684   -67
   685   -66
   686   -66
   687   -66
   688   -67
   689   -67
   690   -67
   691   -67
   692   -67
   693   -68
   694   -68
   695   -67
   696   -68
   697   -67
   698   -67
   699   -67
   700   -67
   701   -66
   702   -67
   703   -67
   704   -67
   705   -67
   706   -67
   707   -68
   708   -68
   709   -68
   710   -68
   711   -68
   712   -68
   713   -68
   714   -67
   715   -67
   716   -67
   717   -66
   718   -66
   719   -66
   720   -66
   721   -66
   722   -67
   723   -67
   724   -68
   725   -67
   726   -68
   727   -68
   728   -68
   729   -67
   730   -67
   731   -67
   732   -67
   733   -67
   734   -66
   735   -66
   736   -66
   737   -67
   738   -67
   739   -67
   740   -68
   741   -68
   742   -68
   743   -68
   744   -68
   745   -68
   746   -68
   747   -67
   748   -67
   749   -67
   750   -67
   751   -66
   752   -66
   753   -67
   754   -67
   755   -67
   756   -67
   757   -68
   758   -67
   759   -68
   760   -68
   761   -68
   762   -67
   763   -67
   764   -67
   765   -67
   766   -67
   767   -66
   768   -66
   769   -67
   770   -67
   771   -66
   772   -67
   773   -68
   774   -68
   775   -68
   776   -68
   777   -68
   778   -68
   779   -67
   780   -67
   781   -67
   782   -67
   783   -66
   784   -67
   785   -66
   786   -67
   787   -67
   788   -67
   789   -67
   790   -67
   791   -68
   792   -68
   793   -68
   794   -68
   795   -67
   796   -67
   797   -67
   798   -67
   799   -67
   800   -67
   801   -67
   802   -67
   803   -67
   804   -67
   805   -67
   806   -67
   807   -68
   808   -68
   809   -68
   810   -68
   811   -68
   812   -67
   813   -67
   814   -67
   815   -67
   816   -67
   817   -67
   818   -67
   819   -67
   820   -67
   821   -67
   822   -68
   823   -67
   824   -68
   825   -68
   826   -68
   827   -68
   828   -67
   829   -67
   830   -67
   831   -67
   832   -66
   833   -66
   834   -67
   835   -66
   836   -67
   837   -67
   838   -67
   839   -67
   840   -67
   841   -68
   842   -68
   843   -68
   844   -67
   845   -67
   846   -67
   847   -67
   848   -67
   849   -67
   850   -66
   851   -67
   852   -67
   853   -67
   854   -67
   855   -67
   856   -68
   857   -68
   858   -68
   859   -67
   860   -67
   861   -67
   862   -67
   863   -67
   864   -67
   865   -66
   866   -66
   867   -67
   868   -67
   869   -67
   870   -67
   871   -67
   872   -68
   873   -68
   874   -68
   875   -68
   876   -67
   877   -68
   878   -67
   879   -67
   880   -67
   881   -67
   882   -67
   883   -66
   884   -67
   885   -66
   886   -67
   887   -67
   888   -67
   889   -68
   890   -67
   891   -68
   892   -68
   893   -67
   894   -68
   895   -67
   896   -67
   897   -67
   898   -66
   899   -67
   900   -66
   901   -66
   902   -67
   903   -67
   904   -67
   905   -67
   906   -68
   907   -68
   908   -68
   909   -67
   910   -68
   911   -67
   912   -67
   913   -67
   914   -66
   915   -67
   916   -67
   917   -67
   918   -67
   919   -67
   920   -67
   921   -67
   922   -68
   923   -68
   924   -68
   925   -68
   926   -67
   927   -67
   928   -67
   929   -67
   930   -67
   931   -67
   932   -67
   933   -67
   934   -67
   935   -67
   936   -67
   937   -67
   938   -68
   939   -68
   940   -68
   941   -67
   942   -67
   943   -67
   944   -67
   945   -67
   946   -67
   947   -67
   948   -66
   949   -67
   950   -67
   951   -67
   952   -67
   953   -68
   954   -67
   955   -68
   956   -68
   957   -68
   958   -67
   959   -67
   960   -67
   961   -67
   962   -66
   963   -67
   964   -67
   965   -66
   966   -67
   967   -67
   968   -67
   969   -67
   970   -67
   971   -67
   972   -68
   973   -68
   974   -68
   975   -67
   976   -67
   977   -67
   978   -66
   979   -67
   980   -67
   981   -66
   982   -67
   983   -67
   984   -67
   985   -67
   986   -68
   987   -67
   988   -68
   989   -68
   990   -68
   991   -67
   992   -67
   993   -67
   994   -67
   995   -66
   996   -67
   997   -66
   998   -66
   999   -67
