   0   0
   1   -61
   2   -61
   3   -61
   4   -61
   5   -61
   6   -61
   7   -61
   8   -61
   9   -61
   10   -61
   11   -61
   12   -61
   13   -61
   14   -61
   15   -61
   16   -62
   17   -60
   18   -61
   19   -60
   20   -62
   21   -61
   22   -61
   23   -61
   24   -61
   25   -61
   26   -61
   27   -61
   28   -61
   29   -61
   30   -61
   31   -61
   32   -61
   33   -61
   34   -61
   35   -62
   36   -61
   37   -61
   38   -61
   39   -61
   40   -61
   41   -61
   42   -61
   43   -61
   44   -61
   45   -61
   46   -61
   47   -61
   48   -61
   49   -61
   50   -62
   51   -61
   52   -61
   53   -61
   54   -61
   55   -61
   56   -61
   57   -61
   58   -61
   59   -61
   60   -61
   61   -61
   62   -61
   63   -62
   64   -61
   65   -61
   66   -61
   67   -61
   68   -60
   69   -61
   70   -61
   71   -61
   72   -61
   73   -61
   74   -61
   75   -61
   76   -61
   77   -61
   78   -61
   79   -61
   80   -62
   81   -60
   82   -61
   83   -60
   84   -61
   85   -61
   86   -62
   87   -60
   88   -61
   89   -61
   90   -61
   91   -61
   92   -61
   93   -61
   94   -61
   95   -61
   96   -61
   97   -61
   98   -61
   99   -61
   100   -61
   101   -62
   102   -61
   103   -61
   104   -61
   105   -61
   106   -61
   107   -61
   108   -61
   109   -61
   110   -61
   111   -61
   112   -61
   113   -61
   114   -61
   115   -61
   116   -61
   117   -61
   118   -61
   119   -61
   120   -61
   121   -61
   122   -61
   123   -61
   124   -61
   125   -61
   126   -61
   127   -61
   128   -61
   129   -61
   130   -61
   131   -62
   132   -61
   133   -61
   134   -61
   135   -61
   136   -60
   137   -61
   138   -61
   139   -61
   140   -61
   141   -61
   142   -61
   143   -61
   144   -61
   145   -61
   146   -61
   147   -61
   148   -61
   149   -61
   150   -61
   151   -61
   152   -61
   153   -61
   154   -61
   155   -61
   156   -61
   157   -61
   158   -61
   159   -61
   160   -61
   161   -61
   162   -61
   163   -61
   164   -61
   165   -61
   166   -61
   167   -61
   168   -61
   169   -61
   170   -61
   171   -61
   172   -61
   173   -61
   174   -61
   175   -61
   176   -61
   177   -61
   178   -61
   179   -61
   180   -61
   181   -61
   182   -61
   183   -61
   184   -61
   185   -61
   186   -61
   187   -61
   188   -61
   189   -61
   190   -61
   191   -61
   192   -61
   193   -62
   194   -60
   195   -62
   196   -60
   197   -62
   198   -60
   199   -61
   200   -61
   201   -60
   202   -38
   203   -4
   204   -1
   205   -8
   206   -15
   207   -15
   208   -16
   209   -14
   210   -14
   211   -12
   212   -13
   213   -12
   214   -13
   215   -11
   216   -12
   217   -11
   218   -12
   219   -11
   220   -11
   221   -11
   222   -10
   223   -9
   224   -9
   225   -10
   226   -9
   227   -9
   228   -8
   229   -8
   230   -8
   231   -8
   232   -7
   233   -8
   234   -7
   235   -7
   236   -6
   237   -6
   238   -6
   239   -5
   240   -5
   241   -5
   242   -5
   243   -4
   244   -5
   245   -4
   246   -4
   247   -3
   248   -3
   249   -3
   250   -3
   251   -2
   252   -2
   253   -2
   254   -1
   255   -1
   256   -1
   257   -1
   258   0
   259   -1
   260   0
   261   0
   262   1
   263   1
   264   2
   265   1
   266   2
   267   2
   268   3
   269   2
   270   3
   271   3
   272   4
   273   4
   274   4
   275   5
   276   5
   277   5
   278   5
   279   6
   280   6
   281   7
   282   7
   283   7
   284   7
   285   8
   286   8
   287   8
   288   9
   289   9
   290   9
   291   9
   292   10
   293   10
   294   11
   295   11
   296   11
   297   11
   298   12
   299   12
   300   12
   301   12
   302   13
   303   13
   304   13
   305   14
   306   13
   307   14
   308   13
   309   14
   310   13
   311   14
   312   13
   313   14
   314   12
   315   13
   316   12
   317   12
   318   11
   319   10
   320   10
   321   9
   322   8
   323   7
   324   6
   325   4
   326   4
   327   1
   328   1
   329   -1
   330   -2
   331   -4
   332   -5
   333   -7
   334   -9
   335   -11
   336   -12
   337   -14
   338   -16
   339   -18
   340   -20
   341   -21
   342   -23
   343   -24
   344   -27
   345   -28
   346   -31
   347   -31
   348   -34
   349   -35
   350   -37
   351   -38
   352   -39
   353   -40
   354   -41
   355   -43
   356   -44
   357   -46
   358   -46
   359   -48
   360   -48
   361   -49
   362   -49
   363   -51
   364   -51
   365   -52
   366   -52
   367   -53
   368   -53
   369   -54
   370   -55
   371   -55
   372   -55
   373   -55
   374   -56
   375   -56
   376   -57
   377   -56
   378   -57
   379   -56
   380   -58
   381   -57
   382   -58
   383   -57
   384   -58
   385   -58
   386   -58
   387   -58
   388   -58
   389   -58
   390   -58
   391   -59
   392   -58
   393   -59
   394   -58
   395   -59
   396   -58
   397   -59
   398   -58
   399   -59
   400   -58
   401   -59
   402   -59
   403   -59
   404   -59
   405   -58
   406   -59
   407   -59
   408   -59
   409   -58
   410   -59
   411   -58
   412   -59
   413   -59
   414   -59
   415   -58
   416   -59
   417   -59
   418   -59
   419   -59
   420   -58
   421   -59
   422   -58
   423   -59
   424   -58
   425   -59
   426   -59
   427   -59
   428   -59
   429   -59
   430   -59
   431   -59
   432   -59
   433   -59
   434   -59
   435   -59
   436   -59
   437   -59
   438   -59
   439   -58
   440   -59
   441   -59
   442   -59
   443   -58
   444   -59
   445   -58
   446   -59
   447   -58
   448   -59
   449   -59
   450   -59
   451   -59
   452   -59
   453   -59
   454   -59
   455   -59
   456   -59
   457   -59
   458   -58
   459   -59
   460   -59
   461   -59
   462   -59
   463   -59
   464   -59
   465   -59
   466   -59
   467   -59
   468   -59
   469   -59
   470   -59
   471   -59
   472   -59
   473   -58
   474   -59
   475   -59
   476   -59
   477   -59
   478   -59
   479   -59
   480   -59
   481   -59
   482   -59
   483   -59
   484   -59
   485   -59
   486   -59
   487   -59
   488   -59
   489   -60
   490   -59
   491   -59
   492   -58
   493   -59
   494   -59
   495   -60
   496   -59
   497   -59
   498   -59
   499   -59
   500   -59
   501   -59
   502   -59
   503   -59
   504   -60
   505   -59
   506   -60
   507   -59
   508   -60
   509   -59
   510   -60
   511   -59
   512   -59
   513   -59
   514   -59
   515   -59
   516   -59
   517   -59
   518   -59
   519   -60
   520   -59
   521   -60
   522   -59
   523   -60
   524   -59
   525   -59
   526   -58
   527   -59
   528   -59
   529   -60
   530   -59
   531   -59
   532   -59
   533   -59
   534   -59
   535   -59
   536   -59
   537   -59
   538   -60
   539   -59
   540   -60
   541   -59
   542   -60
   543   -59
   544   -60
   545   -59
   546   -59
   547   -59
   548   -59
   549   -59
   550   -59
   551   -60
   552   -59
   553   -60
   554   -59
   555   -60
   556   -59
   557   -60
   558   -59
   559   -60
   560   -59
   561   -59
   562   -59
   563   -60
   564   -59
   565   -59
   566   -59
   567   -59
   568   -59
   569   -59
   570   -60
   571   -59
   572   -60
   573   -59
   574   -60
   575   -59
   576   -60
   577   -59
   578   -60
   579   -59
   580   -60
   581   -59
   582   -60
   583   -60
   584   -59
   585   -60
   586   -59
   587   -60
   588   -59
   589   -60
   590   -59
   591   -60
   592   -59
   593   -60
   594   -59
   595   -60
   596   -59
   597   -59
   598   -59
   599   -59
   600   -60
   601   -59
   602   -60
   603   -59
   604   -60
   605   -59
   606   -60
   607   -59
   608   -60
   609   -59
   610   -59
   611   -59
   612   -60
   613   -59
   614   -60
   615   -60
   616   -59
   617   -60
   618   -59
   619   -60
   620   -59
   621   -60
   622   -59
   623   -60
   624   -59
   625   -60
   626   -59
   627   -60
   628   -59
   629   -60
   630   -60
   631   -60
   632   -60
   633   -60
   634   -60
   635   -59
   636   -60
   637   -59
   638   -60
   639   -59
   640   -60
   641   -59
   642   -60
   643   -59
   644   -60
   645   -59
   646   -60
   647   -60
   648   -59
   649   -60
   650   -59
   651   -60
   652   -59
   653   -60
   654   -59
   655   -60
   656   -59
   657   -60
   658   -59
   659   -60
   660   -59
   661   -60
   662   -60
   663   -60
   664   -60
   665   -59
   666   -60
   667   -59
   668   -60
   669   -59
   670   -60
   671   -59
   672   -60
   673   -59
   674   -60
   675   -60
   676   -60
   677   -59
   678   -60
   679   -60
   680   -60
   681   -60
   682   -59
   683   -60
   684   -59
   685   -60
   686   -59
   687   -60
   688   -59
   689   -60
   690   -60
   691   -60
   692   -59
   693   -60
   694   -60
   695   -60
   696   -60
   697   -60
   698   -60
   699   -59
   700   -60
   701   -59
   702   -60
   703   -59
   704   -60
   705   -59
   706   -60
   707   -59
   708   -60
   709   -59
   710   -60
   711   -60
   712   -59
   713   -60
   714   -60
   715   -60
   716   -59
   717   -60
   718   -59
   719   -60
   720   -59
   721   -60
   722   -59
   723   -60
   724   -59
   725   -60
   726   -59
   727   -60
   728   -60
   729   -60
   730   -60
   731   -59
   732   -60
   733   -59
   734   -60
   735   -59
   736   -60
   737   -59
   738   -60
   739   -59
   740   -60
   741   -60
   742   -60
   743   -59
   744   -60
   745   -60
   746   -60
   747   -60
   748   -59
   749   -60
   750   -59
   751   -60
   752   -59
   753   -60
   754   -59
   755   -60
   756   -59
   757   -60
   758   -60
   759   -60
   760   -59
   761   -60
   762   -60
   763   -59
   764   -60
   765   -59
   766   -60
   767   -59
   768   -60
   769   -59
   770   -60
   771   -59
   772   -60
   773   -59
   774   -60
   775   -60
   776   -60
   777   -60
   778   -60
   779   -60
   780   -60
   781   -60
   782   -59
   783   -60
   784   -59
   785   -60
   786   -59
   787   -60
   788   -59
   789   -60
   790   -60
   791   -60
   792   -60
   793   -60
   794   -60
   795   -60
   796   -60
   797   -60
   798   -60
   799   -59
   800   -60
   801   -59
   802   -60
   803   -59
   804   -60
   805   -60
   806   -60
   807   -60
   808   -60
   809   -60
   810   -60
   811   -60
   812   -60
   813   -60
   814   -59
   815   -60
   816   -59
   817   -61
   818   -59
   819   -61
   820   -60
   821   -60
   822   -59
   823   -60
   824   -60
   825   -60
   826   -60
   827   -60
   828   -60
   829   -59
   830   -60
   831   -59
   832   -61
   833   -59
   834   -61
   835   -59
   836   -60
   837   -59
   838   -61
   839   -59
   840   -60
   841   -60
   842   -60
   843   -60
   844   -60
   845   -60
   846   -60
   847   -60
   848   -60
   849   -60
   850   -59
   851   -60
   852   -60
   853   -60
   854   -60
   855   -60
   856   -60
   857   -60
   858   -60
   859   -60
   860   -60
   861   -59
   862   -60
   863   -60
   864   -60
   865   -59
   866   -60
   867   -59
   868   -61
   869   -59
   870   -60
   871   -60
   872   -60
   873   -60
   874   -60
   875   -60
   876   -60
   877   -60
   878   -60
   879   -60
   880   -60
   881   -61
   882   -59
   883   -61
   884   -59
   885   -61
   886   -59
   887   -60
   888   -59
   889   -61
   890   -60
   891   -60
   892   -60
   893   -60
   894   -60
   895   -60
   896   -60
   897   -60
   898   -60
   899   -59
   900   -61
   901   -60
   902   -61
   903   -60
   904   -60
   905   -60
   906   -60
   907   -60
   908   -60
   909   -60
   910   -60
   911   -60
   912   -60
   913   -60
   914   -60
   915   -60
   916   -60
   917   -60
   918   -60
   919   -60
   920   -60
   921   -61
   922   -60
   923   -60
   924   -60
   925   -60
   926   -60
   927   -60
   928   -61
   929   -59
   930   -61
   931   -59
   932   -60
   933   -60
   934   -61
   935   -59
   936   -60
   937   -60
   938   -60
   939   -60
   940   -60
   941   -60
   942   -60
   943   -60
   944   -59
   945   -61
   946   -59
   947   -61
   948   -59
   949   -61
   950   -59
   951   -61
   952   -60
   953   -60
   954   -59
   955   -60
   956   -60
   957   -60
   958   -60
   959   -60
   960   -60
   961   -60
   962   -60
   963   -60
   964   -61
   965   -59
   966   -61
   967   -59
   968   -61
   969   -60
   970   -61
   971   -60
   972   -60
   973   -60
   974   -60
   975   -60
   976   -60
   977   -61
   978   -60
   979   -61
   980   -59
   981   -61
   982   -60
   983   -60
   984   -60
   985   -61
   986   -60
   987   -60
   988   -60
   989   -60
   990   -60
   991   -60
   992   -61
   993   -60
   994   -61
   995   -59
   996   -61
   997   -59
   998   -61
   999   -59
