   0   0
   1   -62
   2   -61
   3   -62
   4   -61
   5   -62
   6   -61
   7   -62
   8   -61
   9   -62
   10   -61
   11   -62
   12   -61
   13   -61
   14   -61
   15   -62
   16   -61
   17   -61
   18   -61
   19   -61
   20   -62
   21   -61
   22   -62
   23   -61
   24   -62
   25   -61
   26   -62
   27   -60
   28   -62
   29   -61
   30   -62
   31   -61
   32   -61
   33   -62
   34   -61
   35   -62
   36   -61
   37   -62
   38   -60
   39   -62
   40   -60
   41   -62
   42   -60
   43   -62
   44   -61
   45   -62
   46   -61
   47   -62
   48   -61
   49   -61
   50   -61
   51   -60
   52   -62
   53   -61
   54   -62
   55   -60
   56   -62
   57   -60
   58   -62
   59   -60
   60   -62
   61   -61
   62   -62
   63   -61
   64   -62
   65   -61
   66   -61
   67   -62
   68   -61
   69   -62
   70   -60
   71   -62
   72   -60
   73   -62
   74   -60
   75   -62
   76   -60
   77   -62
   78   -61
   79   -62
   80   -61
   81   -62
   82   -61
   83   -61
   84   -62
   85   -61
   86   -62
   87   -60
   88   -62
   89   -60
   90   -62
   91   -61
   92   -63
   93   -61
   94   -62
   95   -61
   96   -62
   97   -61
   98   -62
   99   -61
   100   -61
   101   -61
   102   -61
   103   -62
   104   -61
   105   -62
   106   -60
   107   -62
   108   -60
   109   -62
   110   -61
   111   -62
   112   -61
   113   -62
   114   -61
   115   -61
   116   -61
   117   -61
   118   -62
   119   -61
   120   -62
   121   -61
   122   -62
   123   -60
   124   -62
   125   -61
   126   -62
   127   -60
   128   -62
   129   -61
   130   -61
   131   -61
   132   -61
   133   -62
   134   -61
   135   -62
   136   -61
   137   -62
   138   -60
   139   -62
   140   -60
   141   -62
   142   -60
   143   -62
   144   -60
   145   -61
   146   -61
   147   -61
   148   -62
   149   -61
   150   -61
   151   -61
   152   -62
   153   -60
   154   -62
   155   -60
   156   -62
   157   -61
   158   -62
   159   -60
   160   -62
   161   -61
   162   -62
   163   -61
   164   -61
   165   -61
   166   -61
   167   -62
   168   -61
   169   -62
   170   -60
   171   -62
   172   -60
   173   -62
   174   -60
   175   -62
   176   -61
   177   -62
   178   -61
   179   -61
   180   -61
   181   -61
   182   -62
   183   -61
   184   -62
   185   -60
   186   -62
   187   -60
   188   -62
   189   -60
   190   -63
   191   -60
   192   -62
   193   -61
   194   -61
   195   -61
   196   -61
   197   -61
   198   -61
   199   -61
   200   -61
   201   -60
   202   -27
   203   23
   204   40
   205   40
   206   37
   207   35
   208   35
   209   37
   210   38
   211   39
   212   39
   213   41
   214   40
   215   42
   216   41
   217   43
   218   41
   219   43
   220   41
   221   44
   222   42
   223   45
   224   43
   225   44
   226   43
   227   44
   228   44
   229   44
   230   44
   231   44
   232   45
   233   43
   234   45
   235   43
   236   45
   237   43
   238   45
   239   44
   240   46
   241   44
   242   45
   243   43
   244   44
   245   44
   246   45
   247   45
   248   44
   249   45
   250   43
   251   45
   252   43
   253   45
   254   43
   255   45
   256   43
   257   45
   258   43
   259   44
   260   43
   261   43
   262   44
   263   44
   264   44
   265   43
   266   44
   267   42
   268   44
   269   42
   270   44
   271   42
   272   44
   273   42
   274   44
   275   42
   276   43
   277   42
   278   42
   279   42
   280   42
   281   43
   282   42
   283   43
   284   41
   285   43
   286   41
   287   43
   288   41
   289   43
   290   41
   291   42
   292   41
   293   42
   294   41
   295   41
   296   41
   297   41
   298   42
   299   40
   300   42
   301   40
   302   42
   303   40
   304   42
   305   40
   306   41
   307   40
   308   41
   309   40
   310   41
   311   41
   312   40
   313   41
   314   39
   315   41
   316   39
   317   41
   318   39
   319   41
   320   39
   321   41
   322   39
   323   40
   324   38
   325   39
   326   39
   327   40
   328   40
   329   39
   330   39
   331   38
   332   39
   333   38
   334   40
   335   38
   336   39
   337   38
   338   39
   339   37
   340   39
   341   38
   342   38
   343   37
   344   38
   345   38
   346   37
   347   38
   348   37
   349   38
   350   37
   351   38
   352   36
   353   38
   354   36
   355   38
   356   36
   357   37
   358   37
   359   36
   360   36
   361   36
   362   37
   363   36
   364   37
   365   36
   366   37
   367   35
   368   37
   369   35
   370   37
   371   35
   372   36
   373   35
   374   36
   375   35
   376   35
   377   35
   378   35
   379   36
   380   35
   381   36
   382   34
   383   36
   384   33
   385   36
   386   34
   387   35
   388   34
   389   35
   390   34
   391   35
   392   34
   393   34
   394   34
   395   34
   396   35
   397   33
   398   34
   399   32
   400   34
   401   32
   402   33
   403   31
   404   32
   405   30
   406   30
   407   28
   408   27
   409   26
   410   24
   411   23
   412   21
   413   20
   414   16
   415   15
   416   11
   417   11
   418   7
   419   6
   420   1
   421   0
   422   -4
   423   -6
   424   -9
   425   -12
   426   -14
   427   -18
   428   -20
   429   -24
   430   -25
   431   -29
   432   -30
   433   -34
   434   -35
   435   -39
   436   -39
   437   -43
   438   -43
   439   -46
   440   -47
   441   -49
   442   -50
   443   -51
   444   -53
   445   -53
   446   -56
   447   -55
   448   -57
   449   -56
   450   -58
   451   -57
   452   -59
   453   -58
   454   -59
   455   -58
   456   -60
   457   -59
   458   -60
   459   -60
   460   -60
   461   -60
   462   -59
   463   -61
   464   -60
   465   -61
   466   -59
   467   -61
   468   -59
   469   -61
   470   -60
   471   -61
   472   -60
   473   -61
   474   -60
   475   -60
   476   -61
   477   -60
   478   -61
   479   -60
   480   -61
   481   -59
   482   -61
   483   -60
   484   -61
   485   -59
   486   -61
   487   -60
   488   -61
   489   -60
   490   -61
   491   -60
   492   -60
   493   -61
   494   -60
   495   -61
   496   -60
   497   -61
   498   -59
   499   -61
   500   -59
   501   -62
   502   -59
   503   -61
   504   -60
   505   -61
   506   -60
   507   -61
   508   -60
   509   -61
   510   -61
   511   -60
   512   -61
   513   -60
   514   -61
   515   -60
   516   -62
   517   -60
   518   -61
   519   -60
   520   -61
   521   -60
   522   -61
   523   -61
   524   -61
   525   -61
   526   -61
   527   -61
   528   -60
   529   -61
   530   -60
   531   -61
   532   -60
   533   -62
   534   -60
   535   -61
   536   -60
   537   -61
   538   -61
   539   -61
   540   -61
   541   -61
   542   -61
   543   -60
   544   -62
   545   -61
   546   -62
   547   -60
   548   -61
   549   -60
   550   -62
   551   -60
   552   -62
   553   -61
   554   -61
   555   -61
   556   -61
   557   -61
   558   -61
   559   -61
   560   -60
   561   -61
   562   -60
   563   -62
   564   -60
   565   -62
   566   -60
   567   -62
   568   -60
   569   -62
   570   -60
   571   -61
   572   -60
   573   -61
   574   -61
   575   -61
   576   -61
   577   -60
   578   -61
   579   -60
   580   -62
   581   -60
   582   -62
   583   -60
   584   -62
   585   -60
   586   -62
   587   -60
   588   -61
   589   -61
   590   -61
   591   -61
   592   -61
   593   -62
   594   -60
   595   -62
   596   -60
   597   -62
   598   -60
   599   -62
   600   -60
   601   -61
   602   -60
   603   -61
   604   -61
   605   -60
   606   -61
   607   -61
   608   -62
   609   -60
   610   -62
   611   -60
   612   -62
   613   -60
   614   -62
   615   -60
   616   -62
   617   -60
   618   -62
   619   -61
   620   -61
   621   -60
   622   -61
   623   -61
   624   -61
   625   -61
   626   -60
   627   -61
   628   -60
   629   -62
   630   -60
   631   -62
   632   -60
   633   -62
   634   -61
   635   -61
   636   -61
   637   -61
   638   -61
   639   -61
   640   -61
   641   -60
   642   -62
   643   -60
   644   -62
   645   -60
   646   -61
   647   -60
   648   -62
   649   -60
   650   -62
   651   -60
   652   -61
   653   -61
   654   -61
   655   -61
   656   -61
   657   -61
   658   -60
   659   -61
   660   -60
   661   -62
   662   -60
   663   -62
   664   -60
   665   -62
   666   -60
   667   -61
   668   -60
   669   -61
   670   -61
   671   -61
   672   -61
   673   -60
   674   -61
   675   -60
   676   -62
   677   -60
   678   -62
   679   -60
   680   -62
   681   -60
   682   -62
   683   -61
   684   -61
   685   -60
   686   -61
   687   -61
   688   -61
   689   -62
   690   -61
   691   -62
   692   -60
   693   -61
   694   -60
   695   -62
   696   -60
   697   -62
   698   -60
   699   -61
   700   -60
   701   -61
   702   -61
   703   -61
   704   -61
   705   -61
   706   -61
   707   -61
   708   -62
   709   -60
   710   -62
   711   -60
   712   -62
   713   -60
   714   -62
   715   -61
   716   -62
   717   -60
   718   -61
   719   -61
   720   -61
   721   -62
   722   -61
   723   -61
   724   -60
   725   -62
   726   -60
   727   -62
   728   -60
   729   -62
   730   -60
   731   -62
   732   -61
   733   -62
   734   -60
   735   -61
   736   -61
   737   -61
   738   -61
   739   -61
   740   -62
   741   -60
   742   -61
   743   -60
   744   -62
   745   -61
   746   -62
   747   -60
   748   -61
   749   -60
   750   -61
   751   -60
   752   -61
   753   -61
   754   -61
   755   -62
   756   -61
   757   -62
   758   -60
   759   -62
   760   -60
   761   -62
   762   -60
   763   -61
   764   -61
   765   -61
   766   -61
   767   -61
   768   -61
   769   -61
   770   -61
   771   -61
   772   -61
   773   -60
   774   -62
   775   -60
   776   -62
   777   -60
   778   -62
   779   -61
   780   -62
   781   -60
   782   -61
   783   -61
   784   -61
   785   -61
   786   -61
   787   -61
   788   -60
   789   -62
   790   -60
   791   -61
   792   -60
   793   -62
   794   -60
   795   -62
   796   -60
   797   -62
   798   -60
   799   -62
   800   -61
   801   -61
   802   -61
   803   -61
   804   -61
   805   -61
   806   -62
   807   -61
   808   -62
   809   -60
   810   -62
   811   -60
   812   -62
   813   -60
   814   -62
   815   -61
   816   -61
   817   -61
   818   -61
   819   -61
   820   -61
   821   -61
   822   -61
   823   -62
   824   -60
   825   -62
   826   -60
   827   -62
   828   -60
   829   -62
   830   -60
   831   -61
   832   -60
   833   -61
   834   -61
   835   -61
   836   -61
   837   -61
   838   -61
   839   -60
   840   -62
   841   -60
   842   -62
   843   -60
   844   -62
   845   -60
   846   -62
   847   -60
   848   -61
   849   -60
   850   -61
   851   -61
   852   -61
   853   -62
   854   -61
   855   -61
   856   -60
   857   -61
   858   -61
   859   -62
   860   -60
   861   -62
   862   -60
   863   -61
   864   -61
   865   -61
   866   -61
   867   -61
   868   -61
   869   -61
   870   -61
   871   -60
   872   -62
   873   -61
   874   -62
   875   -60
   876   -62
   877   -60
   878   -61
   879   -60
   880   -61
   881   -61
   882   -61
   883   -61
   884   -61
   885   -62
   886   -60
   887   -61
   888   -60
   889   -62
   890   -60
   891   -62
   892   -60
   893   -62
   894   -60
   895   -61
   896   -60
   897   -61
   898   -61
   899   -61
   900   -61
   901   -61
   902   -62
   903   -61
   904   -62
   905   -60
   906   -62
   907   -60
   908   -62
   909   -60
   910   -62
   911   -60
   912   -62
   913   -61
   914   -61
   915   -61
   916   -61
   917   -61
   918   -61
   919   -61
   920   -61
   921   -61
   922   -60
   923   -62
   924   -60
   925   -62
   926   -60
   927   -62
   928   -61
   929   -62
   930   -61
   931   -61
   932   -60
   933   -61
   934   -61
   935   -61
   936   -62
   937   -60
   938   -62
   939   -61
   940   -62
   941   -60
   942   -62
   943   -60
   944   -61
   945   -61
   946   -62
   947   -61
   948   -61
   949   -61
   950   -61
   951   -62
   952   -60
   953   -62
   954   -60
   955   -62
   956   -60
   957   -62
   958   -60
   959   -62
   960   -60
   961   -62
   962   -60
   963   -61
   964   -61
   965   -61
   966   -61
   967   -61
   968   -61
   969   -61
   970   -62
   971   -60
   972   -62
   973   -60
   974   -62
   975   -60
   976   -62
   977   -60
   978   -62
   979   -61
   980   -61
   981   -61
   982   -61
   983   -61
   984   -61
   985   -61
   986   -61
   987   -61
   988   -60
   989   -61
   990   -61
   991   -61
   992   -60
   993   -61
   994   -61
   995   -61
   996   -61
   997   -61
   998   -61
   999   -61
