   0   0
   1   -61
   2   -60
   3   -62
   4   -60
   5   -62
   6   -60
   7   -62
   8   -60
   9   -61
   10   -60
   11   -61
   12   -61
   13   -61
   14   -61
   15   -61
   16   -61
   17   -60
   18   -62
   19   -60
   20   -62
   21   -61
   22   -62
   23   -60
   24   -62
   25   -61
   26   -61
   27   -61
   28   -61
   29   -61
   30   -61
   31   -61
   32   -60
   33   -62
   34   -60
   35   -62
   36   -60
   37   -62
   38   -60
   39   -62
   40   -60
   41   -62
   42   -60
   43   -61
   44   -61
   45   -61
   46   -61
   47   -61
   48   -61
   49   -61
   50   -62
   51   -61
   52   -62
   53   -60
   54   -62
   55   -60
   56   -62
   57   -61
   58   -61
   59   -60
   60   -61
   61   -61
   62   -61
   63   -61
   64   -60
   65   -61
   66   -61
   67   -62
   68   -60
   69   -62
   70   -60
   71   -62
   72   -61
   73   -62
   74   -61
   75   -61
   76   -61
   77   -61
   78   -61
   79   -61
   80   -61
   81   -61
   82   -62
   83   -60
   84   -62
   85   -60
   86   -62
   87   -60
   88   -62
   89   -60
   90   -61
   91   -61
   92   -61
   93   -61
   94   -61
   95   -61
   96   -60
   97   -61
   98   -60
   99   -62
   100   -61
   101   -61
   102   -60
   103   -62
   104   -60
   105   -62
   106   -60
   107   -62
   108   -61
   109   -61
   110   -61
   111   -61
   112   -61
   113   -61
   114   -61
   115   -60
   116   -62
   117   -61
   118   -62
   119   -60
   120   -62
   121   -61
   122   -61
   123   -61
   124   -62
   125   -61
   126   -61
   127   -61
   128   -61
   129   -61
   130   -60
   131   -61
   132   -61
   133   -62
   134   -60
   135   -61
   136   -60
   137   -61
   138   -60
   139   -61
   140   -61
   141   -61
   142   -61
   143   -61
   144   -61
   145   -61
   146   -61
   147   -61
   148   -62
   149   -60
   150   -61
   151   -60
   152   -61
   153   -60
   154   -62
   155   -60
   156   -61
   157   -61
   158   -61
   159   -61
   160   -61
   161   -61
   162   -60
   163   -61
   164   -60
   165   -62
   166   -60
   167   -62
   168   -60
   169   -62
   170   -60
   171   -62
   172   -60
   173   -62
   174   -61
   175   -61
   176   -61
   177   -61
   178   -61
   179   -60
   180   -61
   181   -60
   182   -62
   183   -60
   184   -61
   185   -60
   186   -62
   187   -60
   188   -61
   189   -60
   190   -61
   191   -61
   192   -61
   193   -62
   194   -60
   195   -61
   196   -60
   197   -62
   198   -60
   199   -61
   200   -61
   201   -59
   202   -17
   203   52
   204   78
   205   78
   206   71
   207   67
   208   65
   209   67
   210   66
   211   69
   212   67
   213   69
   214   67
   215   69
   216   67
   217   69
   218   67
   219   68
   220   67
   221   68
   222   68
   223   69
   224   68
   225   68
   226   68
   227   68
   228   69
   229   67
   230   68
   231   67
   232   69
   233   67
   234   68
   235   67
   236   69
   237   67
   238   68
   239   68
   240   69
   241   68
   242   68
   243   67
   244   67
   245   68
   246   68
   247   69
   248   67
   249   68
   250   67
   251   68
   252   67
   253   68
   254   67
   255   67
   256   67
   257   68
   258   68
   259   68
   260   68
   261   67
   262   68
   263   67
   264   68
   265   67
   266   68
   267   66
   268   68
   269   67
   270   68
   271   67
   272   68
   273   67
   274   67
   275   68
   276   67
   277   68
   278   66
   279   67
   280   66
   281   68
   282   67
   283   68
   284   66
   285   67
   286   66
   287   67
   288   67
   289   67
   290   67
   291   67
   292   67
   293   66
   294   67
   295   66
   296   67
   297   66
   298   67
   299   66
   300   67
   301   66
   302   67
   303   66
   304   67
   305   66
   306   67
   307   67
   308   66
   309   67
   310   66
   311   67
   312   66
   313   67
   314   65
   315   66
   316   65
   317   67
   318   65
   319   66
   320   66
   321   66
   322   66
   323   66
   324   66
   325   66
   326   66
   327   65
   328   66
   329   65
   330   66
   331   65
   332   66
   333   65
   334   66
   335   64
   336   65
   337   65
   338   66
   339   65
   340   65
   341   65
   342   64
   343   66
   344   65
   345   66
   346   65
   347   65
   348   63
   349   65
   350   64
   351   65
   352   64
   353   65
   354   64
   355   64
   356   64
   357   64
   358   64
   359   64
   360   64
   361   64
   362   64
   363   63
   364   64
   365   63
   366   64
   367   63
   368   64
   369   63
   370   64
   371   63
   372   63
   373   63
   374   63
   375   63
   376   63
   377   63
   378   62
   379   63
   380   62
   381   63
   382   62
   383   62
   384   60
   385   60
   386   59
   387   58
   388   57
   389   54
   390   53
   391   50
   392   49
   393   44
   394   42
   395   36
   396   33
   397   27
   398   23
   399   16
   400   11
   401   5
   402   0
   403   -7
   404   -12
   405   -18
   406   -23
   407   -28
   408   -33
   409   -36
   410   -40
   411   -42
   412   -46
   413   -48
   414   -51
   415   -51
   416   -53
   417   -54
   418   -56
   419   -56
   420   -57
   421   -57
   422   -58
   423   -59
   424   -58
   425   -59
   426   -59
   427   -60
   428   -59
   429   -60
   430   -58
   431   -60
   432   -59
   433   -60
   434   -59
   435   -60
   436   -59
   437   -59
   438   -59
   439   -60
   440   -60
   441   -59
   442   -60
   443   -59
   444   -60
   445   -59
   446   -60
   447   -60
   448   -60
   449   -60
   450   -60
   451   -60
   452   -60
   453   -60
   454   -60
   455   -60
   456   -60
   457   -60
   458   -59
   459   -60
   460   -59
   461   -61
   462   -60
   463   -60
   464   -60
   465   -61
   466   -60
   467   -60
   468   -59
   469   -60
   470   -60
   471   -60
   472   -60
   473   -60
   474   -60
   475   -59
   476   -60
   477   -59
   478   -61
   479   -60
   480   -60
   481   -59
   482   -60
   483   -60
   484   -61
   485   -60
   486   -60
   487   -60
   488   -60
   489   -60
   490   -60
   491   -61
   492   -60
   493   -60
   494   -59
   495   -61
   496   -60
   497   -60
   498   -60
   499   -60
   500   -60
   501   -60
   502   -60
   503   -60
   504   -61
   505   -60
   506   -61
   507   -60
   508   -61
   509   -60
   510   -61
   511   -60
   512   -61
   513   -60
   514   -61
   515   -60
   516   -61
   517   -61
   518   -60
   519   -61
   520   -60
   521   -60
   522   -60
   523   -61
   524   -60
   525   -61
   526   -60
   527   -61
   528   -60
   529   -61
   530   -60
   531   -61
   532   -60
   533   -61
   534   -60
   535   -60
   536   -61
   537   -60
   538   -61
   539   -60
   540   -61
   541   -60
   542   -61
   543   -60
   544   -61
   545   -60
   546   -61
   547   -60
   548   -60
   549   -60
   550   -61
   551   -60
   552   -60
   553   -61
   554   -60
   555   -61
   556   -60
   557   -61
   558   -60
   559   -61
   560   -60
   561   -61
   562   -60
   563   -61
   564   -60
   565   -61
   566   -60
   567   -61
   568   -61
   569   -60
   570   -61
   571   -61
   572   -61
   573   -60
   574   -61
   575   -60
   576   -61
   577   -60
   578   -61
   579   -60
   580   -60
   581   -60
   582   -61
   583   -61
   584   -60
   585   -61
   586   -61
   587   -61
   588   -60
   589   -61
   590   -60
   591   -61
   592   -60
   593   -61
   594   -60
   595   -61
   596   -60
   597   -61
   598   -60
   599   -61
   600   -61
   601   -60
   602   -61
   603   -60
   604   -61
   605   -60
   606   -61
   607   -60
   608   -61
   609   -60
   610   -61
   611   -60
   612   -61
   613   -60
   614   -61
   615   -61
   616   -60
   617   -60
   618   -61
   619   -61
   620   -60
   621   -61
   622   -60
   623   -61
   624   -60
   625   -61
   626   -60
   627   -61
   628   -60
   629   -61
   630   -60
   631   -61
   632   -61
   633   -61
   634   -61
   635   -61
   636   -61
   637   -60
   638   -61
   639   -60
   640   -61
   641   -60
   642   -61
   643   -60
   644   -61
   645   -60
   646   -61
   647   -61
   648   -60
   649   -61
   650   -60
   651   -61
   652   -60
   653   -61
   654   -60
   655   -61
   656   -60
   657   -61
   658   -60
   659   -61
   660   -60
   661   -61
   662   -60
   663   -61
   664   -60
   665   -61
   666   -61
   667   -61
   668   -61
   669   -60
   670   -61
   671   -61
   672   -61
   673   -60
   674   -61
   675   -60
   676   -61
   677   -60
   678   -61
   679   -60
   680   -61
   681   -61
   682   -61
   683   -61
   684   -60
   685   -61
   686   -61
   687   -62
   688   -61
   689   -61
   690   -60
   691   -61
   692   -60
   693   -61
   694   -60
   695   -61
   696   -61
   697   -61
   698   -61
   699   -61
   700   -61
   701   -60
   702   -61
   703   -60
   704   -61
   705   -61
   706   -61
   707   -60
   708   -61
   709   -60
   710   -61
   711   -61
   712   -61
   713   -61
   714   -60
   715   -61
   716   -60
   717   -61
   718   -60
   719   -61
   720   -60
   721   -61
   722   -60
   723   -61
   724   -60
   725   -61
   726   -60
   727   -61
   728   -61
   729   -61
   730   -61
   731   -61
   732   -61
   733   -60
   734   -61
   735   -60
   736   -61
   737   -60
   738   -61
   739   -60
   740   -61
   741   -60
   742   -61
   743   -60
   744   -61
   745   -60
   746   -61
   747   -61
   748   -60
   749   -61
   750   -61
   751   -61
   752   -60
   753   -61
   754   -60
   755   -61
   756   -60
   757   -61
   758   -61
   759   -61
   760   -61
   761   -61
   762   -61
   763   -60
   764   -61
   765   -61
   766   -61
   767   -60
   768   -61
   769   -61
   770   -61
   771   -61
   772   -61
   773   -60
   774   -61
   775   -61
   776   -61
   777   -60
   778   -61
   779   -61
   780   -60
   781   -61
   782   -61
   783   -61
   784   -61
   785   -61
   786   -60
   787   -61
   788   -61
   789   -61
   790   -60
   791   -61
   792   -60
   793   -61
   794   -61
   795   -61
   796   -61
   797   -61
   798   -61
   799   -60
   800   -61
   801   -61
   802   -61
   803   -61
   804   -61
   805   -61
   806   -61
   807   -61
   808   -61
   809   -61
   810   -61
   811   -61
   812   -61
   813   -61
   814   -61
   815   -61
   816   -60
   817   -61
   818   -60
   819   -61
   820   -61
   821   -61
   822   -61
   823   -61
   824   -61
   825   -60
   826   -61
   827   -61
   828   -61
   829   -61
   830   -61
   831   -60
   832   -61
   833   -60
   834   -61
   835   -61
   836   -61
   837   -60
   838   -61
   839   -61
   840   -61
   841   -61
   842   -61
   843   -61
   844   -60
   845   -61
   846   -60
   847   -61
   848   -60
   849   -61
   850   -61
   851   -61
   852   -60
   853   -61
   854   -61
   855   -61
   856   -60
   857   -60
   858   -60
   859   -61
   860   -61
   861   -61
   862   -61
   863   -60
   864   -61
   865   -61
   866   -61
   867   -61
   868   -61
   869   -61
   870   -61
   871   -61
   872   -61
   873   -61
   874   -61
   875   -61
   876   -60
   877   -61
   878   -61
   879   -61
   880   -61
   881   -61
   882   -60
   883   -61
   884   -60
   885   -61
   886   -61
   887   -61
   888   -60
   889   -61
   890   -61
   891   -61
   892   -61
   893   -60
   894   -61
   895   -61
   896   -61
   897   -61
   898   -61
   899   -60
   900   -61
   901   -61
   902   -61
   903   -61
   904   -61
   905   -61
   906   -61
   907   -61
   908   -61
   909   -61
   910   -60
   911   -61
   912   -61
   913   -61
   914   -61
   915   -61
   916   -61
   917   -61
   918   -60
   919   -61
   920   -61
   921   -61
   922   -61
   923   -60
   924   -61
   925   -61
   926   -61
   927   -61
   928   -61
   929   -61
   930   -61
   931   -60
   932   -61
   933   -60
   934   -61
   935   -61
   936   -61
   937   -61
   938   -60
   939   -61
   940   -60
   941   -61
   942   -61
   943   -61
   944   -60
   945   -61
   946   -61
   947   -61
   948   -61
   949   -61
   950   -61
   951   -61
   952   -60
   953   -61
   954   -61
   955   -61
   956   -61
   957   -61
   958   -61
   959   -60
   960   -61
   961   -60
   962   -61
   963   -61
   964   -61
   965   -60
   966   -61
   967   -60
   968   -61
   969   -60
   970   -61
   971   -61
   972   -61
   973   -61
   974   -61
   975   -61
   976   -61
   977   -61
   978   -60
   979   -61
   980   -61
   981   -61
   982   -61
   983   -61
   984   -60
   985   -61
   986   -61
   987   -61
   988   -61
   989   -61
   990   -61
   991   -61
   992   -61
   993   -60
   994   -61
   995   -61
   996   -61
   997   -60
   998   -61
   999   -61
