   0   0
   1   -61
   2   -61
   3   -61
   4   -61
   5   -61
   6   -61
   7   -61
   8   -61
   9   -61
   10   -61
   11   -61
   12   -61
   13   -61
   14   -62
   15   -61
   16   -61
   17   -61
   18   -61
   19   -61
   20   -61
   21   -61
   22   -61
   23   -61
   24   -61
   25   -61
   26   -61
   27   -61
   28   -61
   29   -62
   30   -61
   31   -61
   32   -61
   33   -61
   34   -61
   35   -61
   36   -61
   37   -61
   38   -61
   39   -61
   40   -61
   41   -61
   42   -61
   43   -61
   44   -62
   45   -61
   46   -61
   47   -61
   48   -61
   49   -61
   50   -61
   51   -61
   52   -61
   53   -61
   54   -61
   55   -61
   56   -61
   57   -61
   58   -61
   59   -61
   60   -61
   61   -62
   62   -61
   63   -61
   64   -61
   65   -61
   66   -61
   67   -61
   68   -61
   69   -61
   70   -61
   71   -61
   72   -61
   73   -61
   74   -62
   75   -61
   76   -61
   77   -61
   78   -61
   79   -61
   80   -61
   81   -61
   82   -61
   83   -61
   84   -61
   85   -61
   86   -61
   87   -61
   88   -61
   89   -61
   90   -61
   91   -61
   92   -61
   93   -61
   94   -61
   95   -62
   96   -61
   97   -61
   98   -61
   99   -61
   100   -61
   101   -62
   102   -61
   103   -61
   104   -61
   105   -61
   106   -61
   107   -61
   108   -61
   109   -61
   110   -61
   111   -61
   112   -61
   113   -61
   114   -61
   115   -61
   116   -62
   117   -61
   118   -61
   119   -61
   120   -61
   121   -61
   122   -61
   123   -61
   124   -61
   125   -61
   126   -61
   127   -61
   128   -61
   129   -62
   130   -61
   131   -61
   132   -61
   133   -61
   134   -61
   135   -61
   136   -61
   137   -61
   138   -61
   139   -61
   140   -61
   141   -61
   142   -61
   143   -61
   144   -61
   145   -61
   146   -62
   147   -61
   148   -61
   149   -61
   150   -61
   151   -61
   152   -61
   153   -61
   154   -61
   155   -61
   156   -61
   157   -62
   158   -61
   159   -61
   160   -61
   161   -62
   162   -61
   163   -61
   164   -61
   165   -61
   166   -61
   167   -61
   168   -61
   169   -61
   170   -61
   171   -61
   172   -61
   173   -61
   174   -61
   175   -61
   176   -61
   177   -61
   178   -61
   179   -61
   180   -61
   181   -61
   182   -61
   183   -61
   184   -61
   185   -61
   186   -61
   187   -61
   188   -61
   189   -61
   190   -61
   191   -61
   192   -61
   193   -62
   194   -61
   195   -61
   196   -61
   197   -62
   198   -61
   199   -61
   200   -62
   201   -56
   202   16
   203   112
   204   106
   205   71
   206   38
   207   34
   208   32
   209   40
   210   40
   211   44
   212   41
   213   44
   214   41
   215   44
   216   43
   217   45
   218   44
   219   45
   220   45
   221   45
   222   46
   223   47
   224   47
   225   46
   226   46
   227   47
   228   47
   229   47
   230   48
   231   48
   232   48
   233   48
   234   48
   235   48
   236   49
   237   48
   238   49
   239   49
   240   50
   241   50
   242   50
   243   49
   244   49
   245   50
   246   51
   247   51
   248   50
   249   50
   250   51
   251   51
   252   51
   253   51
   254   51
   255   51
   256   52
   257   51
   258   52
   259   52
   260   52
   261   52
   262   53
   263   52
   264   53
   265   53
   266   53
   267   53
   268   53
   269   53
   270   53
   271   54
   272   53
   273   54
   274   53
   275   54
   276   54
   277   54
   278   54
   279   54
   280   54
   281   55
   282   55
   283   55
   284   55
   285   55
   286   55
   287   55
   288   56
   289   55
   290   55
   291   55
   292   56
   293   56
   294   56
   295   56
   296   57
   297   56
   298   56
   299   57
   300   57
   301   57
   302   57
   303   57
   304   57
   305   58
   306   57
   307   58
   308   57
   309   58
   310   58
   311   58
   312   58
   313   58
   314   58
   315   58
   316   58
   317   59
   318   58
   319   58
   320   58
   321   58
   322   58
   323   58
   324   58
   325   58
   326   58
   327   57
   328   57
   329   57
   330   57
   331   56
   332   56
   333   55
   334   54
   335   54
   336   53
   337   53
   338   52
   339   51
   340   50
   341   49
   342   48
   343   47
   344   46
   345   45
   346   43
   347   42
   348   40
   349   39
   350   38
   351   36
   352   34
   353   32
   354   31
   355   29
   356   27
   357   25
   358   23
   359   21
   360   20
   361   17
   362   16
   363   13
   364   12
   365   9
   366   7
   367   5
   368   4
   369   1
   370   -1
   371   -3
   372   -5
   373   -7
   374   -9
   375   -11
   376   -13
   377   -15
   378   -16
   379   -18
   380   -20
   381   -22
   382   -23
   383   -25
   384   -27
   385   -28
   386   -30
   387   -31
   388   -33
   389   -34
   390   -35
   391   -36
   392   -38
   393   -39
   394   -40
   395   -41
   396   -42
   397   -43
   398   -44
   399   -45
   400   -46
   401   -47
   402   -48
   403   -48
   404   -49
   405   -49
   406   -50
   407   -50
   408   -51
   409   -52
   410   -52
   411   -52
   412   -53
   413   -54
   414   -54
   415   -54
   416   -55
   417   -55
   418   -55
   419   -55
   420   -56
   421   -56
   422   -56
   423   -56
   424   -57
   425   -57
   426   -57
   427   -57
   428   -57
   429   -57
   430   -57
   431   -57
   432   -58
   433   -58
   434   -58
   435   -58
   436   -58
   437   -58
   438   -58
   439   -58
   440   -58
   441   -58
   442   -58
   443   -58
   444   -58
   445   -58
   446   -58
   447   -58
   448   -59
   449   -59
   450   -59
   451   -58
   452   -58
   453   -59
   454   -58
   455   -59
   456   -58
   457   -59
   458   -59
   459   -59
   460   -59
   461   -59
   462   -58
   463   -59
   464   -59
   465   -59
   466   -59
   467   -59
   468   -59
   469   -59
   470   -59
   471   -59
   472   -59
   473   -59
   474   -59
   475   -59
   476   -59
   477   -59
   478   -59
   479   -59
   480   -59
   481   -59
   482   -59
   483   -59
   484   -59
   485   -59
   486   -59
   487   -59
   488   -59
   489   -59
   490   -59
   491   -59
   492   -59
   493   -59
   494   -59
   495   -59
   496   -59
   497   -59
   498   -59
   499   -59
   500   -59
   501   -59
   502   -59
   503   -59
   504   -59
   505   -59
   506   -59
   507   -59
   508   -59
   509   -59
   510   -59
   511   -59
   512   -59
   513   -59
   514   -59
   515   -59
   516   -59
   517   -59
   518   -59
   519   -59
   520   -59
   521   -59
   522   -59
   523   -60
   524   -59
   525   -60
   526   -59
   527   -59
   528   -59
   529   -59
   530   -59
   531   -59
   532   -59
   533   -59
   534   -59
   535   -59
   536   -59
   537   -59
   538   -59
   539   -59
   540   -60
   541   -59
   542   -59
   543   -59
   544   -59
   545   -59
   546   -59
   547   -59
   548   -59
   549   -59
   550   -59
   551   -59
   552   -59
   553   -59
   554   -59
   555   -59
   556   -59
   557   -60
   558   -59
   559   -60
   560   -59
   561   -60
   562   -59
   563   -59
   564   -59
   565   -59
   566   -59
   567   -59
   568   -59
   569   -59
   570   -60
   571   -59
   572   -59
   573   -59
   574   -60
   575   -60
   576   -59
   577   -59
   578   -60
   579   -59
   580   -60
   581   -59
   582   -59
   583   -59
   584   -59
   585   -59
   586   -59
   587   -60
   588   -59
   589   -60
   590   -59
   591   -60
   592   -59
   593   -60
   594   -59
   595   -59
   596   -59
   597   -60
   598   -60
   599   -60
   600   -59
   601   -59
   602   -59
   603   -59
   604   -60
   605   -59
   606   -59
   607   -59
   608   -60
   609   -59
   610   -60
   611   -59
   612   -60
   613   -59
   614   -60
   615   -59
   616   -60
   617   -59
   618   -60
   619   -59
   620   -60
   621   -60
   622   -59
   623   -60
   624   -60
   625   -60
   626   -59
   627   -60
   628   -59
   629   -60
   630   -59
   631   -60
   632   -59
   633   -60
   634   -60
   635   -60
   636   -60
   637   -60
   638   -60
   639   -60
   640   -60
   641   -60
   642   -60
   643   -60
   644   -60
   645   -60
   646   -60
   647   -60
   648   -60
   649   -60
   650   -60
   651   -60
   652   -60
   653   -59
   654   -59
   655   -60
   656   -60
   657   -60
   658   -59
   659   -60
   660   -59
   661   -60
   662   -60
   663   -60
   664   -60
   665   -60
   666   -59
   667   -60
   668   -60
   669   -60
   670   -60
   671   -60
   672   -60
   673   -60
   674   -60
   675   -60
   676   -60
   677   -60
   678   -60
   679   -60
   680   -60
   681   -60
   682   -60
   683   -60
   684   -60
   685   -60
   686   -60
   687   -60
   688   -60
   689   -60
   690   -59
   691   -60
   692   -60
   693   -60
   694   -59
   695   -60
   696   -60
   697   -60
   698   -60
   699   -60
   700   -60
   701   -60
   702   -60
   703   -60
   704   -60
   705   -60
   706   -60
   707   -60
   708   -60
   709   -60
   710   -60
   711   -59
   712   -60
   713   -60
   714   -60
   715   -60
   716   -60
   717   -60
   718   -60
   719   -60
   720   -60
   721   -60
   722   -60
   723   -60
   724   -60
   725   -60
   726   -60
   727   -60
   728   -60
   729   -60
   730   -60
   731   -60
   732   -60
   733   -60
   734   -60
   735   -60
   736   -60
   737   -60
   738   -60
   739   -60
   740   -60
   741   -60
   742   -60
   743   -60
   744   -60
   745   -60
   746   -60
   747   -60
   748   -60
   749   -60
   750   -60
   751   -60
   752   -60
   753   -60
   754   -60
   755   -60
   756   -60
   757   -60
   758   -60
   759   -60
   760   -60
   761   -60
   762   -60
   763   -60
   764   -60
   765   -60
   766   -60
   767   -60
   768   -60
   769   -60
   770   -60
   771   -60
   772   -60
   773   -60
   774   -60
   775   -60
   776   -60
   777   -60
   778   -60
   779   -60
   780   -60
   781   -60
   782   -60
   783   -60
   784   -60
   785   -60
   786   -60
   787   -60
   788   -60
   789   -60
   790   -60
   791   -60
   792   -60
   793   -60
   794   -60
   795   -60
   796   -60
   797   -60
   798   -60
   799   -60
   800   -60
   801   -60
   802   -60
   803   -60
   804   -60
   805   -60
   806   -60
   807   -60
   808   -60
   809   -60
   810   -60
   811   -60
   812   -60
   813   -60
   814   -60
   815   -60
   816   -60
   817   -60
   818   -60
   819   -60
   820   -60
   821   -60
   822   -60
   823   -60
   824   -60
   825   -60
   826   -60
   827   -60
   828   -60
   829   -60
   830   -60
   831   -60
   832   -60
   833   -60
   834   -60
   835   -60
   836   -60
   837   -60
   838   -60
   839   -60
   840   -60
   841   -60
   842   -60
   843   -60
   844   -60
   845   -60
   846   -60
   847   -60
   848   -60
   849   -60
   850   -60
   851   -60
   852   -60
   853   -60
   854   -60
   855   -60
   856   -60
   857   -60
   858   -60
   859   -60
   860   -60
   861   -60
   862   -60
   863   -60
   864   -60
   865   -60
   866   -60
   867   -60
   868   -60
   869   -60
   870   -60
   871   -60
   872   -61
   873   -60
   874   -61
   875   -60
   876   -60
   877   -60
   878   -60
   879   -60
   880   -60
   881   -60
   882   -60
   883   -60
   884   -60
   885   -60
   886   -60
   887   -60
   888   -60
   889   -60
   890   -60
   891   -60
   892   -60
   893   -61
   894   -60
   895   -60
   896   -60
   897   -60
   898   -60
   899   -60
   900   -60
   901   -60
   902   -60
   903   -60
   904   -60
   905   -60
   906   -60
   907   -60
   908   -60
   909   -60
   910   -61
   911   -60
   912   -60
   913   -60
   914   -60
   915   -60
   916   -60
   917   -60
   918   -60
   919   -60
   920   -60
   921   -61
   922   -60
   923   -60
   924   -60
   925   -61
   926   -60
   927   -60
   928   -60
   929   -60
   930   -60
   931   -60
   932   -60
   933   -60
   934   -60
   935   -60
   936   -61
   937   -60
   938   -60
   939   -60
   940   -61
   941   -60
   942   -60
   943   -60
   944   -61
   945   -60
   946   -60
   947   -60
   948   -60
   949   -60
   950   -61
   951   -60
   952   -60
   953   -61
   954   -60
   955   -60
   956   -60
   957   -60
   958   -60
   959   -60
   960   -60
   961   -60
   962   -60
   963   -60
   964   -60
   965   -60
   966   -61
   967   -60
   968   -61
   969   -60
   970   -61
   971   -60
   972   -60
   973   -60
   974   -60
   975   -60
   976   -61
   977   -60
   978   -60
   979   -60
   980   -61
   981   -61
   982   -60
   983   -60
   984   -60
   985   -61
   986   -60
   987   -61
   988   -60
   989   -61
   990   -60
   991   -61
   992   -60
   993   -61
   994   -60
   995   -61
   996   -60
   997   -60
   998   -60
   999   -60
