   0   0
   1   -69
   2   -67
   3   -66
   4   -66
   5   -64
   6   -64
   7   -64
   8   -64
   9   -65
   10   -67
   11   -69
   12   -69
   13   -71
   14   -71
   15   -71
   16   -71
   17   -69
   18   -68
   19   -66
   20   -65
   21   -64
   22   -63
   23   -64
   24   -64
   25   -65
   26   -66
   27   -68
   28   -69
   29   -70
   30   -70
   31   -71
   32   -71
   33   -69
   34   -68
   35   -67
   36   -65
   37   -65
   38   -64
   39   -63
   40   -64
   41   -65
   42   -66
   43   -68
   44   -69
   45   -71
   46   -71
   47   -71
   48   -71
   49   -70
   50   -69
   51   -67
   52   -66
   53   -65
   54   -63
   55   -63
   56   -63
   57   -63
   58   -65
   59   -66
   60   -68
   61   -69
   62   -70
   63   -71
   64   -70
   65   -71
   66   -69
   67   -69
   68   -67
   69   -66
   70   -65
   71   -64
   72   -64
   73   -64
   74   -65
   75   -66
   76   -68
   77   -69
   78   -70
   79   -71
   80   -71
   81   -71
   82   -70
   83   -69
   84   -67
   85   -66
   86   -64
   87   -64
   88   -63
   89   -64
   90   -64
   91   -65
   92   -66
   93   -68
   94   -69
   95   -70
   96   -70
   97   -70
   98   -70
   99   -69
   100   -67
   101   -67
   102   -66
   103   -64
   104   -63
   105   -64
   106   -64
   107   -65
   108   -67
   109   -68
   110   -70
   111   -71
   112   -72
   113   -71
   114   -71
   115   -70
   116   -68
   117   -67
   118   -67
   119   -64
   120   -63
   121   -64
   122   -63
   123   -65
   124   -66
   125   -67
   126   -68
   127   -69
   128   -71
   129   -71
   130   -70
   131   -70
   132   -68
   133   -67
   134   -66
   135   -64
   136   -64
   137   -64
   138   -63
   139   -65
   140   -66
   141   -67
   142   -69
   143   -70
   144   -71
   145   -72
   146   -71
   147   -71
   148   -69
   149   -68
   150   -66
   151   -64
   152   -64
   153   -63
   154   -64
   155   -64
   156   -65
   157   -67
   158   -67
   159   -68
   160   -70
   161   -70
   162   -70
   163   -70
   164   -69
   165   -68
   166   -66
   167   -65
   168   -64
   169   -63
   170   -64
   171   -64
   172   -65
   173   -66
   174   -68
   175   -69
   176   -70
   177   -71
   178   -72
   179   -71
   180   -70
   181   -70
   182   -67
   183   -67
   184   -66
   185   -64
   186   -63
   187   -64
   188   -65
   189   -65
   190   -67
   191   -69
   192   -68
   193   -70
   194   -70
   195   -70
   196   -69
   197   -69
   198   -67
   199   -67
   200   -65
   201   -30
   202   64
   203   35
   204   31
   205   35
   206   36
   207   34
   208   34
   209   35
   210   34
   211   34
   212   36
   213   36
   214   38
   215   40
   216   41
   217   41
   218   43
   219   43
   220   44
   221   43
   222   41
   223   41
   224   40
   225   38
   226   39
   227   38
   228   38
   229   39
   230   39
   231   41
   232   43
   233   43
   234   44
   235   45
   236   44
   237   43
   238   42
   239   41
   240   39
   241   39
   242   37
   243   37
   244   36
   245   37
   246   38
   247   39
   248   41
   249   41
   250   42
   251   43
   252   42
   253   43
   254   41
   255   41
   256   39
   257   37
   258   36
   259   36
   260   35
   261   36
   262   37
   263   38
   264   39
   265   40
   266   41
   267   42
   268   42
   269   42
   270   41
   271   40
   272   38
   273   37
   274   35
   275   34
   276   34
   277   34
   278   35
   279   35
   280   36
   281   37
   282   38
   283   40
   284   40
   285   39
   286   39
   287   38
   288   36
   289   35
   290   34
   291   33
   292   33
   293   32
   294   33
   295   34
   296   34
   297   36
   298   37
   299   38
   300   39
   301   39
   302   39
   303   38
   304   36
   305   35
   306   33
   307   32
   308   31
   309   30
   310   29
   311   29
   312   29
   313   29
   314   28
   315   27
   316   26
   317   23
   318   21
   319   17
   320   12
   321   8
   322   3
   323   -2
   324   -7
   325   -12
   326   -16
   327   -19
   328   -22
   329   -25
   330   -27
   331   -30
   332   -33
   333   -35
   334   -39
   335   -43
   336   -47
   337   -50
   338   -53
   339   -57
   340   -59
   341   -61
   342   -63
   343   -64
   344   -64
   345   -64
   346   -64
   347   -63
   348   -63
   349   -62
   350   -63
   351   -64
   352   -64
   353   -65
   354   -67
   355   -68
   356   -69
   357   -69
   358   -70
   359   -69
   360   -68
   361   -67
   362   -67
   363   -65
   364   -64
   365   -63
   366   -63
   367   -63
   368   -63
   369   -65
   370   -65
   371   -66
   372   -68
   373   -69
   374   -69
   375   -69
   376   -69
   377   -68
   378   -67
   379   -66
   380   -65
   381   -64
   382   -64
   383   -64
   384   -64
   385   -65
   386   -66
   387   -66
   388   -68
   389   -69
   390   -69
   391   -70
   392   -69
   393   -69
   394   -68
   395   -66
   396   -65
   397   -65
   398   -63
   399   -63
   400   -63
   401   -64
   402   -65
   403   -66
   404   -67
   405   -68
   406   -69
   407   -70
   408   -69
   409   -68
   410   -68
   411   -67
   412   -66
   413   -65
   414   -64
   415   -63
   416   -64
   417   -64
   418   -66
   419   -66
   420   -67
   421   -69
   422   -69
   423   -70
   424   -70
   425   -70
   426   -69
   427   -68
   428   -66
   429   -66
   430   -65
   431   -64
   432   -63
   433   -64
   434   -65
   435   -65
   436   -68
   437   -68
   438   -68
   439   -69
   440   -70
   441   -69
   442   -69
   443   -68
   444   -67
   445   -66
   446   -65
   447   -64
   448   -64
   449   -64
   450   -65
   451   -66
   452   -67
   453   -68
   454   -69
   455   -70
   456   -70
   457   -70
   458   -70
   459   -68
   460   -67
   461   -66
   462   -65
   463   -65
   464   -64
   465   -64
   466   -64
   467   -66
   468   -66
   469   -67
   470   -68
   471   -69
   472   -69
   473   -69
   474   -68
   475   -68
   476   -68
   477   -67
   478   -65
   479   -65
   480   -64
   481   -64
   482   -64
   483   -65
   484   -66
   485   -67
   486   -68
   487   -68
   488   -70
   489   -70
   490   -70
   491   -70
   492   -68
   493   -67
   494   -66
   495   -65
   496   -65
   497   -64
   498   -65
   499   -65
   500   -66
   501   -66
   502   -68
   503   -68
   504   -69
   505   -69
   506   -69
   507   -69
   508   -68
   509   -67
   510   -66
   511   -66
   512   -64
   513   -64
   514   -64
   515   -64
   516   -65
   517   -66
   518   -67
   519   -68
   520   -69
   521   -70
   522   -70
   523   -69
   524   -68
   525   -68
   526   -66
   527   -66
   528   -64
   529   -64
   530   -65
   531   -64
   532   -65
   533   -66
   534   -67
   535   -68
   536   -69
   537   -70
   538   -69
   539   -69
   540   -69
   541   -68
   542   -66
   543   -66
   544   -65
   545   -64
   546   -64
   547   -64
   548   -65
   549   -65
   550   -67
   551   -67
   552   -69
   553   -69
   554   -69
   555   -69
   556   -69
   557   -69
   558   -68
   559   -67
   560   -66
   561   -65
   562   -65
   563   -65
   564   -65
   565   -65
   566   -66
   567   -67
   568   -68
   569   -68
   570   -69
   571   -69
   572   -69
   573   -68
   574   -67
   575   -66
   576   -66
   577   -64
   578   -65
   579   -64
   580   -65
   581   -65
   582   -66
   583   -67
   584   -67
   585   -69
   586   -69
   587   -70
   588   -69
   589   -69
   590   -68
   591   -67
   592   -66
   593   -66
   594   -66
   595   -64
   596   -65
   597   -65
   598   -66
   599   -66
   600   -68
   601   -67
   602   -69
   603   -69
   604   -69
   605   -69
   606   -68
   607   -67
   608   -66
   609   -65
   610   -65
   611   -65
   612   -65
   613   -64
   614   -65
   615   -66
   616   -67
   617   -68
   618   -68
   619   -69
   620   -69
   621   -68
   622   -68
   623   -68
   624   -67
   625   -66
   626   -65
   627   -65
   628   -65
   629   -65
   630   -65
   631   -66
   632   -67
   633   -67
   634   -69
   635   -69
   636   -69
   637   -69
   638   -69
   639   -68
   640   -67
   641   -66
   642   -65
   643   -65
   644   -64
   645   -65
   646   -64
   647   -65
   648   -66
   649   -67
   650   -68
   651   -69
   652   -69
   653   -69
   654   -69
   655   -68
   656   -67
   657   -67
   658   -66
   659   -65
   660   -65
   661   -65
   662   -65
   663   -66
   664   -67
   665   -67
   666   -68
   667   -68
   668   -69
   669   -69
   670   -69
   671   -69
   672   -68
   673   -67
   674   -66
   675   -65
   676   -65
   677   -65
   678   -64
   679   -65
   680   -66
   681   -66
   682   -67
   683   -68
   684   -69
   685   -69
   686   -68
   687   -68
   688   -68
   689   -67
   690   -66
   691   -66
   692   -65
   693   -66
   694   -65
   695   -65
   696   -66
   697   -67
   698   -68
   699   -68
   700   -69
   701   -69
   702   -69
   703   -69
   704   -68
   705   -67
   706   -67
   707   -66
   708   -66
   709   -65
   710   -64
   711   -65
   712   -65
   713   -66
   714   -67
   715   -68
   716   -68
   717   -68
   718   -68
   719   -68
   720   -68
   721   -67
   722   -66
   723   -67
   724   -66
   725   -65
   726   -65
   727   -65
   728   -66
   729   -66
   730   -67
   731   -68
   732   -68
   733   -69
   734   -69
   735   -69
   736   -69
   737   -68
   738   -67
   739   -66
   740   -66
   741   -65
   742   -65
   743   -65
   744   -65
   745   -65
   746   -66
   747   -67
   748   -68
   749   -68
   750   -69
   751   -68
   752   -69
   753   -68
   754   -67
   755   -66
   756   -66
   757   -65
   758   -65
   759   -65
   760   -65
   761   -66
   762   -67
   763   -67
   764   -68
   765   -69
   766   -68
   767   -69
   768   -69
   769   -68
   770   -68
   771   -66
   772   -66
   773   -66
   774   -65
   775   -65
   776   -65
   777   -65
   778   -66
   779   -67
   780   -68
   781   -67
   782   -68
   783   -69
   784   -68
   785   -68
   786   -68
   787   -67
   788   -66
   789   -66
   790   -65
   791   -65
   792   -65
   793   -65
   794   -66
   795   -67
   796   -68
   797   -68
   798   -69
   799   -69
   800   -69
   801   -69
   802   -68
   803   -67
   804   -67
   805   -66
   806   -65
   807   -65
   808   -66
   809   -65
   810   -65
   811   -67
   812   -67
   813   -68
   814   -68
   815   -68
   816   -68
   817   -69
   818   -67
   819   -68
   820   -66
   821   -66
   822   -65
   823   -65
   824   -65
   825   -66
   826   -65
   827   -66
   828   -68
   829   -68
   830   -68
   831   -69
   832   -69
   833   -69
   834   -67
   835   -68
   836   -67
   837   -67
   838   -66
   839   -65
   840   -65
   841   -66
   842   -65
   843   -66
   844   -66
   845   -67
   846   -68
   847   -68
   848   -69
   849   -68
   850   -68
   851   -67
   852   -67
   853   -66
   854   -65
   855   -66
   856   -66
   857   -65
   858   -65
   859   -66
   860   -66
   861   -67
   862   -68
   863   -68
   864   -68
   865   -69
   866   -68
   867   -68
   868   -68
   869   -67
   870   -66
   871   -66
   872   -66
   873   -66
   874   -65
   875   -66
   876   -67
   877   -67
   878   -68
   879   -68
   880   -68
   881   -68
   882   -68
   883   -68
   884   -67
   885   -67
   886   -66
   887   -66
   888   -65
   889   -65
   890   -66
   891   -65
   892   -66
   893   -67
   894   -67
   895   -68
   896   -69
   897   -69
   898   -68
   899   -68
   900   -68
   901   -67
   902   -67
   903   -66
   904   -65
   905   -65
   906   -66
   907   -66
   908   -66
   909   -67
   910   -67
   911   -68
   912   -69
   913   -69
   914   -68
   915   -69
   916   -68
   917   -67
   918   -67
   919   -66
   920   -66
   921   -65
   922   -65
   923   -66
   924   -66
   925   -66
   926   -67
   927   -68
   928   -67
   929   -68
   930   -69
   931   -69
   932   -68
   933   -67
   934   -66
   935   -66
   936   -67
   937   -66
   938   -65
   939   -66
   940   -66
   941   -67
   942   -67
   943   -67
   944   -69
   945   -68
   946   -68
   947   -68
   948   -68
   949   -68
   950   -67
   951   -66
   952   -66
   953   -65
   954   -65
   955   -65
   956   -65
   957   -66
   958   -67
   959   -67
   960   -68
   961   -68
   962   -68
   963   -68
   964   -68
   965   -68
   966   -68
   967   -66
   968   -66
   969   -66
   970   -66
   971   -66
   972   -66
   973   -66
   974   -67
   975   -68
   976   -68
   977   -68
   978   -69
   979   -68
   980   -68
   981   -68
   982   -67
   983   -67
   984   -66
   985   -66
   986   -65
   987   -66
   988   -65
   989   -66
   990   -67
   991   -67
   992   -67
   993   -69
   994   -68
   995   -68
   996   -69
   997   -68
   998   -67
   999   -67
