   0   0
   1   -61
   2   -60
   3   -62
   4   -60
   5   -62
   6   -60
   7   -62
   8   -60
   9   -63
   10   -60
   11   -62
   12   -60
   13   -62
   14   -60
   15   -62
   16   -61
   17   -61
   18   -61
   19   -61
   20   -61
   21   -60
   22   -62
   23   -60
   24   -62
   25   -60
   26   -62
   27   -60
   28   -62
   29   -60
   30   -62
   31   -60
   32   -61
   33   -61
   34   -61
   35   -61
   36   -61
   37   -62
   38   -60
   39   -62
   40   -60
   41   -62
   42   -60
   43   -62
   44   -60
   45   -62
   46   -60
   47   -61
   48   -61
   49   -61
   50   -62
   51   -61
   52   -62
   53   -60
   54   -62
   55   -60
   56   -62
   57   -60
   58   -62
   59   -60
   60   -63
   61   -60
   62   -62
   63   -60
   64   -62
   65   -61
   66   -61
   67   -61
   68   -61
   69   -61
   70   -60
   71   -62
   72   -60
   73   -63
   74   -60
   75   -62
   76   -60
   77   -62
   78   -60
   79   -62
   80   -60
   81   -61
   82   -61
   83   -61
   84   -61
   85   -61
   86   -61
   87   -60
   88   -62
   89   -60
   90   -62
   91   -60
   92   -62
   93   -60
   94   -62
   95   -61
   96   -62
   97   -60
   98   -61
   99   -61
   100   -61
   101   -62
   102   -60
   103   -62
   104   -60
   105   -62
   106   -60
   107   -62
   108   -60
   109   -62
   110   -60
   111   -62
   112   -61
   113   -62
   114   -61
   115   -61
   116   -61
   117   -60
   118   -62
   119   -60
   120   -62
   121   -60
   122   -62
   123   -60
   124   -62
   125   -60
   126   -62
   127   -60
   128   -62
   129   -61
   130   -61
   131   -61
   132   -61
   133   -62
   134   -60
   135   -61
   136   -60
   137   -62
   138   -60
   139   -62
   140   -60
   141   -62
   142   -60
   143   -62
   144   -60
   145   -62
   146   -61
   147   -61
   148   -61
   149   -61
   150   -61
   151   -60
   152   -62
   153   -60
   154   -62
   155   -60
   156   -62
   157   -60
   158   -62
   159   -60
   160   -62
   161   -60
   162   -61
   163   -61
   164   -61
   165   -61
   166   -61
   167   -62
   168   -60
   169   -62
   170   -60
   171   -62
   172   -60
   173   -62
   174   -60
   175   -62
   176   -60
   177   -62
   178   -60
   179   -61
   180   -61
   181   -61
   182   -61
   183   -60
   184   -62
   185   -60
   186   -63
   187   -60
   188   -62
   189   -60
   190   -62
   191   -60
   192   -62
   193   -61
   194   -61
   195   -60
   196   -61
   197   -61
   198   -61
   199   -61
   200   -61
   201   -58
   202   -10
   203   61
   204   76
   205   66
   206   55
   207   50
   208   50
   209   51
   210   52
   211   53
   212   52
   213   52
   214   51
   215   53
   216   52
   217   54
   218   52
   219   53
   220   51
   221   53
   222   51
   223   54
   224   52
   225   53
   226   52
   227   53
   228   52
   229   52
   230   53
   231   52
   232   53
   233   51
   234   53
   235   51
   236   53
   237   51
   238   54
   239   51
   240   54
   241   52
   242   53
   243   51
   244   53
   245   52
   246   52
   247   53
   248   52
   249   53
   250   51
   251   54
   252   52
   253   54
   254   51
   255   53
   256   51
   257   54
   258   51
   259   53
   260   52
   261   53
   262   52
   263   53
   264   53
   265   52
   266   53
   267   51
   268   54
   269   52
   270   54
   271   51
   272   53
   273   51
   274   54
   275   52
   276   53
   277   51
   278   52
   279   52
   280   52
   281   53
   282   52
   283   53
   284   51
   285   53
   286   51
   287   53
   288   51
   289   53
   290   51
   291   53
   292   52
   293   53
   294   52
   295   52
   296   53
   297   52
   298   53
   299   51
   300   53
   301   51
   302   53
   303   51
   304   54
   305   51
   306   53
   307   51
   308   53
   309   52
   310   53
   311   52
   312   52
   313   52
   314   51
   315   53
   316   51
   317   53
   318   51
   319   53
   320   51
   321   53
   322   51
   323   53
   324   51
   325   52
   326   52
   327   52
   328   52
   329   52
   330   52
   331   51
   332   53
   333   51
   334   53
   335   50
   336   53
   337   50
   338   53
   339   51
   340   52
   341   51
   342   52
   343   51
   344   51
   345   52
   346   51
   347   52
   348   50
   349   52
   350   50
   351   52
   352   50
   353   52
   354   50
   355   52
   356   50
   357   52
   358   51
   359   51
   360   51
   361   50
   362   51
   363   51
   364   52
   365   49
   366   52
   367   49
   368   52
   369   49
   370   52
   371   50
   372   51
   373   50
   374   51
   375   50
   376   50
   377   50
   378   50
   379   51
   380   49
   381   51
   382   48
   383   50
   384   47
   385   50
   386   47
   387   48
   388   45
   389   47
   390   44
   391   44
   392   42
   393   41
   394   39
   395   37
   396   36
   397   32
   398   32
   399   27
   400   26
   401   20
   402   20
   403   13
   404   12
   405   6
   406   4
   407   -2
   408   -4
   409   -9
   410   -13
   411   -16
   412   -21
   413   -23
   414   -28
   415   -29
   416   -35
   417   -35
   418   -40
   419   -40
   420   -45
   421   -45
   422   -48
   423   -49
   424   -51
   425   -52
   426   -53
   427   -54
   428   -54
   429   -56
   430   -55
   431   -58
   432   -56
   433   -59
   434   -57
   435   -59
   436   -57
   437   -60
   438   -58
   439   -60
   440   -59
   441   -60
   442   -59
   443   -60
   444   -60
   445   -59
   446   -60
   447   -59
   448   -61
   449   -58
   450   -61
   451   -58
   452   -61
   453   -59
   454   -61
   455   -59
   456   -60
   457   -59
   458   -60
   459   -60
   460   -60
   461   -60
   462   -59
   463   -61
   464   -58
   465   -61
   466   -59
   467   -61
   468   -59
   469   -61
   470   -59
   471   -61
   472   -59
   473   -61
   474   -60
   475   -60
   476   -60
   477   -60
   478   -61
   479   -59
   480   -61
   481   -59
   482   -61
   483   -59
   484   -61
   485   -59
   486   -61
   487   -59
   488   -61
   489   -60
   490   -61
   491   -60
   492   -60
   493   -61
   494   -59
   495   -61
   496   -59
   497   -61
   498   -59
   499   -61
   500   -59
   501   -61
   502   -59
   503   -61
   504   -59
   505   -61
   506   -60
   507   -60
   508   -60
   509   -60
   510   -61
   511   -60
   512   -61
   513   -59
   514   -62
   515   -59
   516   -62
   517   -59
   518   -62
   519   -59
   520   -61
   521   -60
   522   -61
   523   -60
   524   -61
   525   -61
   526   -60
   527   -61
   528   -60
   529   -61
   530   -59
   531   -62
   532   -59
   533   -62
   534   -59
   535   -61
   536   -60
   537   -62
   538   -60
   539   -61
   540   -60
   541   -60
   542   -61
   543   -60
   544   -61
   545   -59
   546   -62
   547   -59
   548   -62
   549   -59
   550   -62
   551   -60
   552   -62
   553   -60
   554   -61
   555   -60
   556   -61
   557   -61
   558   -60
   559   -61
   560   -60
   561   -61
   562   -59
   563   -62
   564   -59
   565   -62
   566   -59
   567   -62
   568   -59
   569   -62
   570   -60
   571   -61
   572   -60
   573   -60
   574   -60
   575   -60
   576   -61
   577   -60
   578   -62
   579   -59
   580   -62
   581   -59
   582   -62
   583   -59
   584   -62
   585   -60
   586   -62
   587   -60
   588   -61
   589   -60
   590   -61
   591   -61
   592   -60
   593   -62
   594   -60
   595   -62
   596   -60
   597   -62
   598   -59
   599   -62
   600   -60
   601   -62
   602   -60
   603   -61
   604   -60
   605   -61
   606   -61
   607   -61
   608   -61
   609   -60
   610   -61
   611   -60
   612   -62
   613   -60
   614   -62
   615   -60
   616   -62
   617   -60
   618   -61
   619   -60
   620   -61
   621   -60
   622   -60
   623   -61
   624   -60
   625   -62
   626   -60
   627   -62
   628   -59
   629   -62
   630   -59
   631   -62
   632   -59
   633   -62
   634   -59
   635   -62
   636   -60
   637   -61
   638   -60
   639   -61
   640   -61
   641   -60
   642   -61
   643   -60
   644   -62
   645   -59
   646   -62
   647   -59
   648   -62
   649   -59
   650   -62
   651   -60
   652   -61
   653   -60
   654   -61
   655   -61
   656   -61
   657   -61
   658   -60
   659   -62
   660   -60
   661   -62
   662   -60
   663   -62
   664   -59
   665   -62
   666   -60
   667   -62
   668   -60
   669   -61
   670   -61
   671   -61
   672   -61
   673   -60
   674   -61
   675   -60
   676   -62
   677   -60
   678   -62
   679   -59
   680   -62
   681   -59
   682   -62
   683   -60
   684   -62
   685   -60
   686   -61
   687   -61
   688   -61
   689   -61
   690   -60
   691   -62
   692   -60
   693   -62
   694   -59
   695   -62
   696   -59
   697   -62
   698   -59
   699   -62
   700   -60
   701   -62
   702   -60
   703   -61
   704   -60
   705   -61
   706   -61
   707   -60
   708   -62
   709   -60
   710   -62
   711   -59
   712   -62
   713   -59
   714   -62
   715   -60
   716   -62
   717   -60
   718   -61
   719   -60
   720   -61
   721   -61
   722   -60
   723   -61
   724   -60
   725   -62
   726   -60
   727   -62
   728   -59
   729   -62
   730   -59
   731   -62
   732   -60
   733   -62
   734   -60
   735   -61
   736   -60
   737   -60
   738   -61
   739   -60
   740   -62
   741   -60
   742   -62
   743   -59
   744   -62
   745   -59
   746   -62
   747   -59
   748   -62
   749   -60
   750   -61
   751   -60
   752   -61
   753   -61
   754   -61
   755   -61
   756   -60
   757   -62
   758   -60
   759   -62
   760   -59
   761   -62
   762   -59
   763   -62
   764   -59
   765   -62
   766   -60
   767   -62
   768   -60
   769   -61
   770   -61
   771   -60
   772   -61
   773   -60
   774   -61
   775   -60
   776   -62
   777   -59
   778   -62
   779   -59
   780   -62
   781   -60
   782   -61
   783   -60
   784   -62
   785   -60
   786   -61
   787   -61
   788   -61
   789   -61
   790   -60
   791   -62
   792   -60
   793   -62
   794   -59
   795   -62
   796   -60
   797   -62
   798   -60
   799   -61
   800   -60
   801   -61
   802   -61
   803   -61
   804   -61
   805   -60
   806   -62
   807   -60
   808   -62
   809   -60
   810   -62
   811   -59
   812   -62
   813   -59
   814   -62
   815   -60
   816   -61
   817   -60
   818   -61
   819   -61
   820   -61
   821   -62
   822   -60
   823   -62
   824   -59
   825   -62
   826   -59
   827   -62
   828   -60
   829   -62
   830   -59
   831   -62
   832   -60
   833   -62
   834   -60
   835   -61
   836   -61
   837   -60
   838   -61
   839   -60
   840   -61
   841   -60
   842   -62
   843   -60
   844   -62
   845   -60
   846   -62
   847   -60
   848   -61
   849   -60
   850   -61
   851   -61
   852   -60
   853   -61
   854   -60
   855   -62
   856   -60
   857   -62
   858   -60
   859   -62
   860   -59
   861   -62
   862   -59
   863   -62
   864   -60
   865   -62
   866   -60
   867   -61
   868   -61
   869   -60
   870   -61
   871   -60
   872   -62
   873   -60
   874   -62
   875   -59
   876   -62
   877   -59
   878   -62
   879   -59
   880   -62
   881   -60
   882   -61
   883   -60
   884   -61
   885   -61
   886   -60
   887   -61
   888   -60
   889   -62
   890   -59
   891   -62
   892   -59
   893   -62
   894   -60
   895   -62
   896   -59
   897   -62
   898   -60
   899   -61
   900   -61
   901   -61
   902   -61
   903   -60
   904   -61
   905   -60
   906   -62
   907   -60
   908   -62
   909   -60
   910   -62
   911   -60
   912   -62
   913   -60
   914   -61
   915   -60
   916   -61
   917   -61
   918   -60
   919   -61
   920   -60
   921   -62
   922   -60
   923   -62
   924   -60
   925   -62
   926   -60
   927   -62
   928   -60
   929   -62
   930   -60
   931   -61
   932   -60
   933   -61
   934   -61
   935   -60
   936   -61
   937   -60
   938   -62
   939   -60
   940   -62
   941   -59
   942   -62
   943   -59
   944   -62
   945   -60
   946   -62
   947   -60
   948   -61
   949   -60
   950   -61
   951   -61
   952   -61
   953   -62
   954   -60
   955   -62
   956   -60
   957   -62
   958   -60
   959   -62
   960   -60
   961   -62
   962   -60
   963   -62
   964   -60
   965   -61
   966   -61
   967   -61
   968   -61
   969   -60
   970   -61
   971   -60
   972   -62
   973   -60
   974   -62
   975   -60
   976   -62
   977   -60
   978   -62
   979   -60
   980   -61
   981   -61
   982   -61
   983   -61
   984   -60
   985   -62
   986   -60
   987   -62
   988   -59
   989   -62
   990   -60
   991   -62
   992   -59
   993   -62
   994   -60
   995   -61
   996   -60
   997   -61
   998   -61
   999   -61
