   0   0
   1   -61
   2   -61
   3   -62
   4   -61
   5   -62
   6   -61
   7   -62
   8   -61
   9   -62
   10   -61
   11   -62
   12   -61
   13   -61
   14   -61
   15   -61
   16   -61
   17   -61
   18   -62
   19   -61
   20   -62
   21   -61
   22   -62
   23   -61
   24   -62
   25   -61
   26   -62
   27   -61
   28   -62
   29   -61
   30   -61
   31   -61
   32   -62
   33   -61
   34   -61
   35   -62
   36   -61
   37   -61
   38   -61
   39   -61
   40   -61
   41   -62
   42   -61
   43   -62
   44   -61
   45   -62
   46   -61
   47   -61
   48   -61
   49   -61
   50   -62
   51   -61
   52   -62
   53   -61
   54   -62
   55   -61
   56   -62
   57   -61
   58   -62
   59   -61
   60   -62
   61   -61
   62   -62
   63   -61
   64   -61
   65   -61
   66   -61
   67   -61
   68   -61
   69   -62
   70   -61
   71   -62
   72   -61
   73   -62
   74   -61
   75   -62
   76   -61
   77   -62
   78   -61
   79   -62
   80   -61
   81   -61
   82   -62
   83   -61
   84   -61
   85   -61
   86   -61
   87   -61
   88   -62
   89   -61
   90   -62
   91   -61
   92   -62
   93   -61
   94   -62
   95   -61
   96   -61
   97   -61
   98   -61
   99   -61
   100   -61
   101   -62
   102   -61
   103   -62
   104   -61
   105   -62
   106   -61
   107   -62
   108   -61
   109   -61
   110   -61
   111   -62
   112   -61
   113   -61
   114   -62
   115   -61
   116   -62
   117   -61
   118   -62
   119   -61
   120   -62
   121   -61
   122   -62
   123   -61
   124   -62
   125   -61
   126   -62
   127   -61
   128   -62
   129   -61
   130   -61
   131   -61
   132   -61
   133   -62
   134   -61
   135   -62
   136   -61
   137   -62
   138   -61
   139   -62
   140   -61
   141   -62
   142   -61
   143   -62
   144   -61
   145   -61
   146   -61
   147   -62
   148   -61
   149   -61
   150   -62
   151   -61
   152   -62
   153   -61
   154   -61
   155   -61
   156   -62
   157   -61
   158   -62
   159   -61
   160   -62
   161   -61
   162   -61
   163   -61
   164   -61
   165   -62
   166   -61
   167   -62
   168   -61
   169   -62
   170   -61
   171   -62
   172   -61
   173   -62
   174   -61
   175   -62
   176   -61
   177   -61
   178   -61
   179   -61
   180   -61
   181   -61
   182   -62
   183   -61
   184   -62
   185   -61
   186   -62
   187   -61
   188   -62
   189   -61
   190   -62
   191   -61
   192   -62
   193   -61
   194   -61
   195   -61
   196   -61
   197   -61
   198   -61
   199   -61
   200   -62
   201   -60
   202   -31
   203   11
   204   19
   205   15
   206   11
   207   10
   208   10
   209   12
   210   12
   211   14
   212   13
   213   15
   214   14
   215   16
   216   15
   217   16
   218   16
   219   17
   220   16
   221   17
   222   17
   223   18
   224   17
   225   18
   226   17
   227   18
   228   18
   229   18
   230   18
   231   18
   232   18
   233   17
   234   18
   235   17
   236   18
   237   17
   238   19
   239   18
   240   19
   241   18
   242   18
   243   17
   244   18
   245   18
   246   18
   247   18
   248   18
   249   18
   250   18
   251   19
   252   18
   253   19
   254   18
   255   18
   256   17
   257   18
   258   18
   259   18
   260   17
   261   18
   262   18
   263   18
   264   18
   265   17
   266   18
   267   17
   268   18
   269   17
   270   18
   271   17
   272   18
   273   17
   274   18
   275   17
   276   17
   277   17
   278   17
   279   17
   280   16
   281   17
   282   16
   283   17
   284   16
   285   17
   286   16
   287   17
   288   16
   289   17
   290   16
   291   16
   292   16
   293   16
   294   16
   295   16
   296   16
   297   16
   298   16
   299   15
   300   16
   301   15
   302   16
   303   15
   304   16
   305   15
   306   16
   307   15
   308   16
   309   15
   310   16
   311   15
   312   15
   313   15
   314   15
   315   15
   316   15
   317   15
   318   14
   319   15
   320   14
   321   15
   322   14
   323   15
   324   14
   325   15
   326   14
   327   15
   328   14
   329   14
   330   14
   331   14
   332   14
   333   13
   334   14
   335   13
   336   14
   337   13
   338   14
   339   13
   340   14
   341   13
   342   14
   343   13
   344   13
   345   13
   346   13
   347   13
   348   13
   349   13
   350   12
   351   13
   352   12
   353   13
   354   12
   355   13
   356   12
   357   13
   358   12
   359   12
   360   12
   361   12
   362   12
   363   12
   364   12
   365   12
   366   13
   367   11
   368   12
   369   11
   370   12
   371   11
   372   12
   373   11
   374   11
   375   11
   376   12
   377   11
   378   11
   379   11
   380   11
   381   11
   382   10
   383   11
   384   10
   385   11
   386   10
   387   11
   388   10
   389   11
   390   10
   391   11
   392   10
   393   10
   394   10
   395   10
   396   10
   397   10
   398   10
   399   9
   400   11
   401   9
   402   10
   403   9
   404   10
   405   9
   406   10
   407   9
   408   10
   409   9
   410   9
   411   9
   412   9
   413   9
   414   9
   415   9
   416   8
   417   9
   418   8
   419   9
   420   8
   421   9
   422   8
   423   8
   424   7
   425   8
   426   7
   427   7
   428   6
   429   5
   430   5
   431   4
   432   4
   433   3
   434   3
   435   0
   436   1
   437   -1
   438   -1
   439   -3
   440   -4
   441   -6
   442   -7
   443   -9
   444   -10
   445   -11
   446   -13
   447   -14
   448   -16
   449   -17
   450   -20
   451   -21
   452   -24
   453   -24
   454   -27
   455   -28
   456   -30
   457   -31
   458   -33
   459   -34
   460   -36
   461   -38
   462   -39
   463   -41
   464   -41
   465   -44
   466   -44
   467   -46
   468   -46
   469   -49
   470   -49
   471   -51
   472   -51
   473   -52
   474   -53
   475   -54
   476   -54
   477   -55
   478   -56
   479   -56
   480   -57
   481   -57
   482   -58
   483   -58
   484   -59
   485   -58
   486   -60
   487   -59
   488   -60
   489   -59
   490   -60
   491   -60
   492   -60
   493   -60
   494   -60
   495   -60
   496   -60
   497   -61
   498   -60
   499   -61
   500   -60
   501   -61
   502   -60
   503   -61
   504   -60
   505   -61
   506   -60
   507   -61
   508   -60
   509   -61
   510   -61
   511   -60
   512   -61
   513   -60
   514   -61
   515   -60
   516   -61
   517   -60
   518   -61
   519   -60
   520   -61
   521   -60
   522   -61
   523   -60
   524   -61
   525   -60
   526   -60
   527   -61
   528   -60
   529   -61
   530   -60
   531   -61
   532   -60
   533   -61
   534   -60
   535   -61
   536   -60
   537   -61
   538   -60
   539   -61
   540   -60
   541   -61
   542   -60
   543   -61
   544   -61
   545   -61
   546   -61
   547   -61
   548   -61
   549   -60
   550   -61
   551   -61
   552   -62
   553   -60
   554   -61
   555   -60
   556   -61
   557   -61
   558   -61
   559   -61
   560   -61
   561   -61
   562   -61
   563   -61
   564   -60
   565   -61
   566   -60
   567   -62
   568   -60
   569   -61
   570   -60
   571   -61
   572   -61
   573   -61
   574   -61
   575   -61
   576   -61
   577   -61
   578   -61
   579   -60
   580   -61
   581   -61
   582   -62
   583   -60
   584   -62
   585   -60
   586   -61
   587   -60
   588   -61
   589   -61
   590   -61
   591   -61
   592   -61
   593   -61
   594   -61
   595   -61
   596   -60
   597   -62
   598   -60
   599   -62
   600   -60
   601   -62
   602   -60
   603   -62
   604   -60
   605   -61
   606   -61
   607   -61
   608   -61
   609   -61
   610   -61
   611   -61
   612   -61
   613   -61
   614   -61
   615   -60
   616   -62
   617   -60
   618   -61
   619   -60
   620   -61
   621   -61
   622   -61
   623   -61
   624   -61
   625   -61
   626   -61
   627   -61
   628   -61
   629   -62
   630   -60
   631   -62
   632   -60
   633   -62
   634   -60
   635   -62
   636   -61
   637   -62
   638   -61
   639   -61
   640   -61
   641   -61
   642   -61
   643   -61
   644   -61
   645   -60
   646   -62
   647   -60
   648   -62
   649   -60
   650   -62
   651   -60
   652   -62
   653   -61
   654   -61
   655   -61
   656   -61
   657   -61
   658   -61
   659   -61
   660   -61
   661   -61
   662   -60
   663   -61
   664   -61
   665   -62
   666   -60
   667   -62
   668   -60
   669   -62
   670   -61
   671   -61
   672   -61
   673   -62
   674   -61
   675   -61
   676   -61
   677   -61
   678   -61
   679   -61
   680   -62
   681   -60
   682   -62
   683   -61
   684   -62
   685   -61
   686   -61
   687   -61
   688   -61
   689   -61
   690   -61
   691   -61
   692   -61
   693   -61
   694   -61
   695   -62
   696   -60
   697   -62
   698   -60
   699   -62
   700   -60
   701   -62
   702   -61
   703   -62
   704   -61
   705   -61
   706   -61
   707   -61
   708   -61
   709   -61
   710   -61
   711   -61
   712   -62
   713   -60
   714   -62
   715   -60
   716   -62
   717   -60
   718   -62
   719   -61
   720   -62
   721   -61
   722   -61
   723   -61
   724   -61
   725   -61
   726   -61
   727   -61
   728   -61
   729   -62
   730   -61
   731   -62
   732   -60
   733   -62
   734   -60
   735   -62
   736   -61
   737   -61
   738   -61
   739   -61
   740   -61
   741   -61
   742   -61
   743   -61
   744   -61
   745   -61
   746   -62
   747   -61
   748   -62
   749   -60
   750   -61
   751   -61
   752   -61
   753   -61
   754   -61
   755   -61
   756   -61
   757   -61
   758   -61
   759   -62
   760   -60
   761   -62
   762   -60
   763   -61
   764   -60
   765   -62
   766   -61
   767   -62
   768   -60
   769   -61
   770   -61
   771   -61
   772   -61
   773   -61
   774   -61
   775   -61
   776   -62
   777   -61
   778   -62
   779   -60
   780   -62
   781   -60
   782   -62
   783   -60
   784   -62
   785   -61
   786   -62
   787   -61
   788   -61
   789   -61
   790   -61
   791   -61
   792   -61
   793   -61
   794   -61
   795   -62
   796   -60
   797   -62
   798   -60
   799   -62
   800   -61
   801   -62
   802   -61
   803   -61
   804   -61
   805   -61
   806   -61
   807   -61
   808   -62
   809   -61
   810   -62
   811   -60
   812   -62
   813   -60
   814   -62
   815   -60
   816   -61
   817   -61
   818   -61
   819   -61
   820   -61
   821   -61
   822   -61
   823   -61
   824   -60
   825   -62
   826   -60
   827   -62
   828   -60
   829   -62
   830   -60
   831   -62
   832   -60
   833   -62
   834   -60
   835   -61
   836   -61
   837   -61
   838   -61
   839   -61
   840   -61
   841   -61
   842   -62
   843   -60
   844   -62
   845   -60
   846   -62
   847   -60
   848   -62
   849   -60
   850   -62
   851   -61
   852   -61
   853   -61
   854   -61
   855   -61
   856   -61
   857   -62
   858   -61
   859   -62
   860   -60
   861   -62
   862   -61
   863   -62
   864   -60
   865   -62
   866   -61
   867   -62
   868   -61
   869   -61
   870   -61
   871   -61
   872   -61
   873   -61
   874   -62
   875   -60
   876   -62
   877   -60
   878   -62
   879   -60
   880   -62
   881   -60
   882   -62
   883   -61
   884   -62
   885   -61
   886   -61
   887   -61
   888   -61
   889   -61
   890   -61
   891   -62
   892   -60
   893   -62
   894   -60
   895   -62
   896   -60
   897   -62
   898   -60
   899   -62
   900   -61
   901   -61
   902   -61
   903   -61
   904   -61
   905   -61
   906   -61
   907   -61
   908   -61
   909   -60
   910   -62
   911   -60
   912   -62
   913   -60
   914   -62
   915   -61
   916   -62
   917   -61
   918   -61
   919   -61
   920   -61
   921   -61
   922   -61
   923   -61
   924   -61
   925   -62
   926   -60
   927   -62
   928   -60
   929   -62
   930   -60
   931   -62
   932   -61
   933   -62
   934   -61
   935   -61
   936   -61
   937   -61
   938   -61
   939   -60
   940   -62
   941   -60
   942   -62
   943   -60
   944   -62
   945   -60
   946   -62
   947   -61
   948   -62
   949   -61
   950   -62
   951   -61
   952   -61
   953   -61
   954   -61
   955   -61
   956   -60
   957   -62
   958   -60
   959   -62
   960   -60
   961   -62
   962   -60
   963   -62
   964   -60
   965   -62
   966   -61
   967   -61
   968   -61
   969   -61
   970   -61
   971   -61
   972   -61
   973   -61
   974   -61
   975   -60
   976   -62
   977   -60
   978   -62
   979   -61
   980   -62
   981   -60
   982   -62
   983   -61
   984   -61
   985   -61
   986   -61
   987   -61
   988   -61
   989   -62
   990   -61
   991   -61
   992   -61
   993   -62
   994   -60
   995   -62
   996   -61
   997   -62
   998   -61
   999   -61
