   0   0
   1   -67
   2   -67
   3   -68
   4   -68
   5   -68
   6   -68
   7   -68
   8   -68
   9   -67
   10   -67
   11   -67
   12   -67
   13   -67
   14   -67
   15   -67
   16   -67
   17   -67
   18   -67
   19   -68
   20   -68
   21   -68
   22   -68
   23   -68
   24   -68
   25   -67
   26   -67
   27   -67
   28   -67
   29   -67
   30   -67
   31   -67
   32   -67
   33   -67
   34   -68
   35   -68
   36   -68
   37   -68
   38   -68
   39   -68
   40   -68
   41   -68
   42   -68
   43   -68
   44   -67
   45   -67
   46   -67
   47   -67
   48   -67
   49   -68
   50   -68
   51   -68
   52   -67
   53   -68
   54   -68
   55   -68
   56   -68
   57   -68
   58   -68
   59   -67
   60   -67
   61   -67
   62   -67
   63   -67
   64   -67
   65   -67
   66   -67
   67   -67
   68   -67
   69   -68
   70   -68
   71   -68
   72   -68
   73   -68
   74   -67
   75   -68
   76   -67
   77   -67
   78   -67
   79   -67
   80   -67
   81   -68
   82   -67
   83   -68
   84   -68
   85   -68
   86   -68
   87   -68
   88   -68
   89   -68
   90   -68
   91   -68
   92   -67
   93   -67
   94   -67
   95   -67
   96   -67
   97   -67
   98   -67
   99   -67
   100   -67
   101   -68
   102   -67
   103   -68
   104   -68
   105   -68
   106   -68
   107   -67
   108   -67
   109   -67
   110   -67
   111   -67
   112   -67
   113   -67
   114   -67
   115   -67
   116   -68
   117   -68
   118   -68
   119   -68
   120   -69
   121   -68
   122   -68
   123   -68
   124   -68
   125   -67
   126   -67
   127   -67
   128   -67
   129   -67
   130   -67
   131   -67
   132   -67
   133   -67
   134   -68
   135   -68
   136   -68
   137   -68
   138   -68
   139   -68
   140   -67
   141   -68
   142   -67
   143   -67
   144   -67
   145   -67
   146   -67
   147   -67
   148   -67
   149   -67
   150   -67
   151   -68
   152   -68
   153   -68
   154   -68
   155   -68
   156   -68
   157   -68
   158   -68
   159   -68
   160   -67
   161   -67
   162   -67
   163   -67
   164   -67
   165   -67
   166   -67
   167   -68
   168   -68
   169   -68
   170   -67
   171   -67
   172   -68
   173   -67
   174   -67
   175   -67
   176   -67
   177   -67
   178   -67
   179   -67
   180   -67
   181   -67
   182   -67
   183   -67
   184   -68
   185   -68
   186   -68
   187   -68
   188   -68
   189   -68
   190   -68
   191   -68
   192   -67
   193   -68
   194   -67
   195   -67
   196   -67
   197   -67
   198   -67
   199   -68
   200   -68
   201   -37
   202   26
   203   -25
   204   -26
   205   -20
   206   -18
   207   -20
   208   -18
   209   -18
   210   -18
   211   -17
   212   -16
   213   -17
   214   -17
   215   -17
   216   -17
   217   -17
   218   -17
   219   -17
   220   -16
   221   -17
   222   -18
   223   -16
   224   -17
   225   -17
   226   -16
   227   -16
   228   -17
   229   -16
   230   -17
   231   -17
   232   -16
   233   -18
   234   -17
   235   -17
   236   -18
   237   -17
   238   -17
   239   -17
   240   -17
   241   -16
   242   -17
   243   -17
   244   -16
   245   -17
   246   -17
   247   -17
   248   -17
   249   -18
   250   -18
   251   -18
   252   -18
   253   -18
   254   -19
   255   -18
   256   -18
   257   -19
   258   -18
   259   -18
   260   -18
   261   -19
   262   -19
   263   -19
   264   -19
   265   -20
   266   -20
   267   -20
   268   -20
   269   -20
   270   -20
   271   -20
   272   -20
   273   -20
   274   -20
   275   -20
   276   -19
   277   -19
   278   -20
   279   -20
   280   -20
   281   -20
   282   -20
   283   -21
   284   -21
   285   -21
   286   -21
   287   -21
   288   -21
   289   -21
   290   -21
   291   -21
   292   -21
   293   -21
   294   -21
   295   -22
   296   -22
   297   -22
   298   -22
   299   -23
   300   -23
   301   -23
   302   -23
   303   -23
   304   -23
   305   -23
   306   -23
   307   -23
   308   -23
   309   -22
   310   -23
   311   -23
   312   -23
   313   -23
   314   -24
   315   -24
   316   -23
   317   -24
   318   -24
   319   -24
   320   -24
   321   -24
   322   -24
   323   -24
   324   -24
   325   -24
   326   -24
   327   -24
   328   -24
   329   -25
   330   -25
   331   -25
   332   -25
   333   -26
   334   -26
   335   -26
   336   -26
   337   -26
   338   -26
   339   -26
   340   -26
   341   -26
   342   -26
   343   -26
   344   -26
   345   -26
   346   -26
   347   -27
   348   -27
   349   -26
   350   -27
   351   -27
   352   -27
   353   -27
   354   -27
   355   -27
   356   -27
   357   -27
   358   -27
   359   -27
   360   -27
   361   -27
   362   -27
   363   -28
   364   -28
   365   -29
   366   -29
   367   -28
   368   -29
   369   -29
   370   -29
   371   -29
   372   -28
   373   -28
   374   -29
   375   -28
   376   -28
   377   -29
   378   -29
   379   -29
   380   -29
   381   -29
   382   -30
   383   -30
   384   -30
   385   -30
   386   -30
   387   -30
   388   -30
   389   -30
   390   -29
   391   -30
   392   -29
   393   -29
   394   -30
   395   -30
   396   -31
   397   -30
   398   -31
   399   -31
   400   -31
   401   -32
   402   -32
   403   -32
   404   -32
   405   -32
   406   -32
   407   -32
   408   -32
   409   -33
   410   -33
   411   -34
   412   -34
   413   -35
   414   -35
   415   -36
   416   -37
   417   -37
   418   -37
   419   -38
   420   -38
   421   -39
   422   -40
   423   -40
   424   -41
   425   -41
   426   -42
   427   -42
   428   -44
   429   -44
   430   -45
   431   -46
   432   -47
   433   -48
   434   -48
   435   -50
   436   -50
   437   -51
   438   -51
   439   -52
   440   -53
   441   -53
   442   -54
   443   -55
   444   -56
   445   -56
   446   -57
   447   -58
   448   -59
   449   -59
   450   -60
   451   -60
   452   -61
   453   -61
   454   -62
   455   -62
   456   -63
   457   -63
   458   -63
   459   -63
   460   -64
   461   -64
   462   -65
   463   -65
   464   -66
   465   -65
   466   -66
   467   -66
   468   -66
   469   -66
   470   -66
   471   -66
   472   -66
   473   -66
   474   -66
   475   -66
   476   -66
   477   -66
   478   -66
   479   -67
   480   -67
   481   -67
   482   -68
   483   -67
   484   -67
   485   -67
   486   -67
   487   -67
   488   -67
   489   -67
   490   -67
   491   -67
   492   -67
   493   -67
   494   -67
   495   -67
   496   -67
   497   -67
   498   -67
   499   -67
   500   -68
   501   -68
   502   -67
   503   -67
   504   -67
   505   -66
   506   -67
   507   -66
   508   -66
   509   -67
   510   -67
   511   -67
   512   -67
   513   -67
   514   -68
   515   -67
   516   -68
   517   -67
   518   -67
   519   -67
   520   -67
   521   -67
   522   -67
   523   -67
   524   -67
   525   -67
   526   -67
   527   -67
   528   -67
   529   -67
   530   -68
   531   -68
   532   -68
   533   -67
   534   -68
   535   -68
   536   -67
   537   -67
   538   -67
   539   -67
   540   -67
   541   -66
   542   -66
   543   -67
   544   -67
   545   -67
   546   -67
   547   -67
   548   -68
   549   -68
   550   -67
   551   -67
   552   -67
   553   -68
   554   -67
   555   -67
   556   -67
   557   -66
   558   -67
   559   -67
   560   -67
   561   -67
   562   -67
   563   -67
   564   -67
   565   -68
   566   -68
   567   -68
   568   -68
   569   -68
   570   -67
   571   -67
   572   -67
   573   -67
   574   -67
   575   -67
   576   -67
   577   -67
   578   -67
   579   -67
   580   -67
   581   -67
   582   -67
   583   -67
   584   -67
   585   -67
   586   -67
   587   -66
   588   -67
   589   -66
   590   -67
   591   -66
   592   -66
   593   -67
   594   -67
   595   -67
   596   -68
   597   -68
   598   -68
   599   -68
   600   -68
   601   -68
   602   -67
   603   -68
   604   -67
   605   -67
   606   -67
   607   -67
   608   -67
   609   -67
   610   -67
   611   -67
   612   -67
   613   -67
   614   -68
   615   -67
   616   -68
   617   -67
   618   -67
   619   -67
   620   -66
   621   -67
   622   -66
   623   -66
   624   -66
   625   -67
   626   -67
   627   -67
   628   -67
   629   -68
   630   -68
   631   -67
   632   -67
   633   -68
   634   -67
   635   -67
   636   -67
   637   -67
   638   -67
   639   -67
   640   -67
   641   -67
   642   -67
   643   -67
   644   -67
   645   -68
   646   -68
   647   -68
   648   -68
   649   -68
   650   -67
   651   -67
   652   -67
   653   -67
   654   -67
   655   -66
   656   -67
   657   -66
   658   -66
   659   -67
   660   -67
   661   -67
   662   -67
   663   -67
   664   -67
   665   -67
   666   -67
   667   -67
   668   -67
   669   -67
   670   -67
   671   -67
   672   -67
   673   -67
   674   -67
   675   -67
   676   -67
   677   -68
   678   -67
   679   -68
   680   -68
   681   -68
   682   -68
   683   -68
   684   -67
   685   -67
   686   -67
   687   -67
   688   -67
   689   -66
   690   -66
   691   -67
   692   -67
   693   -66
   694   -67
   695   -67
   696   -67
   697   -67
   698   -68
   699   -68
   700   -67
   701   -67
   702   -67
   703   -67
   704   -67
   705   -67
   706   -67
   707   -66
   708   -67
   709   -67
   710   -67
   711   -68
   712   -68
   713   -68
   714   -68
   715   -68
   716   -68
   717   -68
   718   -67
   719   -67
   720   -67
   721   -67
   722   -66
   723   -67
   724   -66
   725   -67
   726   -67
   727   -67
   728   -67
   729   -67
   730   -67
   731   -67
   732   -67
   733   -67
   734   -67
   735   -66
   736   -67
   737   -67
   738   -66
   739   -67
   740   -67
   741   -67
   742   -67
   743   -67
   744   -68
   745   -68
   746   -68
   747   -68
   748   -68
   749   -68
   750   -68
   751   -68
   752   -67
   753   -67
   754   -66
   755   -67
   756   -66
   757   -67
   758   -67
   759   -67
   760   -67
   761   -67
   762   -68
   763   -67
   764   -67
   765   -67
   766   -67
   767   -68
   768   -67
   769   -66
   770   -67
   771   -66
   772   -66
   773   -66
   774   -67
   775   -67
   776   -67
   777   -67
   778   -68
   779   -68
   780   -68
   781   -68
   782   -68
   783   -68
   784   -67
   785   -67
   786   -67
   787   -67
   788   -67
   789   -67
   790   -68
   791   -67
   792   -67
   793   -68
   794   -67
   795   -67
   796   -68
   797   -67
   798   -67
   799   -67
   800   -67
   801   -67
   802   -66
   803   -67
   804   -66
   805   -66
   806   -67
   807   -66
   808   -66
   809   -67
   810   -67
   811   -67
   812   -68
   813   -67
   814   -68
   815   -68
   816   -68
   817   -67
   818   -67
   819   -67
   820   -67
   821   -68
   822   -67
   823   -67
   824   -67
   825   -68
   826   -68
   827   -67
   828   -68
   829   -68
   830   -67
   831   -67
   832   -67
   833   -67
   834   -67
   835   -67
   836   -67
   837   -67
   838   -66
   839   -67
   840   -66
   841   -67
   842   -67
   843   -67
   844   -68
   845   -68
   846   -67
   847   -67
   848   -68
   849   -67
   850   -67
   851   -67
   852   -66
   853   -67
   854   -67
   855   -67
   856   -67
   857   -67
   858   -68
   859   -67
   860   -68
   861   -68
   862   -68
   863   -68
   864   -67
   865   -67
   866   -67
   867   -67
   868   -67
   869   -66
   870   -67
   871   -67
   872   -66
   873   -67
   874   -67
   875   -67
   876   -67
   877   -68
   878   -67
   879   -67
   880   -67
   881   -68
   882   -67
   883   -67
   884   -67
   885   -67
   886   -67
   887   -67
   888   -67
   889   -67
   890   -68
   891   -68
   892   -68
   893   -68
   894   -68
   895   -68
   896   -68
   897   -68
   898   -67
   899   -67
   900   -67
   901   -67
   902   -67
   903   -67
   904   -67
   905   -66
   906   -67
   907   -67
   908   -67
   909   -67
   910   -67
   911   -68
   912   -67
   913   -67
   914   -67
   915   -67
   916   -67
   917   -67
   918   -67
   919   -67
   920   -67
   921   -67
   922   -67
   923   -67
   924   -67
   925   -68
   926   -68
   927   -68
   928   -68
   929   -68
   930   -67
   931   -68
   932   -67
   933   -67
   934   -67
   935   -67
   936   -67
   937   -67
   938   -67
   939   -67
   940   -67
   941   -67
   942   -67
   943   -68
   944   -67
   945   -67
   946   -67
   947   -67
   948   -67
   949   -67
   950   -67
   951   -67
   952   -66
   953   -67
   954   -67
   955   -67
   956   -67
   957   -67
   958   -67
   959   -68
   960   -68
   961   -67
   962   -68
   963   -67
   964   -67
   965   -67
   966   -67
   967   -67
   968   -67
   969   -67
   970   -67
   971   -67
   972   -67
   973   -67
   974   -67
   975   -67
   976   -67
   977   -68
   978   -68
   979   -67
   980   -67
   981   -67
   982   -67
   983   -66
   984   -67
   985   -67
   986   -67
   987   -66
   988   -67
   989   -67
   990   -67
   991   -67
   992   -67
   993   -68
   994   -68
   995   -67
   996   -68
   997   -67
   998   -67
   999   -67
