   0   0
   1   -61
   2   -61
   3   -61
   4   -61
   5   -62
   6   -60
   7   -62
   8   -61
   9   -62
   10   -60
   11   -61
   12   -61
   13   -62
   14   -61
   15   -61
   16   -61
   17   -61
   18   -61
   19   -61
   20   -61
   21   -61
   22   -61
   23   -61
   24   -62
   25   -61
   26   -62
   27   -61
   28   -62
   29   -61
   30   -61
   31   -61
   32   -61
   33   -61
   34   -61
   35   -61
   36   -61
   37   -61
   38   -61
   39   -61
   40   -61
   41   -62
   42   -61
   43   -62
   44   -61
   45   -61
   46   -61
   47   -61
   48   -61
   49   -61
   50   -61
   51   -61
   52   -61
   53   -61
   54   -61
   55   -61
   56   -62
   57   -61
   58   -61
   59   -60
   60   -62
   61   -61
   62   -61
   63   -61
   64   -61
   65   -61
   66   -61
   67   -61
   68   -61
   69   -61
   70   -61
   71   -61
   72   -61
   73   -61
   74   -61
   75   -62
   76   -61
   77   -62
   78   -61
   79   -61
   80   -61
   81   -61
   82   -61
   83   -61
   84   -61
   85   -61
   86   -61
   87   -61
   88   -62
   89   -61
   90   -61
   91   -61
   92   -61
   93   -61
   94   -61
   95   -61
   96   -61
   97   -61
   98   -61
   99   -61
   100   -61
   101   -61
   102   -61
   103   -61
   104   -61
   105   -61
   106   -61
   107   -62
   108   -61
   109   -62
   110   -61
   111   -61
   112   -61
   113   -61
   114   -61
   115   -61
   116   -61
   117   -61
   118   -61
   119   -61
   120   -62
   121   -61
   122   -62
   123   -61
   124   -62
   125   -60
   126   -62
   127   -61
   128   -62
   129   -61
   130   -61
   131   -61
   132   -61
   133   -61
   134   -61
   135   -61
   136   -61
   137   -61
   138   -61
   139   -61
   140   -61
   141   -61
   142   -61
   143   -61
   144   -61
   145   -61
   146   -61
   147   -61
   148   -61
   149   -61
   150   -61
   151   -61
   152   -61
   153   -61
   154   -61
   155   -61
   156   -61
   157   -61
   158   -61
   159   -61
   160   -61
   161   -61
   162   -61
   163   -61
   164   -61
   165   -61
   166   -61
   167   -61
   168   -61
   169   -61
   170   -61
   171   -61
   172   -61
   173   -61
   174   -61
   175   -61
   176   -61
   177   -61
   178   -61
   179   -61
   180   -61
   181   -61
   182   -61
   183   -61
   184   -61
   185   -61
   186   -62
   187   -61
   188   -61
   189   -60
   190   -61
   191   -61
   192   -61
   193   -61
   194   -60
   195   -60
   196   -61
   197   -61
   198   -62
   199   -61
   200   -62
   201   -60
   202   -41
   203   1
   204   24
   205   27
   206   24
   207   20
   208   19
   209   19
   210   19
   211   20
   212   19
   213   20
   214   19
   215   20
   216   20
   217   20
   218   19
   219   20
   220   19
   221   19
   222   19
   223   20
   224   20
   225   19
   226   19
   227   19
   228   19
   229   19
   230   19
   231   19
   232   19
   233   19
   234   19
   235   19
   236   19
   237   19
   238   20
   239   19
   240   20
   241   19
   242   19
   243   18
   244   19
   245   19
   246   19
   247   19
   248   19
   249   19
   250   18
   251   19
   252   19
   253   19
   254   18
   255   19
   256   18
   257   19
   258   18
   259   19
   260   18
   261   19
   262   18
   263   19
   264   19
   265   18
   266   18
   267   18
   268   18
   269   18
   270   19
   271   18
   272   18
   273   18
   274   18
   275   18
   276   18
   277   18
   278   18
   279   18
   280   18
   281   18
   282   18
   283   18
   284   17
   285   18
   286   17
   287   18
   288   17
   289   18
   290   17
   291   17
   292   17
   293   18
   294   17
   295   17
   296   18
   297   17
   298   17
   299   17
   300   17
   301   17
   302   17
   303   17
   304   18
   305   17
   306   18
   307   17
   308   17
   309   17
   310   17
   311   17
   312   17
   313   17
   314   17
   315   17
   316   17
   317   17
   318   16
   319   17
   320   16
   321   17
   322   16
   323   17
   324   16
   325   17
   326   16
   327   16
   328   16
   329   16
   330   16
   331   16
   332   16
   333   16
   334   16
   335   16
   336   16
   337   16
   338   16
   339   16
   340   16
   341   16
   342   16
   343   16
   344   15
   345   16
   346   15
   347   16
   348   15
   349   15
   350   15
   351   16
   352   15
   353   16
   354   15
   355   15
   356   15
   357   15
   358   15
   359   15
   360   15
   361   15
   362   15
   363   15
   364   15
   365   14
   366   15
   367   14
   368   15
   369   14
   370   15
   371   14
   372   15
   373   14
   374   14
   375   14
   376   14
   377   14
   378   14
   379   14
   380   14
   381   14
   382   13
   383   14
   384   13
   385   14
   386   12
   387   13
   388   11
   389   11
   390   10
   391   9
   392   7
   393   5
   394   3
   395   0
   396   -3
   397   -6
   398   -10
   399   -14
   400   -18
   401   -23
   402   -27
   403   -31
   404   -35
   405   -39
   406   -42
   407   -45
   408   -48
   409   -50
   410   -53
   411   -54
   412   -55
   413   -56
   414   -58
   415   -58
   416   -59
   417   -59
   418   -59
   419   -59
   420   -60
   421   -60
   422   -60
   423   -60
   424   -60
   425   -60
   426   -60
   427   -60
   428   -60
   429   -60
   430   -60
   431   -61
   432   -60
   433   -60
   434   -60
   435   -60
   436   -60
   437   -61
   438   -60
   439   -60
   440   -60
   441   -60
   442   -60
   443   -60
   444   -60
   445   -60
   446   -60
   447   -60
   448   -61
   449   -60
   450   -61
   451   -60
   452   -61
   453   -60
   454   -61
   455   -60
   456   -61
   457   -60
   458   -60
   459   -61
   460   -60
   461   -60
   462   -60
   463   -60
   464   -60
   465   -61
   466   -60
   467   -61
   468   -60
   469   -61
   470   -60
   471   -60
   472   -60
   473   -60
   474   -60
   475   -60
   476   -61
   477   -60
   478   -61
   479   -60
   480   -61
   481   -60
   482   -61
   483   -60
   484   -61
   485   -60
   486   -61
   487   -60
   488   -61
   489   -60
   490   -60
   491   -61
   492   -61
   493   -61
   494   -60
   495   -61
   496   -60
   497   -61
   498   -60
   499   -61
   500   -61
   501   -61
   502   -60
   503   -61
   504   -60
   505   -61
   506   -61
   507   -61
   508   -61
   509   -61
   510   -61
   511   -61
   512   -61
   513   -60
   514   -61
   515   -60
   516   -61
   517   -61
   518   -61
   519   -61
   520   -61
   521   -61
   522   -61
   523   -61
   524   -61
   525   -61
   526   -61
   527   -61
   528   -61
   529   -61
   530   -61
   531   -61
   532   -61
   533   -61
   534   -60
   535   -61
   536   -61
   537   -61
   538   -61
   539   -60
   540   -61
   541   -60
   542   -61
   543   -61
   544   -61
   545   -60
   546   -61
   547   -60
   548   -61
   549   -60
   550   -61
   551   -61
   552   -61
   553   -61
   554   -61
   555   -61
   556   -61
   557   -61
   558   -61
   559   -61
   560   -61
   561   -61
   562   -61
   563   -61
   564   -60
   565   -61
   566   -61
   567   -61
   568   -61
   569   -61
   570   -61
   571   -61
   572   -60
   573   -61
   574   -61
   575   -61
   576   -61
   577   -61
   578   -61
   579   -61
   580   -61
   581   -61
   582   -61
   583   -61
   584   -61
   585   -61
   586   -61
   587   -61
   588   -61
   589   -61
   590   -61
   591   -61
   592   -61
   593   -61
   594   -61
   595   -61
   596   -61
   597   -61
   598   -61
   599   -61
   600   -61
   601   -61
   602   -61
   603   -61
   604   -61
   605   -61
   606   -61
   607   -61
   608   -61
   609   -61
   610   -61
   611   -61
   612   -61
   613   -61
   614   -61
   615   -61
   616   -61
   617   -61
   618   -61
   619   -61
   620   -61
   621   -61
   622   -61
   623   -61
   624   -61
   625   -61
   626   -60
   627   -61
   628   -61
   629   -61
   630   -60
   631   -61
   632   -61
   633   -61
   634   -61
   635   -61
   636   -61
   637   -61
   638   -61
   639   -61
   640   -61
   641   -61
   642   -61
   643   -61
   644   -61
   645   -61
   646   -61
   647   -61
   648   -61
   649   -61
   650   -61
   651   -61
   652   -61
   653   -61
   654   -61
   655   -61
   656   -61
   657   -61
   658   -61
   659   -61
   660   -61
   661   -61
   662   -61
   663   -61
   664   -60
   665   -61
   666   -61
   667   -61
   668   -61
   669   -61
   670   -61
   671   -61
   672   -61
   673   -61
   674   -61
   675   -61
   676   -61
   677   -61
   678   -61
   679   -61
   680   -61
   681   -61
   682   -61
   683   -61
   684   -61
   685   -61
   686   -61
   687   -61
   688   -61
   689   -61
   690   -61
   691   -61
   692   -61
   693   -61
   694   -61
   695   -61
   696   -61
   697   -61
   698   -61
   699   -61
   700   -61
   701   -61
   702   -61
   703   -61
   704   -61
   705   -61
   706   -61
   707   -61
   708   -61
   709   -61
   710   -61
   711   -61
   712   -61
   713   -61
   714   -61
   715   -61
   716   -61
   717   -61
   718   -61
   719   -61
   720   -61
   721   -61
   722   -61
   723   -61
   724   -60
   725   -61
   726   -61
   727   -61
   728   -61
   729   -61
   730   -61
   731   -61
   732   -61
   733   -61
   734   -61
   735   -61
   736   -61
   737   -60
   738   -61
   739   -61
   740   -61
   741   -61
   742   -61
   743   -61
   744   -61
   745   -61
   746   -61
   747   -61
   748   -61
   749   -61
   750   -61
   751   -61
   752   -61
   753   -61
   754   -61
   755   -61
   756   -61
   757   -61
   758   -61
   759   -61
   760   -61
   761   -61
   762   -61
   763   -61
   764   -61
   765   -61
   766   -61
   767   -61
   768   -61
   769   -61
   770   -61
   771   -61
   772   -61
   773   -61
   774   -61
   775   -61
   776   -61
   777   -61
   778   -61
   779   -61
   780   -61
   781   -61
   782   -61
   783   -61
   784   -61
   785   -61
   786   -61
   787   -61
   788   -61
   789   -61
   790   -61
   791   -61
   792   -61
   793   -61
   794   -61
   795   -61
   796   -61
   797   -61
   798   -61
   799   -61
   800   -61
   801   -61
   802   -61
   803   -60
   804   -61
   805   -61
   806   -61
   807   -61
   808   -61
   809   -61
   810   -61
   811   -61
   812   -61
   813   -61
   814   -61
   815   -61
   816   -61
   817   -61
   818   -61
   819   -61
   820   -61
   821   -61
   822   -61
   823   -61
   824   -61
   825   -61
   826   -61
   827   -61
   828   -61
   829   -61
   830   -61
   831   -61
   832   -61
   833   -61
   834   -61
   835   -61
   836   -61
   837   -61
   838   -61
   839   -61
   840   -61
   841   -61
   842   -61
   843   -61
   844   -61
   845   -61
   846   -61
   847   -61
   848   -61
   849   -61
   850   -61
   851   -61
   852   -61
   853   -61
   854   -60
   855   -61
   856   -61
   857   -61
   858   -61
   859   -61
   860   -61
   861   -61
   862   -61
   863   -61
   864   -61
   865   -61
   866   -61
   867   -61
   868   -61
   869   -61
   870   -61
   871   -60
   872   -61
   873   -61
   874   -61
   875   -61
   876   -61
   877   -61
   878   -61
   879   -61
   880   -61
   881   -61
   882   -61
   883   -61
   884   -61
   885   -61
   886   -61
   887   -61
   888   -61
   889   -61
   890   -61
   891   -61
   892   -61
   893   -61
   894   -61
   895   -61
   896   -61
   897   -61
   898   -61
   899   -61
   900   -61
   901   -61
   902   -61
   903   -61
   904   -61
   905   -61
   906   -61
   907   -61
   908   -61
   909   -61
   910   -61
   911   -61
   912   -61
   913   -61
   914   -61
   915   -61
   916   -60
   917   -61
   918   -61
   919   -61
   920   -61
   921   -61
   922   -61
   923   -61
   924   -61
   925   -61
   926   -61
   927   -61
   928   -61
   929   -61
   930   -61
   931   -61
   932   -61
   933   -61
   934   -61
   935   -61
   936   -61
   937   -61
   938   -61
   939   -61
   940   -61
   941   -61
   942   -61
   943   -61
   944   -61
   945   -61
   946   -61
   947   -61
   948   -61
   949   -61
   950   -61
   951   -61
   952   -61
   953   -61
   954   -61
   955   -61
   956   -61
   957   -61
   958   -61
   959   -61
   960   -61
   961   -61
   962   -61
   963   -61
   964   -61
   965   -61
   966   -61
   967   -61
   968   -61
   969   -61
   970   -61
   971   -61
   972   -61
   973   -61
   974   -61
   975   -61
   976   -61
   977   -61
   978   -61
   979   -61
   980   -61
   981   -61
   982   -61
   983   -61
   984   -60
   985   -61
   986   -61
   987   -61
   988   -61
   989   -61
   990   -61
   991   -61
   992   -61
   993   -61
   994   -61
   995   -61
   996   -61
   997   -61
   998   -61
   999   -61
