   0   0
   1   -67
   2   -67
   3   -67
   4   -67
   5   -67
   6   -68
   7   -67
   8   -67
   9   -68
   10   -68
   11   -67
   12   -68
   13   -68
   14   -67
   15   -67
   16   -67
   17   -67
   18   -67
   19   -67
   20   -67
   21   -67
   22   -67
   23   -67
   24   -67
   25   -68
   26   -67
   27   -68
   28   -68
   29   -68
   30   -68
   31   -68
   32   -67
   33   -68
   34   -67
   35   -67
   36   -67
   37   -67
   38   -67
   39   -67
   40   -68
   41   -68
   42   -68
   43   -68
   44   -68
   45   -68
   46   -68
   47   -68
   48   -68
   49   -68
   50   -67
   51   -67
   52   -67
   53   -67
   54   -67
   55   -67
   56   -67
   57   -67
   58   -67
   59   -68
   60   -68
   61   -68
   62   -68
   63   -68
   64   -68
   65   -68
   66   -67
   67   -67
   68   -67
   69   -67
   70   -67
   71   -67
   72   -67
   73   -68
   74   -68
   75   -68
   76   -68
   77   -68
   78   -68
   79   -68
   80   -68
   81   -68
   82   -67
   83   -67
   84   -67
   85   -67
   86   -67
   87   -67
   88   -67
   89   -68
   90   -67
   91   -68
   92   -68
   93   -68
   94   -68
   95   -68
   96   -68
   97   -68
   98   -67
   99   -67
   100   -67
   101   -67
   102   -67
   103   -67
   104   -68
   105   -68
   106   -68
   107   -68
   108   -68
   109   -68
   110   -68
   111   -68
   112   -68
   113   -68
   114   -67
   115   -67
   116   -67
   117   -67
   118   -67
   119   -67
   120   -67
   121   -67
   122   -67
   123   -68
   124   -68
   125   -68
   126   -68
   127   -68
   128   -68
   129   -67
   130   -68
   131   -67
   132   -67
   133   -67
   134   -67
   135   -67
   136   -67
   137   -67
   138   -67
   139   -68
   140   -68
   141   -68
   142   -68
   143   -68
   144   -68
   145   -68
   146   -68
   147   -68
   148   -67
   149   -67
   150   -67
   151   -67
   152   -67
   153   -67
   154   -67
   155   -67
   156   -68
   157   -68
   158   -68
   159   -68
   160   -68
   161   -68
   162   -68
   163   -68
   164   -67
   165   -67
   166   -67
   167   -67
   168   -67
   169   -67
   170   -67
   171   -68
   172   -67
   173   -68
   174   -69
   175   -68
   176   -69
   177   -68
   178   -68
   179   -68
   180   -68
   181   -67
   182   -67
   183   -67
   184   -67
   185   -67
   186   -67
   187   -67
   188   -67
   189   -67
   190   -68
   191   -68
   192   -68
   193   -68
   194   -68
   195   -68
   196   -67
   197   -67
   198   -67
   199   -67
   200   -67
   201   -31
   202   89
   203   49
   204   42
   205   48
   206   51
   207   50
   208   53
   209   53
   210   54
   211   55
   212   57
   213   56
   214   57
   215   58
   216   58
   217   58
   218   59
   219   58
   220   59
   221   59
   222   57
   223   58
   224   58
   225   58
   226   59
   227   59
   228   59
   229   59
   230   60
   231   59
   232   60
   233   60
   234   60
   235   60
   236   59
   237   59
   238   59
   239   58
   240   57
   241   58
   242   58
   243   58
   244   58
   245   58
   246   58
   247   59
   248   60
   249   60
   250   59
   251   59
   252   59
   253   58
   254   58
   255   58
   256   57
   257   57
   258   57
   259   58
   260   58
   261   58
   262   58
   263   59
   264   59
   265   59
   266   59
   267   59
   268   58
   269   58
   270   57
   271   57
   272   56
   273   56
   274   56
   275   56
   276   56
   277   57
   278   57
   279   57
   280   57
   281   58
   282   58
   283   57
   284   57
   285   57
   286   57
   287   56
   288   55
   289   54
   290   54
   291   53
   292   52
   293   51
   294   50
   295   48
   296   46
   297   43
   298   39
   299   36
   300   31
   301   26
   302   20
   303   14
   304   8
   305   1
   306   -4
   307   -11
   308   -16
   309   -21
   310   -26
   311   -31
   312   -36
   313   -39
   314   -44
   315   -47
   316   -50
   317   -53
   318   -56
   319   -58
   320   -60
   321   -62
   322   -63
   323   -64
   324   -66
   325   -66
   326   -66
   327   -65
   328   -66
   329   -65
   330   -65
   331   -65
   332   -65
   333   -65
   334   -66
   335   -66
   336   -67
   337   -67
   338   -67
   339   -67
   340   -68
   341   -67
   342   -67
   343   -67
   344   -66
   345   -66
   346   -66
   347   -66
   348   -66
   349   -66
   350   -66
   351   -67
   352   -67
   353   -67
   354   -68
   355   -68
   356   -68
   357   -68
   358   -67
   359   -67
   360   -67
   361   -66
   362   -65
   363   -65
   364   -65
   365   -65
   366   -66
   367   -66
   368   -67
   369   -67
   370   -68
   371   -67
   372   -68
   373   -68
   374   -68
   375   -67
   376   -67
   377   -66
   378   -66
   379   -66
   380   -66
   381   -66
   382   -66
   383   -66
   384   -67
   385   -67
   386   -67
   387   -68
   388   -68
   389   -68
   390   -68
   391   -67
   392   -67
   393   -67
   394   -66
   395   -66
   396   -65
   397   -66
   398   -66
   399   -66
   400   -67
   401   -67
   402   -67
   403   -67
   404   -68
   405   -68
   406   -68
   407   -68
   408   -67
   409   -67
   410   -66
   411   -66
   412   -66
   413   -66
   414   -66
   415   -66
   416   -67
   417   -67
   418   -67
   419   -68
   420   -68
   421   -68
   422   -68
   423   -68
   424   -67
   425   -67
   426   -67
   427   -66
   428   -66
   429   -66
   430   -66
   431   -66
   432   -66
   433   -66
   434   -67
   435   -68
   436   -67
   437   -68
   438   -68
   439   -68
   440   -68
   441   -67
   442   -67
   443   -66
   444   -66
   445   -66
   446   -66
   447   -66
   448   -67
   449   -67
   450   -67
   451   -68
   452   -68
   453   -68
   454   -68
   455   -68
   456   -68
   457   -68
   458   -67
   459   -67
   460   -66
   461   -66
   462   -66
   463   -66
   464   -66
   465   -66
   466   -67
   467   -67
   468   -67
   469   -68
   470   -68
   471   -68
   472   -68
   473   -67
   474   -67
   475   -67
   476   -66
   477   -66
   478   -66
   479   -66
   480   -66
   481   -67
   482   -67
   483   -68
   484   -68
   485   -68
   486   -69
   487   -68
   488   -68
   489   -68
   490   -68
   491   -67
   492   -66
   493   -66
   494   -66
   495   -66
   496   -66
   497   -66
   498   -66
   499   -67
   500   -67
   501   -68
   502   -68
   503   -68
   504   -68
   505   -68
   506   -67
   507   -67
   508   -66
   509   -66
   510   -66
   511   -66
   512   -66
   513   -66
   514   -67
   515   -67
   516   -68
   517   -68
   518   -68
   519   -69
   520   -68
   521   -68
   522   -68
   523   -68
   524   -67
   525   -67
   526   -66
   527   -66
   528   -66
   529   -66
   530   -66
   531   -67
   532   -67
   533   -68
   534   -67
   535   -68
   536   -68
   537   -68
   538   -67
   539   -67
   540   -67
   541   -66
   542   -66
   543   -66
   544   -66
   545   -66
   546   -66
   547   -67
   548   -67
   549   -67
   550   -68
   551   -68
   552   -68
   553   -68
   554   -68
   555   -68
   556   -67
   557   -67
   558   -67
   559   -66
   560   -66
   561   -66
   562   -66
   563   -66
   564   -67
   565   -67
   566   -67
   567   -68
   568   -68
   569   -67
   570   -68
   571   -68
   572   -67
   573   -67
   574   -67
   575   -66
   576   -66
   577   -66
   578   -66
   579   -66
   580   -67
   581   -67
   582   -68
   583   -68
   584   -68
   585   -68
   586   -68
   587   -68
   588   -67
   589   -67
   590   -67
   591   -67
   592   -66
   593   -66
   594   -66
   595   -67
   596   -67
   597   -67
   598   -67
   599   -67
   600   -68
   601   -68
   602   -68
   603   -68
   604   -67
   605   -67
   606   -67
   607   -66
   608   -66
   609   -66
   610   -66
   611   -66
   612   -66
   613   -67
   614   -67
   615   -68
   616   -68
   617   -68
   618   -68
   619   -68
   620   -68
   621   -68
   622   -67
   623   -67
   624   -66
   625   -67
   626   -66
   627   -67
   628   -67
   629   -67
   630   -67
   631   -67
   632   -68
   633   -67
   634   -68
   635   -68
   636   -67
   637   -67
   638   -66
   639   -67
   640   -66
   641   -66
   642   -66
   643   -66
   644   -66
   645   -67
   646   -67
   647   -68
   648   -68
   649   -68
   650   -68
   651   -68
   652   -68
   653   -67
   654   -67
   655   -67
   656   -67
   657   -67
   658   -66
   659   -66
   660   -67
   661   -67
   662   -67
   663   -67
   664   -68
   665   -68
   666   -68
   667   -68
   668   -68
   669   -67
   670   -67
   671   -67
   672   -67
   673   -66
   674   -66
   675   -66
   676   -66
   677   -66
   678   -67
   679   -67
   680   -67
   681   -67
   682   -67
   683   -68
   684   -68
   685   -68
   686   -67
   687   -67
   688   -67
   689   -67
   690   -67
   691   -67
   692   -67
   693   -67
   694   -67
   695   -67
   696   -68
   697   -68
   698   -68
   699   -68
   700   -68
   701   -68
   702   -67
   703   -67
   704   -67
   705   -66
   706   -66
   707   -66
   708   -66
   709   -66
   710   -66
   711   -67
   712   -67
   713   -68
   714   -67
   715   -68
   716   -67
   717   -68
   718   -68
   719   -67
   720   -67
   721   -67
   722   -67
   723   -66
   724   -67
   725   -67
   726   -67
   727   -67
   728   -67
   729   -68
   730   -68
   731   -68
   732   -68
   733   -68
   734   -68
   735   -67
   736   -67
   737   -66
   738   -66
   739   -66
   740   -66
   741   -66
   742   -67
   743   -67
   744   -67
   745   -67
   746   -68
   747   -68
   748   -68
   749   -68
   750   -68
   751   -67
   752   -67
   753   -67
   754   -66
   755   -66
   756   -67
   757   -66
   758   -67
   759   -67
   760   -68
   761   -68
   762   -68
   763   -68
   764   -68
   765   -68
   766   -68
   767   -68
   768   -67
   769   -67
   770   -67
   771   -67
   772   -66
   773   -66
   774   -67
   775   -66
   776   -67
   777   -67
   778   -67
   779   -68
   780   -67
   781   -68
   782   -67
   783   -67
   784   -67
   785   -67
   786   -66
   787   -66
   788   -66
   789   -67
   790   -67
   791   -67
   792   -67
   793   -67
   794   -68
   795   -68
   796   -68
   797   -68
   798   -68
   799   -68
   800   -67
   801   -67
   802   -67
   803   -67
   804   -66
   805   -67
   806   -67
   807   -66
   808   -67
   809   -67
   810   -68
   811   -67
   812   -67
   813   -68
   814   -67
   815   -68
   816   -67
   817   -67
   818   -66
   819   -67
   820   -66
   821   -66
   822   -66
   823   -67
   824   -67
   825   -67
   826   -68
   827   -68
   828   -68
   829   -68
   830   -68
   831   -68
   832   -68
   833   -67
   834   -67
   835   -67
   836   -66
   837   -66
   838   -67
   839   -67
   840   -67
   841   -67
   842   -68
   843   -67
   844   -68
   845   -67
   846   -68
   847   -67
   848   -67
   849   -67
   850   -67
   851   -66
   852   -66
   853   -66
   854   -66
   855   -66
   856   -67
   857   -67
   858   -68
   859   -67
   860   -68
   861   -68
   862   -68
   863   -68
   864   -68
   865   -67
   866   -67
   867   -67
   868   -67
   869   -66
   870   -66
   871   -67
   872   -67
   873   -67
   874   -67
   875   -68
   876   -68
   877   -68
   878   -68
   879   -68
   880   -68
   881   -67
   882   -67
   883   -67
   884   -66
   885   -66
   886   -66
   887   -66
   888   -66
   889   -67
   890   -67
   891   -68
   892   -68
   893   -68
   894   -68
   895   -68
   896   -68
   897   -68
   898   -67
   899   -67
   900   -67
   901   -67
   902   -66
   903   -67
   904   -67
   905   -67
   906   -67
   907   -68
   908   -68
   909   -68
   910   -68
   911   -68
   912   -68
   913   -67
   914   -67
   915   -66
   916   -67
   917   -66
   918   -66
   919   -66
   920   -66
   921   -67
   922   -67
   923   -67
   924   -67
   925   -68
   926   -68
   927   -68
   928   -68
   929   -68
   930   -68
   931   -67
   932   -67
   933   -67
   934   -67
   935   -67
   936   -66
   937   -67
   938   -67
   939   -67
   940   -67
   941   -68
   942   -67
   943   -68
   944   -68
   945   -68
   946   -67
   947   -67
   948   -67
   949   -66
   950   -66
   951   -66
   952   -67
   953   -67
   954   -67
   955   -67
   956   -67
   957   -68
   958   -68
   959   -68
   960   -68
   961   -68
   962   -67
   963   -67
   964   -67
   965   -67
   966   -67
   967   -67
   968   -67
   969   -67
   970   -67
   971   -67
   972   -68
   973   -68
   974   -68
   975   -68
   976   -68
   977   -68
   978   -67
   979   -67
   980   -67
   981   -67
   982   -67
   983   -66
   984   -66
   985   -66
   986   -67
   987   -67
   988   -67
   989   -67
   990   -68
   991   -68
   992   -68
   993   -68
   994   -68
   995   -68
   996   -67
   997   -67
   998   -67
   999   -66
