   0   0
   1   -61
   2   -62
   3   -61
   4   -62
   5   -61
   6   -62
   7   -61
   8   -62
   9   -61
   10   -62
   11   -61
   12   -62
   13   -61
   14   -62
   15   -61
   16   -61
   17   -61
   18   -61
   19   -62
   20   -61
   21   -62
   22   -60
   23   -62
   24   -61
   25   -62
   26   -61
   27   -62
   28   -61
   29   -62
   30   -61
   31   -62
   32   -61
   33   -62
   34   -61
   35   -61
   36   -61
   37   -61
   38   -61
   39   -61
   40   -62
   41   -61
   42   -62
   43   -61
   44   -61
   45   -61
   46   -62
   47   -61
   48   -62
   49   -61
   50   -61
   51   -61
   52   -61
   53   -62
   54   -61
   55   -62
   56   -61
   57   -62
   58   -61
   59   -62
   60   -60
   61   -62
   62   -61
   63   -62
   64   -61
   65   -62
   66   -61
   67   -61
   68   -61
   69   -61
   70   -61
   71   -61
   72   -62
   73   -61
   74   -62
   75   -61
   76   -62
   77   -61
   78   -62
   79   -61
   80   -62
   81   -61
   82   -61
   83   -61
   84   -61
   85   -61
   86   -61
   87   -62
   88   -61
   89   -62
   90   -61
   91   -62
   92   -60
   93   -62
   94   -61
   95   -62
   96   -61
   97   -62
   98   -61
   99   -61
   100   -61
   101   -62
   102   -61
   103   -61
   104   -61
   105   -61
   106   -61
   107   -61
   108   -62
   109   -61
   110   -62
   111   -61
   112   -61
   113   -61
   114   -61
   115   -61
   116   -61
   117   -62
   118   -61
   119   -62
   120   -61
   121   -62
   122   -61
   123   -62
   124   -61
   125   -61
   126   -61
   127   -62
   128   -61
   129   -62
   130   -61
   131   -62
   132   -61
   133   -61
   134   -61
   135   -61
   136   -62
   137   -61
   138   -62
   139   -61
   140   -62
   141   -61
   142   -62
   143   -61
   144   -62
   145   -61
   146   -62
   147   -61
   148   -61
   149   -61
   150   -61
   151   -61
   152   -61
   153   -61
   154   -61
   155   -62
   156   -61
   157   -62
   158   -61
   159   -62
   160   -61
   161   -62
   162   -61
   163   -61
   164   -61
   165   -62
   166   -61
   167   -61
   168   -61
   169   -61
   170   -62
   171   -61
   172   -62
   173   -61
   174   -62
   175   -61
   176   -61
   177   -61
   178   -62
   179   -61
   180   -61
   181   -61
   182   -61
   183   -61
   184   -61
   185   -62
   186   -61
   187   -62
   188   -61
   189   -62
   190   -61
   191   -62
   192   -60
   193   -62
   194   -60
   195   -62
   196   -61
   197   -61
   198   -61
   199   -61
   200   -62
   201   -60
   202   -41
   203   4
   204   28
   205   35
   206   31
   207   30
   208   27
   209   28
   210   28
   211   30
   212   28
   213   29
   214   28
   215   29
   216   29
   217   29
   218   29
   219   29
   220   29
   221   28
   222   29
   223   29
   224   29
   225   29
   226   29
   227   29
   228   29
   229   29
   230   29
   231   29
   232   29
   233   29
   234   29
   235   29
   236   28
   237   28
   238   29
   239   29
   240   29
   241   29
   242   28
   243   28
   244   28
   245   29
   246   29
   247   28
   248   28
   249   28
   250   29
   251   28
   252   29
   253   28
   254   29
   255   27
   256   29
   257   27
   258   29
   259   27
   260   28
   261   27
   262   28
   263   27
   264   28
   265   28
   266   28
   267   27
   268   27
   269   27
   270   27
   271   28
   272   27
   273   28
   274   27
   275   28
   276   27
   277   27
   278   26
   279   27
   280   27
   281   27
   282   27
   283   26
   284   27
   285   27
   286   27
   287   26
   288   27
   289   26
   290   27
   291   26
   292   27
   293   26
   294   27
   295   26
   296   26
   297   26
   298   26
   299   26
   300   25
   301   26
   302   26
   303   26
   304   25
   305   26
   306   25
   307   26
   308   26
   309   26
   310   25
   311   26
   312   25
   313   25
   314   25
   315   25
   316   25
   317   25
   318   25
   319   24
   320   26
   321   24
   322   25
   323   24
   324   25
   325   24
   326   25
   327   24
   328   25
   329   24
   330   24
   331   24
   332   24
   333   24
   334   24
   335   24
   336   24
   337   25
   338   24
   339   24
   340   24
   341   24
   342   23
   343   24
   344   23
   345   24
   346   23
   347   23
   348   23
   349   23
   350   23
   351   23
   352   24
   353   23
   354   23
   355   22
   356   23
   357   22
   358   23
   359   22
   360   23
   361   22
   362   22
   363   22
   364   22
   365   22
   366   22
   367   23
   368   21
   369   22
   370   21
   371   23
   372   21
   373   23
   374   22
   375   22
   376   21
   377   22
   378   21
   379   21
   380   21
   381   20
   382   20
   383   19
   384   19
   385   17
   386   16
   387   14
   388   13
   389   8
   390   7
   391   3
   392   0
   393   -5
   394   -8
   395   -14
   396   -18
   397   -23
   398   -27
   399   -32
   400   -36
   401   -39
   402   -43
   403   -46
   404   -49
   405   -50
   406   -53
   407   -54
   408   -56
   409   -56
   410   -58
   411   -58
   412   -59
   413   -59
   414   -60
   415   -60
   416   -59
   417   -60
   418   -60
   419   -60
   420   -60
   421   -60
   422   -60
   423   -61
   424   -60
   425   -60
   426   -60
   427   -60
   428   -60
   429   -60
   430   -60
   431   -60
   432   -61
   433   -60
   434   -61
   435   -60
   436   -60
   437   -59
   438   -61
   439   -60
   440   -61
   441   -60
   442   -61
   443   -60
   444   -61
   445   -60
   446   -61
   447   -61
   448   -60
   449   -61
   450   -60
   451   -61
   452   -60
   453   -61
   454   -60
   455   -61
   456   -60
   457   -61
   458   -60
   459   -61
   460   -60
   461   -61
   462   -60
   463   -60
   464   -60
   465   -61
   466   -61
   467   -61
   468   -61
   469   -60
   470   -61
   471   -60
   472   -61
   473   -60
   474   -61
   475   -60
   476   -61
   477   -60
   478   -60
   479   -61
   480   -61
   481   -61
   482   -60
   483   -61
   484   -60
   485   -61
   486   -60
   487   -61
   488   -60
   489   -61
   490   -60
   491   -61
   492   -61
   493   -61
   494   -60
   495   -61
   496   -61
   497   -61
   498   -61
   499   -61
   500   -61
   501   -61
   502   -61
   503   -60
   504   -61
   505   -60
   506   -61
   507   -60
   508   -61
   509   -61
   510   -61
   511   -61
   512   -61
   513   -60
   514   -61
   515   -61
   516   -61
   517   -61
   518   -60
   519   -61
   520   -60
   521   -61
   522   -60
   523   -61
   524   -60
   525   -62
   526   -60
   527   -61
   528   -60
   529   -61
   530   -60
   531   -61
   532   -61
   533   -61
   534   -61
   535   -61
   536   -61
   537   -61
   538   -61
   539   -61
   540   -61
   541   -61
   542   -61
   543   -61
   544   -61
   545   -61
   546   -61
   547   -61
   548   -61
   549   -61
   550   -60
   551   -61
   552   -60
   553   -61
   554   -61
   555   -61
   556   -60
   557   -61
   558   -61
   559   -61
   560   -61
   561   -61
   562   -61
   563   -61
   564   -61
   565   -61
   566   -61
   567   -60
   568   -61
   569   -60
   570   -61
   571   -60
   572   -62
   573   -60
   574   -61
   575   -60
   576   -61
   577   -61
   578   -61
   579   -61
   580   -61
   581   -61
   582   -61
   583   -61
   584   -61
   585   -61
   586   -61
   587   -61
   588   -60
   589   -61
   590   -61
   591   -61
   592   -60
   593   -61
   594   -60
   595   -61
   596   -61
   597   -61
   598   -61
   599   -61
   600   -61
   601   -61
   602   -61
   603   -61
   604   -62
   605   -61
   606   -61
   607   -61
   608   -61
   609   -61
   610   -61
   611   -61
   612   -61
   613   -61
   614   -61
   615   -61
   616   -60
   617   -61
   618   -60
   619   -61
   620   -61
   621   -61
   622   -60
   623   -62
   624   -61
   625   -61
   626   -61
   627   -61
   628   -61
   629   -61
   630   -61
   631   -61
   632   -61
   633   -61
   634   -61
   635   -60
   636   -62
   637   -60
   638   -62
   639   -60
   640   -61
   641   -60
   642   -61
   643   -60
   644   -62
   645   -61
   646   -62
   647   -61
   648   -61
   649   -61
   650   -61
   651   -61
   652   -61
   653   -61
   654   -61
   655   -61
   656   -61
   657   -61
   658   -61
   659   -61
   660   -61
   661   -61
   662   -61
   663   -61
   664   -61
   665   -61
   666   -61
   667   -61
   668   -61
   669   -61
   670   -61
   671   -61
   672   -61
   673   -60
   674   -61
   675   -61
   676   -61
   677   -61
   678   -61
   679   -61
   680   -61
   681   -61
   682   -61
   683   -61
   684   -61
   685   -61
   686   -61
   687   -61
   688   -60
   689   -61
   690   -61
   691   -61
   692   -61
   693   -61
   694   -61
   695   -61
   696   -61
   697   -61
   698   -61
   699   -61
   700   -61
   701   -61
   702   -61
   703   -61
   704   -61
   705   -60
   706   -61
   707   -61
   708   -62
   709   -61
   710   -61
   711   -61
   712   -61
   713   -61
   714   -61
   715   -61
   716   -61
   717   -61
   718   -61
   719   -61
   720   -60
   721   -62
   722   -61
   723   -61
   724   -60
   725   -61
   726   -61
   727   -61
   728   -61
   729   -61
   730   -61
   731   -61
   732   -61
   733   -61
   734   -61
   735   -61
   736   -61
   737   -61
   738   -61
   739   -61
   740   -61
   741   -61
   742   -61
   743   -61
   744   -61
   745   -61
   746   -61
   747   -61
   748   -60
   749   -61
   750   -61
   751   -62
   752   -60
   753   -61
   754   -60
   755   -62
   756   -61
   757   -61
   758   -60
   759   -61
   760   -60
   761   -61
   762   -61
   763   -61
   764   -61
   765   -61
   766   -61
   767   -61
   768   -61
   769   -61
   770   -61
   771   -60
   772   -62
   773   -60
   774   -61
   775   -61
   776   -62
   777   -61
   778   -61
   779   -61
   780   -61
   781   -61
   782   -61
   783   -61
   784   -61
   785   -62
   786   -61
   787   -61
   788   -60
   789   -61
   790   -61
   791   -61
   792   -61
   793   -61
   794   -61
   795   -61
   796   -61
   797   -61
   798   -61
   799   -60
   800   -62
   801   -61
   802   -61
   803   -60
   804   -61
   805   -61
   806   -61
   807   -61
   808   -61
   809   -61
   810   -61
   811   -61
   812   -61
   813   -61
   814   -61
   815   -61
   816   -61
   817   -61
   818   -61
   819   -61
   820   -60
   821   -62
   822   -61
   823   -62
   824   -61
   825   -61
   826   -60
   827   -61
   828   -61
   829   -61
   830   -61
   831   -61
   832   -62
   833   -61
   834   -62
   835   -60
   836   -61
   837   -60
   838   -62
   839   -61
   840   -62
   841   -60
   842   -61
   843   -61
   844   -61
   845   -61
   846   -61
   847   -61
   848   -61
   849   -61
   850   -61
   851   -61
   852   -61
   853   -62
   854   -61
   855   -61
   856   -61
   857   -62
   858   -61
   859   -61
   860   -61
   861   -61
   862   -61
   863   -61
   864   -61
   865   -60
   866   -61
   867   -60
   868   -62
   869   -61
   870   -61
   871   -60
   872   -62
   873   -61
   874   -62
   875   -61
   876   -61
   877   -61
   878   -61
   879   -61
   880   -61
   881   -61
   882   -61
   883   -61
   884   -61
   885   -61
   886   -61
   887   -62
   888   -61
   889   -62
   890   -60
   891   -61
   892   -61
   893   -61
   894   -61
   895   -61
   896   -61
   897   -61
   898   -61
   899   -60
   900   -61
   901   -61
   902   -62
   903   -61
   904   -61
   905   -60
   906   -61
   907   -61
   908   -61
   909   -61
   910   -61
   911   -61
   912   -61
   913   -61
   914   -61
   915   -61
   916   -61
   917   -61
   918   -61
   919   -61
   920   -61
   921   -62
   922   -61
   923   -61
   924   -61
   925   -61
   926   -61
   927   -61
   928   -61
   929   -61
   930   -61
   931   -61
   932   -61
   933   -60
   934   -62
   935   -61
   936   -62
   937   -61
   938   -61
   939   -60
   940   -62
   941   -61
   942   -61
   943   -61
   944   -61
   945   -61
   946   -61
   947   -61
   948   -61
   949   -62
   950   -61
   951   -62
   952   -60
   953   -61
   954   -60
   955   -61
   956   -61
   957   -62
   958   -61
   959   -61
   960   -61
   961   -61
   962   -61
   963   -61
   964   -61
   965   -61
   966   -61
   967   -60
   968   -62
   969   -60
   970   -62
   971   -61
   972   -62
   973   -60
   974   -61
   975   -61
   976   -61
   977   -61
   978   -61
   979   -61
   980   -61
   981   -61
   982   -61
   983   -62
   984   -60
   985   -61
   986   -60
   987   -62
   988   -60
   989   -62
   990   -61
   991   -61
   992   -61
   993   -61
   994   -61
   995   -61
   996   -61
   997   -61
   998   -62
   999   -60
