   0   0
   1   -61
   2   -63
   3   -61
   4   -63
   5   -61
   6   -63
   7   -61
   8   -63
   9   -60
   10   -63
   11   -61
   12   -62
   13   -61
   14   -62
   15   -62
   16   -61
   17   -63
   18   -61
   19   -63
   20   -60
   21   -63
   22   -61
   23   -63
   24   -60
   25   -63
   26   -60
   27   -63
   28   -61
   29   -63
   30   -61
   31   -62
   32   -62
   33   -61
   34   -63
   35   -61
   36   -63
   37   -60
   38   -63
   39   -60
   40   -63
   41   -60
   42   -63
   43   -61
   44   -63
   45   -61
   46   -62
   47   -62
   48   -62
   49   -62
   50   -61
   51   -63
   52   -61
   53   -63
   54   -60
   55   -63
   56   -61
   57   -63
   58   -60
   59   -63
   60   -61
   61   -62
   62   -61
   63   -62
   64   -62
   65   -62
   66   -63
   67   -61
   68   -63
   69   -61
   70   -64
   71   -60
   72   -63
   73   -60
   74   -63
   75   -61
   76   -63
   77   -61
   78   -62
   79   -62
   80   -62
   81   -62
   82   -61
   83   -63
   84   -61
   85   -63
   86   -60
   87   -63
   88   -60
   89   -63
   90   -60
   91   -63
   92   -61
   93   -63
   94   -61
   95   -62
   96   -62
   97   -62
   98   -62
   99   -61
   100   -63
   101   -61
   102   -63
   103   -60
   104   -63
   105   -60
   106   -63
   107   -60
   108   -63
   109   -61
   110   -63
   111   -61
   112   -62
   113   -62
   114   -62
   115   -62
   116   -61
   117   -63
   118   -61
   119   -63
   120   -61
   121   -63
   122   -60
   123   -63
   124   -61
   125   -63
   126   -61
   127   -62
   128   -61
   129   -62
   130   -62
   131   -61
   132   -63
   133   -61
   134   -63
   135   -61
   136   -63
   137   -60
   138   -63
   139   -61
   140   -63
   141   -60
   142   -63
   143   -61
   144   -62
   145   -62
   146   -62
   147   -62
   148   -61
   149   -63
   150   -61
   151   -63
   152   -60
   153   -63
   154   -60
   155   -64
   156   -61
   157   -63
   158   -60
   159   -63
   160   -61
   161   -62
   162   -61
   163   -62
   164   -62
   165   -61
   166   -63
   167   -61
   168   -63
   169   -60
   170   -63
   171   -60
   172   -63
   173   -61
   174   -63
   175   -61
   176   -63
   177   -61
   178   -62
   179   -62
   180   -62
   181   -62
   182   -61
   183   -63
   184   -61
   185   -63
   186   -61
   187   -63
   188   -61
   189   -63
   190   -61
   191   -63
   192   -61
   193   -63
   194   -61
   195   -62
   196   -62
   197   -61
   198   -63
   199   -61
   200   -64
   201   -60
   202   -43
   203   -3
   204   11
   205   15
   206   9
   207   8
   208   5
   209   7
   210   7
   211   8
   212   7
   213   7
   214   7
   215   6
   216   8
   217   6
   218   9
   219   6
   220   8
   221   5
   222   8
   223   6
   224   8
   225   6
   226   7
   227   7
   228   7
   229   7
   230   6
   231   8
   232   5
   233   8
   234   6
   235   8
   236   6
   237   8
   238   6
   239   8
   240   6
   241   8
   242   6
   243   6
   244   6
   245   6
   246   7
   247   6
   248   7
   249   5
   250   7
   251   5
   252   8
   253   6
   254   8
   255   5
   256   7
   257   6
   258   7
   259   6
   260   6
   261   6
   262   6
   263   7
   264   5
   265   7
   266   5
   267   7
   268   5
   269   8
   270   5
   271   7
   272   5
   273   7
   274   6
   275   7
   276   6
   277   6
   278   6
   279   5
   280   7
   281   5
   282   7
   283   5
   284   7
   285   4
   286   7
   287   4
   288   7
   289   4
   290   6
   291   5
   292   6
   293   5
   294   6
   295   6
   296   5
   297   6
   298   4
   299   6
   300   4
   301   6
   302   4
   303   7
   304   4
   305   7
   306   4
   307   6
   308   5
   309   5
   310   5
   311   5
   312   6
   313   5
   314   6
   315   4
   316   6
   317   4
   318   6
   319   4
   320   6
   321   4
   322   5
   323   4
   324   5
   325   5
   326   5
   327   5
   328   4
   329   6
   330   4
   331   6
   332   3
   333   6
   334   3
   335   6
   336   3
   337   6
   338   3
   339   5
   340   4
   341   5
   342   4
   343   4
   344   5
   345   3
   346   5
   347   3
   348   6
   349   3
   350   5
   351   3
   352   6
   353   3
   354   5
   355   3
   356   5
   357   3
   358   4
   359   4
   360   4
   361   4
   362   3
   363   5
   364   3
   365   5
   366   2
   367   5
   368   2
   369   5
   370   2
   371   4
   372   3
   373   4
   374   3
   375   4
   376   3
   377   3
   378   4
   379   2
   380   4
   381   2
   382   4
   383   1
   384   3
   385   1
   386   3
   387   0
   388   2
   389   0
   390   -1
   391   -2
   392   -3
   393   -3
   394   -5
   395   -5
   396   -9
   397   -8
   398   -12
   399   -10
   400   -15
   401   -14
   402   -18
   403   -18
   404   -22
   405   -21
   406   -25
   407   -26
   408   -29
   409   -30
   410   -32
   411   -35
   412   -35
   413   -39
   414   -38
   415   -42
   416   -42
   417   -46
   418   -45
   419   -50
   420   -48
   421   -52
   422   -52
   423   -54
   424   -55
   425   -56
   426   -57
   427   -57
   428   -58
   429   -58
   430   -60
   431   -58
   432   -61
   433   -58
   434   -62
   435   -59
   436   -62
   437   -60
   438   -61
   439   -60
   440   -61
   441   -61
   442   -61
   443   -62
   444   -60
   445   -62
   446   -60
   447   -62
   448   -60
   449   -62
   450   -60
   451   -62
   452   -60
   453   -62
   454   -60
   455   -61
   456   -61
   457   -61
   458   -62
   459   -61
   460   -62
   461   -60
   462   -62
   463   -60
   464   -63
   465   -60
   466   -62
   467   -60
   468   -63
   469   -60
   470   -62
   471   -61
   472   -62
   473   -61
   474   -61
   475   -61
   476   -61
   477   -62
   478   -60
   479   -62
   480   -60
   481   -63
   482   -60
   483   -62
   484   -60
   485   -63
   486   -60
   487   -62
   488   -60
   489   -62
   490   -61
   491   -61
   492   -62
   493   -61
   494   -62
   495   -60
   496   -62
   497   -60
   498   -63
   499   -60
   500   -62
   501   -60
   502   -62
   503   -61
   504   -62
   505   -61
   506   -61
   507   -61
   508   -61
   509   -62
   510   -61
   511   -62
   512   -60
   513   -62
   514   -60
   515   -62
   516   -60
   517   -62
   518   -60
   519   -62
   520   -61
   521   -62
   522   -61
   523   -61
   524   -62
   525   -61
   526   -62
   527   -61
   528   -63
   529   -60
   530   -63
   531   -60
   532   -63
   533   -60
   534   -63
   535   -61
   536   -62
   537   -61
   538   -62
   539   -61
   540   -61
   541   -61
   542   -61
   543   -62
   544   -61
   545   -63
   546   -61
   547   -63
   548   -60
   549   -63
   550   -61
   551   -63
   552   -61
   553   -62
   554   -61
   555   -62
   556   -62
   557   -62
   558   -62
   559   -61
   560   -62
   561   -61
   562   -63
   563   -60
   564   -62
   565   -60
   566   -62
   567   -61
   568   -62
   569   -61
   570   -62
   571   -61
   572   -61
   573   -62
   574   -61
   575   -62
   576   -60
   577   -63
   578   -60
   579   -63
   580   -60
   581   -63
   582   -61
   583   -63
   584   -61
   585   -62
   586   -61
   587   -62
   588   -62
   589   -61
   590   -62
   591   -61
   592   -63
   593   -61
   594   -63
   595   -60
   596   -63
   597   -60
   598   -63
   599   -60
   600   -63
   601   -61
   602   -62
   603   -61
   604   -62
   605   -62
   606   -61
   607   -62
   608   -61
   609   -62
   610   -61
   611   -63
   612   -60
   613   -63
   614   -60
   615   -63
   616   -61
   617   -63
   618   -61
   619   -62
   620   -61
   621   -62
   622   -61
   623   -61
   624   -62
   625   -61
   626   -63
   627   -60
   628   -63
   629   -61
   630   -63
   631   -61
   632   -63
   633   -61
   634   -62
   635   -61
   636   -62
   637   -62
   638   -61
   639   -62
   640   -61
   641   -62
   642   -61
   643   -63
   644   -60
   645   -63
   646   -61
   647   -63
   648   -61
   649   -63
   650   -61
   651   -62
   652   -61
   653   -62
   654   -62
   655   -62
   656   -62
   657   -61
   658   -63
   659   -61
   660   -63
   661   -60
   662   -63
   663   -61
   664   -63
   665   -60
   666   -62
   667   -61
   668   -63
   669   -61
   670   -62
   671   -62
   672   -62
   673   -62
   674   -61
   675   -62
   676   -60
   677   -63
   678   -61
   679   -63
   680   -61
   681   -63
   682   -61
   683   -63
   684   -61
   685   -62
   686   -61
   687   -62
   688   -62
   689   -62
   690   -63
   691   -61
   692   -63
   693   -60
   694   -63
   695   -61
   696   -63
   697   -61
   698   -63
   699   -61
   700   -62
   701   -61
   702   -62
   703   -62
   704   -61
   705   -62
   706   -61
   707   -63
   708   -61
   709   -63
   710   -61
   711   -63
   712   -60
   713   -63
   714   -60
   715   -63
   716   -61
   717   -62
   718   -61
   719   -62
   720   -62
   721   -61
   722   -62
   723   -61
   724   -63
   725   -60
   726   -63
   727   -61
   728   -63
   729   -61
   730   -63
   731   -61
   732   -63
   733   -61
   734   -62
   735   -61
   736   -62
   737   -62
   738   -61
   739   -62
   740   -61
   741   -63
   742   -61
   743   -63
   744   -61
   745   -63
   746   -60
   747   -63
   748   -61
   749   -63
   750   -61
   751   -62
   752   -61
   753   -62
   754   -62
   755   -61
   756   -62
   757   -61
   758   -63
   759   -61
   760   -63
   761   -60
   762   -63
   763   -61
   764   -63
   765   -61
   766   -62
   767   -61
   768   -62
   769   -62
   770   -62
   771   -62
   772   -61
   773   -63
   774   -61
   775   -63
   776   -60
   777   -63
   778   -61
   779   -63
   780   -60
   781   -62
   782   -61
   783   -62
   784   -62
   785   -62
   786   -62
   787   -61
   788   -62
   789   -61
   790   -63
   791   -61
   792   -63
   793   -61
   794   -63
   795   -61
   796   -63
   797   -61
   798   -63
   799   -61
   800   -62
   801   -61
   802   -61
   803   -62
   804   -61
   805   -62
   806   -61
   807   -63
   808   -60
   809   -63
   810   -61
   811   -63
   812   -61
   813   -62
   814   -61
   815   -62
   816   -61
   817   -62
   818   -62
   819   -61
   820   -62
   821   -61
   822   -62
   823   -61
   824   -63
   825   -61
   826   -63
   827   -60
   828   -63
   829   -61
   830   -63
   831   -61
   832   -62
   833   -61
   834   -61
   835   -62
   836   -61
   837   -63
   838   -61
   839   -63
   840   -60
   841   -63
   842   -61
   843   -63
   844   -60
   845   -63
   846   -61
   847   -62
   848   -61
   849   -62
   850   -62
   851   -61
   852   -62
   853   -61
   854   -63
   855   -60
   856   -63
   857   -61
   858   -63
   859   -60
   860   -63
   861   -61
   862   -63
   863   -61
   864   -62
   865   -61
   866   -62
   867   -62
   868   -62
   869   -62
   870   -61
   871   -62
   872   -61
   873   -63
   874   -60
   875   -63
   876   -60
   877   -63
   878   -61
   879   -63
   880   -61
   881   -62
   882   -61
   883   -62
   884   -62
   885   -61
   886   -62
   887   -61
   888   -63
   889   -61
   890   -63
   891   -60
   892   -63
   893   -61
   894   -63
   895   -61
   896   -62
   897   -61
   898   -62
   899   -62
   900   -61
   901   -62
   902   -61
   903   -63
   904   -61
   905   -63
   906   -60
   907   -63
   908   -60
   909   -63
   910   -60
   911   -63
   912   -61
   913   -62
   914   -61
   915   -62
   916   -62
   917   -61
   918   -62
   919   -61
   920   -63
   921   -60
   922   -63
   923   -61
   924   -63
   925   -60
   926   -63
   927   -60
   928   -63
   929   -61
   930   -62
   931   -61
   932   -62
   933   -62
   934   -61
   935   -62
   936   -61
   937   -63
   938   -60
   939   -62
   940   -60
   941   -63
   942   -61
   943   -63
   944   -61
   945   -62
   946   -61
   947   -62
   948   -61
   949   -62
   950   -62
   951   -61
   952   -62
   953   -61
   954   -63
   955   -61
   956   -63
   957   -61
   958   -63
   959   -60
   960   -63
   961   -61
   962   -62
   963   -62
   964   -62
   965   -61
   966   -61
   967   -62
   968   -61
   969   -63
   970   -60
   971   -63
   972   -61
   973   -63
   974   -60
   975   -63
   976   -60
   977   -62
   978   -61
   979   -62
   980   -61
   981   -62
   982   -62
   983   -62
   984   -62
   985   -61
   986   -62
   987   -60
   988   -63
   989   -60
   990   -63
   991   -61
   992   -63
   993   -61
   994   -63
   995   -61
   996   -62
   997   -61
   998   -62
   999   -62
