   0   0
   1   -65
   2   -66
   3   -66
   4   -67
   5   -68
   6   -68
   7   -69
   8   -69
   9   -69
   10   -69
   11   -68
   12   -68
   13   -66
   14   -67
   15   -66
   16   -66
   17   -66
   18   -66
   19   -66
   20   -67
   21   -67
   22   -68
   23   -68
   24   -68
   25   -69
   26   -69
   27   -68
   28   -68
   29   -68
   30   -67
   31   -66
   32   -66
   33   -67
   34   -66
   35   -66
   36   -67
   37   -66
   38   -66
   39   -67
   40   -69
   41   -69
   42   -69
   43   -69
   44   -68
   45   -68
   46   -67
   47   -67
   48   -67
   49   -66
   50   -66
   51   -66
   52   -66
   53   -67
   54   -67
   55   -68
   56   -68
   57   -69
   58   -68
   59   -69
   60   -69
   61   -69
   62   -67
   63   -67
   64   -66
   65   -66
   66   -66
   67   -66
   68   -66
   69   -67
   70   -68
   71   -68
   72   -68
   73   -68
   74   -69
   75   -69
   76   -69
   77   -68
   78   -68
   79   -67
   80   -66
   81   -66
   82   -66
   83   -66
   84   -66
   85   -67
   86   -67
   87   -67
   88   -68
   89   -68
   90   -69
   91   -69
   92   -68
   93   -68
   94   -68
   95   -67
   96   -67
   97   -66
   98   -66
   99   -66
   100   -66
   101   -67
   102   -66
   103   -67
   104   -68
   105   -68
   106   -68
   107   -69
   108   -68
   109   -68
   110   -68
   111   -67
   112   -67
   113   -66
   114   -66
   115   -66
   116   -66
   117   -66
   118   -67
   119   -67
   120   -67
   121   -68
   122   -68
   123   -68
   124   -68
   125   -68
   126   -68
   127   -68
   128   -67
   129   -66
   130   -66
   131   -65
   132   -66
   133   -66
   134   -66
   135   -66
   136   -67
   137   -67
   138   -68
   139   -68
   140   -68
   141   -69
   142   -68
   143   -68
   144   -67
   145   -67
   146   -67
   147   -67
   148   -65
   149   -67
   150   -67
   151   -67
   152   -67
   153   -68
   154   -68
   155   -68
   156   -68
   157   -68
   158   -69
   159   -68
   160   -68
   161   -67
   162   -67
   163   -67
   164   -66
   165   -66
   166   -66
   167   -66
   168   -67
   169   -67
   170   -68
   171   -68
   172   -68
   173   -68
   174   -69
   175   -68
   176   -68
   177   -68
   178   -67
   179   -66
   180   -66
   181   -66
   182   -67
   183   -66
   184   -67
   185   -68
   186   -68
   187   -69
   188   -68
   189   -68
   190   -69
   191   -69
   192   -68
   193   -68
   194   -67
   195   -66
   196   -66
   197   -66
   198   -66
   199   -66
   200   -66
   201   -42
   202   72
   203   51
   204   43
   205   47
   206   51
   207   51
   208   52
   209   54
   210   55
   211   55
   212   57
   213   57
   214   57
   215   57
   216   58
   217   58
   218   58
   219   56
   220   58
   221   57
   222   56
   223   57
   224   57
   225   57
   226   58
   227   59
   228   59
   229   59
   230   59
   231   59
   232   60
   233   58
   234   58
   235   58
   236   57
   237   57
   238   57
   239   56
   240   57
   241   57
   242   57
   243   58
   244   58
   245   58
   246   58
   247   58
   248   58
   249   57
   250   57
   251   56
   252   56
   253   55
   254   55
   255   55
   256   55
   257   55
   258   55
   259   56
   260   56
   261   56
   262   56
   263   56
   264   56
   265   56
   266   55
   267   55
   268   54
   269   54
   270   54
   271   54
   272   53
   273   54
   274   53
   275   54
   276   54
   277   55
   278   56
   279   54
   280   55
   281   54
   282   53
   283   53
   284   52
   285   52
   286   52
   287   51
   288   52
   289   51
   290   51
   291   51
   292   53
   293   52
   294   53
   295   52
   296   52
   297   52
   298   52
   299   52
   300   51
   301   50
   302   50
   303   49
   304   48
   305   47
   306   45
   307   44
   308   42
   309   40
   310   36
   311   32
   312   29
   313   25
   314   20
   315   14
   316   9
   317   4
   318   -3
   319   -8
   320   -14
   321   -18
   322   -23
   323   -29
   324   -33
   325   -37
   326   -41
   327   -44
   328   -47
   329   -50
   330   -53
   331   -56
   332   -58
   333   -60
   334   -60
   335   -63
   336   -64
   337   -64
   338   -65
   339   -65
   340   -65
   341   -65
   342   -66
   343   -64
   344   -65
   345   -65
   346   -65
   347   -65
   348   -66
   349   -66
   350   -67
   351   -67
   352   -67
   353   -67
   354   -67
   355   -67
   356   -66
   357   -67
   358   -66
   359   -66
   360   -65
   361   -65
   362   -65
   363   -66
   364   -66
   365   -66
   366   -67
   367   -67
   368   -67
   369   -67
   370   -67
   371   -67
   372   -67
   373   -67
   374   -66
   375   -67
   376   -65
   377   -65
   378   -65
   379   -65
   380   -66
   381   -66
   382   -66
   383   -67
   384   -66
   385   -67
   386   -67
   387   -67
   388   -67
   389   -67
   390   -67
   391   -66
   392   -66
   393   -66
   394   -66
   395   -65
   396   -66
   397   -66
   398   -67
   399   -67
   400   -67
   401   -68
   402   -67
   403   -68
   404   -68
   405   -66
   406   -67
   407   -66
   408   -65
   409   -66
   410   -66
   411   -65
   412   -66
   413   -66
   414   -66
   415   -67
   416   -66
   417   -68
   418   -67
   419   -68
   420   -67
   421   -67
   422   -66
   423   -67
   424   -66
   425   -66
   426   -66
   427   -65
   428   -66
   429   -66
   430   -67
   431   -67
   432   -68
   433   -67
   434   -67
   435   -67
   436   -67
   437   -67
   438   -67
   439   -67
   440   -67
   441   -66
   442   -66
   443   -66
   444   -66
   445   -66
   446   -66
   447   -67
   448   -67
   449   -67
   450   -66
   451   -67
   452   -67
   453   -67
   454   -67
   455   -67
   456   -66
   457   -67
   458   -66
   459   -66
   460   -66
   461   -66
   462   -66
   463   -66
   464   -67
   465   -67
   466   -67
   467   -67
   468   -67
   469   -67
   470   -68
   471   -67
   472   -66
   473   -66
   474   -66
   475   -66
   476   -66
   477   -66
   478   -66
   479   -67
   480   -67
   481   -67
   482   -67
   483   -68
   484   -67
   485   -67
   486   -68
   487   -67
   488   -67
   489   -66
   490   -66
   491   -66
   492   -66
   493   -66
   494   -66
   495   -67
   496   -67
   497   -67
   498   -67
   499   -67
   500   -68
   501   -67
   502   -67
   503   -68
   504   -67
   505   -66
   506   -67
   507   -66
   508   -66
   509   -66
   510   -67
   511   -67
   512   -67
   513   -67
   514   -67
   515   -67
   516   -68
   517   -67
   518   -68
   519   -67
   520   -67
   521   -66
   522   -67
   523   -67
   524   -66
   525   -67
   526   -66
   527   -66
   528   -66
   529   -67
   530   -67
   531   -68
   532   -68
   533   -67
   534   -68
   535   -67
   536   -67
   537   -67
   538   -67
   539   -66
   540   -67
   541   -65
   542   -66
   543   -66
   544   -67
   545   -66
   546   -67
   547   -67
   548   -67
   549   -67
   550   -68
   551   -67
   552   -67
   553   -67
   554   -66
   555   -66
   556   -66
   557   -67
   558   -67
   559   -66
   560   -67
   561   -67
   562   -67
   563   -67
   564   -67
   565   -67
   566   -67
   567   -67
   568   -67
   569   -67
   570   -66
   571   -66
   572   -67
   573   -66
   574   -66
   575   -66
   576   -67
   577   -66
   578   -67
   579   -67
   580   -67
   581   -67
   582   -67
   583   -68
   584   -67
   585   -67
   586   -66
   587   -66
   588   -66
   589   -65
   590   -67
   591   -66
   592   -67
   593   -67
   594   -67
   595   -67
   596   -68
   597   -68
   598   -67
   599   -68
   600   -67
   601   -67
   602   -67
   603   -66
   604   -66
   605   -66
   606   -66
   607   -66
   608   -67
   609   -67
   610   -67
   611   -67
   612   -67
   613   -67
   614   -67
   615   -67
   616   -67
   617   -68
   618   -66
   619   -67
   620   -67
   621   -67
   622   -66
   623   -66
   624   -67
   625   -67
   626   -67
   627   -67
   628   -67
   629   -68
   630   -68
   631   -68
   632   -67
   633   -67
   634   -66
   635   -67
   636   -66
   637   -66
   638   -66
   639   -66
   640   -66
   641   -66
   642   -66
   643   -67
   644   -67
   645   -67
   646   -67
   647   -67
   648   -67
   649   -68
   650   -67
   651   -66
   652   -67
   653   -66
   654   -67
   655   -66
   656   -66
   657   -66
   658   -66
   659   -66
   660   -67
   661   -68
   662   -67
   663   -67
   664   -67
   665   -68
   666   -68
   667   -67
   668   -67
   669   -67
   670   -66
   671   -67
   672   -67
   673   -66
   674   -67
   675   -67
   676   -67
   677   -67
   678   -67
   679   -67
   680   -67
   681   -67
   682   -67
   683   -67
   684   -66
   685   -66
   686   -65
   687   -66
   688   -67
   689   -66
   690   -66
   691   -66
   692   -67
   693   -67
   694   -67
   695   -68
   696   -68
   697   -67
   698   -67
   699   -67
   700   -66
   701   -67
   702   -66
   703   -67
   704   -67
   705   -66
   706   -67
   707   -67
   708   -67
   709   -67
   710   -68
   711   -67
   712   -67
   713   -67
   714   -67
   715   -67
   716   -66
   717   -67
   718   -66
   719   -66
   720   -66
   721   -66
   722   -67
   723   -67
   724   -67
   725   -67
   726   -68
   727   -67
   728   -67
   729   -68
   730   -67
   731   -67
   732   -67
   733   -67
   734   -67
   735   -66
   736   -66
   737   -66
   738   -66
   739   -67
   740   -67
   741   -67
   742   -68
   743   -67
   744   -68
   745   -68
   746   -68
   747   -67
   748   -67
   749   -67
   750   -67
   751   -67
   752   -66
   753   -66
   754   -66
   755   -66
   756   -66
   757   -67
   758   -67
   759   -67
   760   -68
   761   -67
   762   -68
   763   -68
   764   -68
   765   -67
   766   -66
   767   -66
   768   -66
   769   -67
   770   -66
   771   -66
   772   -67
   773   -66
   774   -67
   775   -67
   776   -67
   777   -68
   778   -68
   779   -67
   780   -67
   781   -67
   782   -67
   783   -66
   784   -66
   785   -66
   786   -66
   787   -67
   788   -67
   789   -67
   790   -67
   791   -67
   792   -67
   793   -67
   794   -67
   795   -67
   796   -67
   797   -67
   798   -66
   799   -66
   800   -66
   801   -66
   802   -66
   803   -66
   804   -66
   805   -67
   806   -67
   807   -67
   808   -68
   809   -67
   810   -68
   811   -67
   812   -67
   813   -67
   814   -66
   815   -66
   816   -66
   817   -66
   818   -66
   819   -66
   820   -66
   821   -67
   822   -67
   823   -67
   824   -67
   825   -67
   826   -67
   827   -67
   828   -67
   829   -67
   830   -67
   831   -67
   832   -65
   833   -67
   834   -66
   835   -66
   836   -66
   837   -67
   838   -67
   839   -67
   840   -67
   841   -67
   842   -67
   843   -68
   844   -67
   845   -67
   846   -67
   847   -66
   848   -66
   849   -66
   850   -67
   851   -66
   852   -66
   853   -67
   854   -66
   855   -67
   856   -68
   857   -68
   858   -67
   859   -68
   860   -68
   861   -68
   862   -67
   863   -66
   864   -66
   865   -66
   866   -66
   867   -66
   868   -66
   869   -66
   870   -66
   871   -67
   872   -68
   873   -68
   874   -68
   875   -68
   876   -67
   877   -67
   878   -67
   879   -67
   880   -66
   881   -66
   882   -67
   883   -66
   884   -66
   885   -66
   886   -66
   887   -67
   888   -67
   889   -67
   890   -69
   891   -68
   892   -67
   893   -68
   894   -67
   895   -67
   896   -67
   897   -66
   898   -66
   899   -66
   900   -66
   901   -66
   902   -66
   903   -66
   904   -67
   905   -67
   906   -67
   907   -68
   908   -68
   909   -67
   910   -67
   911   -67
   912   -67
   913   -66
   914   -66
   915   -65
   916   -66
   917   -65
   918   -67
   919   -67
   920   -67
   921   -67
   922   -68
   923   -68
   924   -68
   925   -67
   926   -67
   927   -67
   928   -67
   929   -67
   930   -67
   931   -66
   932   -66
   933   -66
   934   -66
   935   -66
   936   -68
   937   -67
   938   -67
   939   -67
   940   -68
   941   -68
   942   -67
   943   -67
   944   -67
   945   -66
   946   -67
   947   -66
   948   -66
   949   -66
   950   -66
   951   -66
   952   -67
   953   -67
   954   -67
   955   -68
   956   -67
   957   -68
   958   -68
   959   -67
   960   -67
   961   -67
   962   -66
   963   -66
   964   -66
   965   -67
   966   -66
   967   -66
   968   -67
   969   -67
   970   -68
   971   -68
   972   -68
   973   -69
   974   -67
   975   -67
   976   -67
   977   -66
   978   -66
   979   -66
   980   -66
   981   -66
   982   -66
   983   -65
   984   -66
   985   -66
   986   -68
   987   -67
   988   -68
   989   -67
   990   -68
   991   -68
   992   -67
   993   -67
   994   -67
   995   -66
   996   -66
   997   -66
   998   -67
   999   -66
