   0   0
   1   -61
   2   -61
   3   -61
   4   -61
   5   -61
   6   -61
   7   -61
   8   -61
   9   -61
   10   -61
   11   -61
   12   -61
   13   -61
   14   -61
   15   -61
   16   -61
   17   -61
   18   -61
   19   -61
   20   -61
   21   -61
   22   -61
   23   -61
   24   -61
   25   -61
   26   -61
   27   -61
   28   -61
   29   -61
   30   -61
   31   -61
   32   -61
   33   -61
   34   -61
   35   -61
   36   -61
   37   -61
   38   -61
   39   -61
   40   -61
   41   -61
   42   -61
   43   -61
   44   -61
   45   -61
   46   -61
   47   -61
   48   -61
   49   -61
   50   -61
   51   -61
   52   -61
   53   -61
   54   -61
   55   -61
   56   -61
   57   -61
   58   -61
   59   -61
   60   -61
   61   -61
   62   -61
   63   -61
   64   -61
   65   -61
   66   -61
   67   -61
   68   -61
   69   -61
   70   -61
   71   -61
   72   -61
   73   -61
   74   -61
   75   -61
   76   -61
   77   -61
   78   -61
   79   -61
   80   -61
   81   -61
   82   -61
   83   -61
   84   -61
   85   -61
   86   -61
   87   -61
   88   -61
   89   -61
   90   -61
   91   -61
   92   -61
   93   -61
   94   -61
   95   -61
   96   -61
   97   -61
   98   -61
   99   -61
   100   -61
   101   -61
   102   -61
   103   -61
   104   -61
   105   -61
   106   -61
   107   -61
   108   -61
   109   -61
   110   -61
   111   -61
   112   -61
   113   -61
   114   -61
   115   -61
   116   -61
   117   -61
   118   -61
   119   -61
   120   -61
   121   -61
   122   -61
   123   -61
   124   -61
   125   -61
   126   -61
   127   -61
   128   -61
   129   -61
   130   -61
   131   -61
   132   -61
   133   -61
   134   -61
   135   -61
   136   -61
   137   -61
   138   -61
   139   -61
   140   -61
   141   -61
   142   -61
   143   -61
   144   -61
   145   -61
   146   -61
   147   -61
   148   -61
   149   -61
   150   -61
   151   -61
   152   -61
   153   -61
   154   -61
   155   -61
   156   -61
   157   -61
   158   -61
   159   -61
   160   -61
   161   -61
   162   -61
   163   -61
   164   -61
   165   -61
   166   -61
   167   -61
   168   -61
   169   -61
   170   -61
   171   -61
   172   -61
   173   -61
   174   -61
   175   -61
   176   -61
   177   -61
   178   -61
   179   -61
   180   -61
   181   -61
   182   -61
   183   -61
   184   -61
   185   -61
   186   -61
   187   -61
   188   -61
   189   -61
   190   -61
   191   -61
   192   -61
   193   -62
   194   -60
   195   -61
   196   -61
   197   -61
   198   -61
   199   -61
   200   -62
   201   -58
   202   -24
   203   25
   204   34
   205   32
   206   26
   207   25
   208   25
   209   27
   210   28
   211   30
   212   29
   213   30
   214   29
   215   31
   216   31
   217   31
   218   31
   219   31
   220   31
   221   31
   222   32
   223   33
   224   33
   225   32
   226   32
   227   32
   228   33
   229   33
   230   33
   231   33
   232   33
   233   33
   234   33
   235   33
   236   33
   237   32
   238   33
   239   33
   240   34
   241   34
   242   33
   243   33
   244   33
   245   33
   246   34
   247   34
   248   33
   249   33
   250   33
   251   33
   252   33
   253   33
   254   33
   255   33
   256   33
   257   33
   258   33
   259   33
   260   33
   261   33
   262   33
   263   33
   264   33
   265   33
   266   33
   267   33
   268   33
   269   33
   270   33
   271   33
   272   33
   273   33
   274   33
   275   33
   276   33
   277   33
   278   32
   279   33
   280   32
   281   33
   282   33
   283   33
   284   32
   285   32
   286   33
   287   33
   288   32
   289   32
   290   32
   291   32
   292   33
   293   32
   294   33
   295   32
   296   33
   297   32
   298   32
   299   32
   300   32
   301   32
   302   32
   303   32
   304   32
   305   32
   306   32
   307   32
   308   32
   309   32
   310   32
   311   32
   312   32
   313   32
   314   32
   315   32
   316   32
   317   32
   318   32
   319   32
   320   31
   321   32
   322   31
   323   31
   324   31
   325   31
   326   31
   327   31
   328   32
   329   31
   330   32
   331   31
   332   32
   333   31
   334   31
   335   31
   336   31
   337   31
   338   31
   339   31
   340   31
   341   31
   342   31
   343   31
   344   31
   345   31
   346   30
   347   31
   348   30
   349   31
   350   30
   351   31
   352   30
   353   31
   354   30
   355   30
   356   30
   357   30
   358   30
   359   30
   360   31
   361   30
   362   31
   363   29
   364   30
   365   29
   366   30
   367   29
   368   31
   369   29
   370   30
   371   29
   372   30
   373   30
   374   29
   375   29
   376   29
   377   29
   378   29
   379   29
   380   28
   381   28
   382   27
   383   27
   384   25
   385   25
   386   24
   387   23
   388   21
   389   20
   390   18
   391   16
   392   14
   393   12
   394   10
   395   6
   396   5
   397   1
   398   -1
   399   -4
   400   -7
   401   -10
   402   -13
   403   -16
   404   -19
   405   -22
   406   -25
   407   -28
   408   -31
   409   -33
   410   -36
   411   -37
   412   -40
   413   -42
   414   -45
   415   -45
   416   -48
   417   -49
   418   -51
   419   -51
   420   -53
   421   -53
   422   -55
   423   -56
   424   -57
   425   -57
   426   -57
   427   -58
   428   -58
   429   -59
   430   -58
   431   -60
   432   -59
   433   -60
   434   -59
   435   -60
   436   -59
   437   -60
   438   -59
   439   -60
   440   -60
   441   -60
   442   -60
   443   -60
   444   -60
   445   -60
   446   -60
   447   -60
   448   -60
   449   -60
   450   -60
   451   -60
   452   -60
   453   -60
   454   -61
   455   -60
   456   -60
   457   -60
   458   -60
   459   -61
   460   -60
   461   -61
   462   -60
   463   -61
   464   -60
   465   -61
   466   -60
   467   -61
   468   -60
   469   -61
   470   -60
   471   -60
   472   -60
   473   -60
   474   -60
   475   -60
   476   -60
   477   -60
   478   -60
   479   -60
   480   -61
   481   -60
   482   -61
   483   -60
   484   -61
   485   -60
   486   -60
   487   -60
   488   -61
   489   -60
   490   -60
   491   -60
   492   -60
   493   -61
   494   -60
   495   -61
   496   -60
   497   -61
   498   -60
   499   -61
   500   -60
   501   -61
   502   -60
   503   -60
   504   -60
   505   -60
   506   -61
   507   -61
   508   -61
   509   -60
   510   -61
   511   -61
   512   -61
   513   -60
   514   -61
   515   -60
   516   -61
   517   -60
   518   -61
   519   -60
   520   -61
   521   -61
   522   -60
   523   -60
   524   -60
   525   -61
   526   -60
   527   -61
   528   -60
   529   -61
   530   -60
   531   -61
   532   -60
   533   -61
   534   -60
   535   -61
   536   -60
   537   -61
   538   -60
   539   -61
   540   -61
   541   -61
   542   -61
   543   -60
   544   -61
   545   -60
   546   -61
   547   -60
   548   -61
   549   -60
   550   -61
   551   -60
   552   -61
   553   -60
   554   -61
   555   -61
   556   -60
   557   -61
   558   -61
   559   -61
   560   -60
   561   -61
   562   -60
   563   -61
   564   -60
   565   -61
   566   -60
   567   -61
   568   -60
   569   -61
   570   -60
   571   -60
   572   -61
   573   -61
   574   -61
   575   -61
   576   -61
   577   -60
   578   -61
   579   -60
   580   -61
   581   -60
   582   -61
   583   -60
   584   -61
   585   -60
   586   -61
   587   -61
   588   -60
   589   -61
   590   -60
   591   -61
   592   -60
   593   -61
   594   -60
   595   -62
   596   -60
   597   -62
   598   -60
   599   -62
   600   -60
   601   -61
   602   -60
   603   -61
   604   -61
   605   -61
   606   -61
   607   -61
   608   -61
   609   -60
   610   -61
   611   -60
   612   -61
   613   -60
   614   -62
   615   -60
   616   -61
   617   -60
   618   -61
   619   -60
   620   -61
   621   -61
   622   -61
   623   -61
   624   -61
   625   -61
   626   -60
   627   -61
   628   -60
   629   -62
   630   -60
   631   -61
   632   -60
   633   -61
   634   -60
   635   -61
   636   -60
   637   -61
   638   -61
   639   -61
   640   -61
   641   -60
   642   -61
   643   -60
   644   -62
   645   -60
   646   -62
   647   -60
   648   -62
   649   -60
   650   -61
   651   -61
   652   -61
   653   -61
   654   -61
   655   -61
   656   -61
   657   -61
   658   -60
   659   -61
   660   -60
   661   -62
   662   -60
   663   -62
   664   -60
   665   -62
   666   -60
   667   -61
   668   -60
   669   -61
   670   -61
   671   -61
   672   -61
   673   -61
   674   -61
   675   -60
   676   -61
   677   -60
   678   -61
   679   -60
   680   -62
   681   -60
   682   -62
   683   -60
   684   -61
   685   -60
   686   -61
   687   -60
   688   -61
   689   -61
   690   -61
   691   -61
   692   -60
   693   -61
   694   -60
   695   -62
   696   -60
   697   -62
   698   -60
   699   -61
   700   -60
   701   -61
   702   -61
   703   -61
   704   -61
   705   -61
   706   -61
   707   -60
   708   -61
   709   -60
   710   -61
   711   -60
   712   -61
   713   -60
   714   -61
   715   -60
   716   -61
   717   -60
   718   -61
   719   -60
   720   -61
   721   -61
   722   -61
   723   -61
   724   -60
   725   -61
   726   -60
   727   -62
   728   -60
   729   -62
   730   -60
   731   -61
   732   -60
   733   -61
   734   -60
   735   -61
   736   -61
   737   -61
   738   -61
   739   -60
   740   -61
   741   -60
   742   -61
   743   -60
   744   -61
   745   -60
   746   -62
   747   -60
   748   -61
   749   -60
   750   -61
   751   -61
   752   -61
   753   -61
   754   -61
   755   -61
   756   -61
   757   -62
   758   -60
   759   -61
   760   -60
   761   -62
   762   -60
   763   -62
   764   -60
   765   -62
   766   -61
   767   -61
   768   -61
   769   -61
   770   -61
   771   -60
   772   -61
   773   -60
   774   -62
   775   -60
   776   -62
   777   -60
   778   -62
   779   -60
   780   -62
   781   -60
   782   -61
   783   -60
   784   -61
   785   -61
   786   -61
   787   -61
   788   -60
   789   -62
   790   -60
   791   -61
   792   -60
   793   -62
   794   -60
   795   -62
   796   -60
   797   -62
   798   -60
   799   -61
   800   -60
   801   -61
   802   -61
   803   -61
   804   -61
   805   -60
   806   -61
   807   -60
   808   -62
   809   -60
   810   -62
   811   -60
   812   -62
   813   -60
   814   -62
   815   -60
   816   -61
   817   -60
   818   -61
   819   -61
   820   -61
   821   -61
   822   -60
   823   -61
   824   -60
   825   -62
   826   -60
   827   -62
   828   -60
   829   -62
   830   -60
   831   -61
   832   -60
   833   -61
   834   -60
   835   -61
   836   -61
   837   -60
   838   -61
   839   -60
   840   -62
   841   -60
   842   -62
   843   -60
   844   -62
   845   -60
   846   -62
   847   -60
   848   -61
   849   -61
   850   -61
   851   -60
   852   -61
   853   -61
   854   -60
   855   -61
   856   -60
   857   -62
   858   -60
   859   -62
   860   -60
   861   -62
   862   -60
   863   -62
   864   -60
   865   -61
   866   -60
   867   -61
   868   -61
   869   -61
   870   -61
   871   -60
   872   -61
   873   -60
   874   -62
   875   -60
   876   -62
   877   -60
   878   -62
   879   -60
   880   -62
   881   -60
   882   -61
   883   -60
   884   -61
   885   -61
   886   -61
   887   -61
   888   -60
   889   -61
   890   -60
   891   -62
   892   -60
   893   -62
   894   -60
   895   -62
   896   -60
   897   -62
   898   -60
   899   -61
   900   -60
   901   -61
   902   -61
   903   -61
   904   -61
   905   -60
   906   -61
   907   -60
   908   -62
   909   -60
   910   -62
   911   -60
   912   -62
   913   -60
   914   -61
   915   -60
   916   -61
   917   -61
   918   -61
   919   -61
   920   -61
   921   -62
   922   -60
   923   -62
   924   -60
   925   -62
   926   -60
   927   -62
   928   -60
   929   -62
   930   -60
   931   -61
   932   -60
   933   -61
   934   -61
   935   -61
   936   -61
   937   -60
   938   -62
   939   -60
   940   -62
   941   -60
   942   -62
   943   -60
   944   -62
   945   -60
   946   -61
   947   -60
   948   -61
   949   -61
   950   -61
   951   -61
   952   -61
   953   -61
   954   -60
   955   -62
   956   -60
   957   -62
   958   -60
   959   -62
   960   -60
   961   -62
   962   -60
   963   -61
   964   -60
   965   -61
   966   -61
   967   -61
   968   -61
   969   -60
   970   -61
   971   -60
   972   -62
   973   -60
   974   -62
   975   -60
   976   -62
   977   -60
   978   -62
   979   -60
   980   -61
   981   -60
   982   -61
   983   -61
   984   -60
   985   -61
   986   -60
   987   -62
   988   -60
   989   -62
   990   -60
   991   -62
   992   -60
   993   -62
   994   -60
   995   -62
   996   -60
   997   -61
   998   -60
   999   -61
