   0   0
   1   -61
   2   -61
   3   -60
   4   -61
   5   -61
   6   -61
   7   -61
   8   -61
   9   -61
   10   -61
   11   -61
   12   -60
   13   -62
   14   -61
   15   -62
   16   -60
   17   -61
   18   -61
   19   -61
   20   -61
   21   -61
   22   -61
   23   -61
   24   -61
   25   -61
   26   -61
   27   -61
   28   -62
   29   -61
   30   -62
   31   -60
   32   -62
   33   -61
   34   -62
   35   -60
   36   -62
   37   -61
   38   -61
   39   -61
   40   -61
   41   -61
   42   -61
   43   -61
   44   -61
   45   -61
   46   -60
   47   -61
   48   -61
   49   -62
   50   -60
   51   -62
   52   -61
   53   -61
   54   -61
   55   -61
   56   -61
   57   -61
   58   -61
   59   -61
   60   -61
   61   -61
   62   -61
   63   -61
   64   -61
   65   -61
   66   -61
   67   -61
   68   -61
   69   -61
   70   -61
   71   -61
   72   -61
   73   -61
   74   -61
   75   -61
   76   -61
   77   -62
   78   -60
   79   -61
   80   -61
   81   -61
   82   -60
   83   -62
   84   -60
   85   -61
   86   -61
   87   -61
   88   -61
   89   -61
   90   -61
   91   -61
   92   -61
   93   -61
   94   -61
   95   -60
   96   -61
   97   -61
   98   -61
   99   -60
   100   -62
   101   -61
   102   -61
   103   -61
   104   -61
   105   -61
   106   -61
   107   -61
   108   -61
   109   -61
   110   -61
   111   -61
   112   -61
   113   -61
   114   -61
   115   -62
   116   -61
   117   -61
   118   -61
   119   -61
   120   -61
   121   -61
   122   -61
   123   -61
   124   -61
   125   -61
   126   -61
   127   -61
   128   -61
   129   -61
   130   -61
   131   -61
   132   -61
   133   -61
   134   -61
   135   -61
   136   -61
   137   -61
   138   -61
   139   -61
   140   -61
   141   -61
   142   -61
   143   -61
   144   -60
   145   -61
   146   -61
   147   -62
   148   -60
   149   -61
   150   -60
   151   -61
   152   -60
   153   -61
   154   -61
   155   -61
   156   -61
   157   -61
   158   -61
   159   -61
   160   -61
   161   -61
   162   -61
   163   -60
   164   -61
   165   -61
   166   -62
   167   -61
   168   -62
   169   -60
   170   -61
   171   -61
   172   -61
   173   -61
   174   -61
   175   -61
   176   -61
   177   -61
   178   -61
   179   -61
   180   -61
   181   -62
   182   -61
   183   -61
   184   -61
   185   -61
   186   -61
   187   -61
   188   -61
   189   -61
   190   -61
   191   -61
   192   -61
   193   -61
   194   -60
   195   -61
   196   -61
   197   -60
   198   -61
   199   -60
   200   -62
   201   -57
   202   -13
   203   54
   204   63
   205   56
   206   45
   207   43
   208   41
   209   44
   210   44
   211   45
   212   44
   213   45
   214   45
   215   45
   216   46
   217   45
   218   46
   219   45
   220   45
   221   45
   222   46
   223   46
   224   45
   225   46
   226   45
   227   46
   228   45
   229   46
   230   45
   231   46
   232   45
   233   46
   234   45
   235   46
   236   45
   237   46
   238   46
   239   46
   240   46
   241   46
   242   46
   243   45
   244   46
   245   45
   246   47
   247   45
   248   46
   249   45
   250   46
   251   46
   252   47
   253   46
   254   46
   255   45
   256   46
   257   46
   258   46
   259   46
   260   45
   261   46
   262   45
   263   46
   264   46
   265   47
   266   45
   267   46
   268   46
   269   46
   270   46
   271   46
   272   46
   273   46
   274   46
   275   45
   276   46
   277   45
   278   46
   279   45
   280   46
   281   45
   282   47
   283   45
   284   46
   285   45
   286   46
   287   46
   288   46
   289   45
   290   45
   291   45
   292   45
   293   46
   294   45
   295   46
   296   45
   297   46
   298   45
   299   46
   300   45
   301   46
   302   45
   303   46
   304   45
   305   46
   306   45
   307   45
   308   46
   309   45
   310   46
   311   45
   312   46
   313   45
   314   46
   315   45
   316   46
   317   45
   318   46
   319   46
   320   46
   321   45
   322   45
   323   45
   324   45
   325   45
   326   45
   327   45
   328   45
   329   46
   330   45
   331   46
   332   44
   333   45
   334   45
   335   45
   336   45
   337   45
   338   45
   339   45
   340   45
   341   45
   342   45
   343   44
   344   46
   345   44
   346   46
   347   44
   348   45
   349   44
   350   45
   351   44
   352   45
   353   45
   354   44
   355   45
   356   44
   357   45
   358   44
   359   45
   360   44
   361   45
   362   44
   363   45
   364   44
   365   44
   366   43
   367   44
   368   44
   369   44
   370   44
   371   44
   372   43
   373   43
   374   44
   375   43
   376   43
   377   42
   378   43
   379   42
   380   42
   381   40
   382   40
   383   39
   384   38
   385   37
   386   36
   387   34
   388   32
   389   30
   390   28
   391   26
   392   23
   393   21
   394   17
   395   15
   396   10
   397   8
   398   3
   399   0
   400   -4
   401   -8
   402   -12
   403   -15
   404   -19
   405   -23
   406   -25
   407   -29
   408   -31
   409   -35
   410   -37
   411   -40
   412   -42
   413   -45
   414   -46
   415   -49
   416   -49
   417   -51
   418   -52
   419   -53
   420   -54
   421   -55
   422   -56
   423   -56
   424   -57
   425   -57
   426   -58
   427   -57
   428   -59
   429   -58
   430   -59
   431   -59
   432   -60
   433   -59
   434   -60
   435   -59
   436   -60
   437   -60
   438   -60
   439   -60
   440   -60
   441   -60
   442   -59
   443   -60
   444   -59
   445   -60
   446   -60
   447   -61
   448   -59
   449   -60
   450   -60
   451   -60
   452   -60
   453   -60
   454   -60
   455   -60
   456   -60
   457   -60
   458   -61
   459   -59
   460   -60
   461   -59
   462   -61
   463   -60
   464   -61
   465   -60
   466   -60
   467   -60
   468   -60
   469   -60
   470   -60
   471   -60
   472   -60
   473   -61
   474   -60
   475   -61
   476   -60
   477   -61
   478   -59
   479   -61
   480   -60
   481   -61
   482   -60
   483   -60
   484   -60
   485   -60
   486   -60
   487   -60
   488   -60
   489   -60
   490   -61
   491   -60
   492   -61
   493   -60
   494   -61
   495   -59
   496   -61
   497   -60
   498   -61
   499   -60
   500   -61
   501   -60
   502   -61
   503   -60
   504   -60
   505   -61
   506   -60
   507   -61
   508   -60
   509   -60
   510   -59
   511   -61
   512   -60
   513   -61
   514   -60
   515   -61
   516   -60
   517   -61
   518   -60
   519   -61
   520   -60
   521   -60
   522   -61
   523   -60
   524   -61
   525   -60
   526   -61
   527   -60
   528   -61
   529   -60
   530   -61
   531   -60
   532   -61
   533   -61
   534   -61
   535   -60
   536   -60
   537   -61
   538   -60
   539   -61
   540   -60
   541   -61
   542   -60
   543   -61
   544   -60
   545   -61
   546   -60
   547   -62
   548   -60
   549   -61
   550   -60
   551   -61
   552   -60
   553   -60
   554   -61
   555   -61
   556   -61
   557   -60
   558   -61
   559   -60
   560   -61
   561   -60
   562   -61
   563   -60
   564   -62
   565   -60
   566   -61
   567   -61
   568   -61
   569   -60
   570   -60
   571   -60
   572   -60
   573   -61
   574   -60
   575   -61
   576   -60
   577   -61
   578   -60
   579   -61
   580   -60
   581   -61
   582   -61
   583   -61
   584   -60
   585   -60
   586   -61
   587   -61
   588   -61
   589   -60
   590   -61
   591   -60
   592   -61
   593   -60
   594   -61
   595   -60
   596   -61
   597   -60
   598   -61
   599   -60
   600   -61
   601   -61
   602   -60
   603   -61
   604   -60
   605   -61
   606   -60
   607   -61
   608   -60
   609   -61
   610   -60
   611   -62
   612   -60
   613   -61
   614   -60
   615   -61
   616   -60
   617   -61
   618   -60
   619   -61
   620   -61
   621   -61
   622   -61
   623   -60
   624   -61
   625   -60
   626   -61
   627   -60
   628   -61
   629   -60
   630   -61
   631   -60
   632   -61
   633   -60
   634   -61
   635   -60
   636   -60
   637   -60
   638   -61
   639   -61
   640   -60
   641   -61
   642   -60
   643   -61
   644   -60
   645   -61
   646   -61
   647   -61
   648   -60
   649   -60
   650   -61
   651   -61
   652   -61
   653   -60
   654   -61
   655   -60
   656   -61
   657   -60
   658   -61
   659   -60
   660   -62
   661   -60
   662   -61
   663   -60
   664   -61
   665   -61
   666   -61
   667   -61
   668   -60
   669   -61
   670   -60
   671   -62
   672   -60
   673   -61
   674   -60
   675   -62
   676   -60
   677   -62
   678   -60
   679   -61
   680   -60
   681   -61
   682   -61
   683   -61
   684   -61
   685   -61
   686   -61
   687   -60
   688   -61
   689   -60
   690   -61
   691   -60
   692   -62
   693   -60
   694   -62
   695   -60
   696   -61
   697   -60
   698   -61
   699   -61
   700   -61
   701   -61
   702   -61
   703   -61
   704   -60
   705   -61
   706   -60
   707   -62
   708   -60
   709   -61
   710   -60
   711   -61
   712   -60
   713   -61
   714   -60
   715   -61
   716   -61
   717   -60
   718   -61
   719   -60
   720   -61
   721   -60
   722   -62
   723   -59
   724   -62
   725   -60
   726   -62
   727   -60
   728   -61
   729   -60
   730   -61
   731   -60
   732   -61
   733   -60
   734   -60
   735   -61
   736   -60
   737   -61
   738   -60
   739   -62
   740   -60
   741   -62
   742   -59
   743   -62
   744   -60
   745   -62
   746   -60
   747   -61
   748   -60
   749   -61
   750   -60
   751   -61
   752   -61
   753   -60
   754   -61
   755   -60
   756   -61
   757   -60
   758   -61
   759   -60
   760   -61
   761   -60
   762   -61
   763   -60
   764   -61
   765   -61
   766   -61
   767   -61
   768   -61
   769   -62
   770   -60
   771   -61
   772   -60
   773   -62
   774   -60
   775   -62
   776   -60
   777   -61
   778   -60
   779   -61
   780   -60
   781   -61
   782   -61
   783   -61
   784   -61
   785   -60
   786   -61
   787   -60
   788   -62
   789   -60
   790   -62
   791   -60
   792   -62
   793   -60
   794   -61
   795   -60
   796   -61
   797   -60
   798   -61
   799   -61
   800   -61
   801   -61
   802   -60
   803   -61
   804   -60
   805   -62
   806   -60
   807   -61
   808   -60
   809   -61
   810   -60
   811   -61
   812   -60
   813   -61
   814   -60
   815   -61
   816   -61
   817   -60
   818   -61
   819   -60
   820   -61
   821   -60
   822   -62
   823   -60
   824   -61
   825   -60
   826   -61
   827   -60
   828   -61
   829   -60
   830   -61
   831   -61
   832   -61
   833   -61
   834   -60
   835   -61
   836   -60
   837   -61
   838   -60
   839   -61
   840   -60
   841   -62
   842   -60
   843   -61
   844   -60
   845   -61
   846   -60
   847   -61
   848   -61
   849   -61
   850   -61
   851   -60
   852   -61
   853   -60
   854   -61
   855   -60
   856   -62
   857   -60
   858   -62
   859   -60
   860   -62
   861   -60
   862   -61
   863   -60
   864   -61
   865   -61
   866   -61
   867   -61
   868   -60
   869   -61
   870   -60
   871   -62
   872   -60
   873   -61
   874   -60
   875   -61
   876   -60
   877   -61
   878   -61
   879   -61
   880   -60
   881   -61
   882   -61
   883   -61
   884   -61
   885   -60
   886   -61
   887   -60
   888   -62
   889   -60
   890   -61
   891   -60
   892   -61
   893   -60
   894   -61
   895   -61
   896   -61
   897   -61
   898   -61
   899   -61
   900   -60
   901   -61
   902   -60
   903   -61
   904   -60
   905   -62
   906   -60
   907   -62
   908   -60
   909   -61
   910   -60
   911   -61
   912   -61
   913   -61
   914   -61
   915   -60
   916   -61
   917   -60
   918   -62
   919   -60
   920   -62
   921   -60
   922   -62
   923   -60
   924   -62
   925   -60
   926   -61
   927   -60
   928   -61
   929   -61
   930   -61
   931   -61
   932   -60
   933   -61
   934   -60
   935   -61
   936   -60
   937   -62
   938   -60
   939   -61
   940   -60
   941   -62
   942   -60
   943   -61
   944   -60
   945   -61
   946   -61
   947   -61
   948   -61
   949   -60
   950   -61
   951   -60
   952   -61
   953   -60
   954   -61
   955   -60
   956   -61
   957   -60
   958   -61
   959   -60
   960   -61
   961   -61
   962   -61
   963   -61
   964   -61
   965   -61
   966   -60
   967   -61
   968   -60
   969   -61
   970   -60
   971   -62
   972   -60
   973   -62
   974   -59
   975   -62
   976   -60
   977   -61
   978   -60
   979   -61
   980   -61
   981   -60
   982   -61
   983   -61
   984   -62
   985   -60
   986   -61
   987   -60
   988   -62
   989   -60
   990   -61
   991   -60
   992   -62
   993   -60
   994   -61
   995   -60
   996   -61
   997   -61
   998   -61
   999   -61
