   0   0
   1   -61
   2   -61
   3   -61
   4   -61
   5   -61
   6   -61
   7   -60
   8   -62
   9   -60
   10   -62
   11   -60
   12   -62
   13   -60
   14   -62
   15   -60
   16   -62
   17   -60
   18   -62
   19   -61
   20   -61
   21   -61
   22   -61
   23   -62
   24   -60
   25   -62
   26   -60
   27   -62
   28   -60
   29   -62
   30   -60
   31   -62
   32   -60
   33   -62
   34   -60
   35   -61
   36   -61
   37   -61
   38   -62
   39   -61
   40   -62
   41   -60
   42   -62
   43   -60
   44   -62
   45   -60
   46   -62
   47   -60
   48   -62
   49   -60
   50   -62
   51   -61
   52   -61
   53   -61
   54   -61
   55   -62
   56   -60
   57   -62
   58   -60
   59   -62
   60   -60
   61   -62
   62   -60
   63   -62
   64   -60
   65   -62
   66   -60
   67   -62
   68   -61
   69   -61
   70   -61
   71   -61
   72   -62
   73   -60
   74   -62
   75   -60
   76   -62
   77   -60
   78   -62
   79   -60
   80   -62
   81   -60
   82   -62
   83   -60
   84   -61
   85   -61
   86   -61
   87   -61
   88   -61
   89   -62
   90   -60
   91   -62
   92   -60
   93   -62
   94   -60
   95   -62
   96   -60
   97   -62
   98   -60
   99   -62
   100   -61
   101   -61
   102   -61
   103   -61
   104   -62
   105   -61
   106   -62
   107   -60
   108   -62
   109   -60
   110   -62
   111   -60
   112   -62
   113   -60
   114   -62
   115   -60
   116   -62
   117   -61
   118   -61
   119   -61
   120   -61
   121   -61
   122   -61
   123   -62
   124   -60
   125   -62
   126   -60
   127   -62
   128   -60
   129   -62
   130   -60
   131   -62
   132   -60
   133   -62
   134   -61
   135   -61
   136   -61
   137   -61
   138   -62
   139   -60
   140   -62
   141   -60
   142   -62
   143   -60
   144   -62
   145   -60
   146   -62
   147   -60
   148   -62
   149   -61
   150   -62
   151   -61
   152   -61
   153   -61
   154   -61
   155   -62
   156   -60
   157   -62
   158   -60
   159   -62
   160   -60
   161   -62
   162   -60
   163   -62
   164   -60
   165   -62
   166   -61
   167   -61
   168   -61
   169   -61
   170   -62
   171   -60
   172   -62
   173   -60
   174   -62
   175   -60
   176   -62
   177   -60
   178   -62
   179   -60
   180   -62
   181   -60
   182   -62
   183   -61
   184   -61
   185   -61
   186   -61
   187   -62
   188   -60
   189   -62
   190   -60
   191   -62
   192   -60
   193   -63
   194   -59
   195   -62
   196   -60
   197   -62
   198   -61
   199   -61
   200   -62
   201   -58
   202   -15
   203   59
   204   66
   205   53
   206   35
   207   33
   208   29
   209   36
   210   33
   211   37
   212   33
   213   36
   214   33
   215   37
   216   35
   217   36
   218   35
   219   36
   220   36
   221   35
   222   37
   223   36
   224   38
   225   35
   226   37
   227   35
   228   38
   229   35
   230   37
   231   36
   232   36
   233   37
   234   36
   235   37
   236   36
   237   37
   238   36
   239   38
   240   36
   241   38
   242   36
   243   38
   244   36
   245   38
   246   37
   247   38
   248   37
   249   37
   250   38
   251   37
   252   38
   253   37
   254   38
   255   36
   256   39
   257   36
   258   39
   259   36
   260   38
   261   36
   262   39
   263   37
   264   38
   265   37
   266   37
   267   38
   268   37
   269   38
   270   37
   271   39
   272   37
   273   39
   274   37
   275   39
   276   37
   277   38
   278   37
   279   39
   280   37
   281   38
   282   38
   283   38
   284   38
   285   37
   286   39
   287   37
   288   39
   289   37
   290   39
   291   37
   292   39
   293   37
   294   39
   295   38
   296   39
   297   37
   298   38
   299   38
   300   38
   301   39
   302   38
   303   39
   304   37
   305   40
   306   37
   307   40
   308   37
   309   40
   310   37
   311   40
   312   38
   313   39
   314   38
   315   38
   316   39
   317   38
   318   39
   319   37
   320   39
   321   37
   322   40
   323   37
   324   40
   325   37
   326   40
   327   37
   328   39
   329   37
   330   39
   331   38
   332   38
   333   39
   334   38
   335   39
   336   38
   337   40
   338   37
   339   40
   340   37
   341   40
   342   37
   343   40
   344   38
   345   39
   346   38
   347   39
   348   38
   349   39
   350   39
   351   38
   352   39
   353   38
   354   40
   355   37
   356   40
   357   37
   358   40
   359   37
   360   40
   361   38
   362   39
   363   38
   364   39
   365   39
   366   38
   367   39
   368   38
   369   39
   370   37
   371   39
   372   37
   373   39
   374   37
   375   39
   376   37
   377   38
   378   37
   379   38
   380   36
   381   36
   382   37
   383   35
   384   36
   385   34
   386   35
   387   33
   388   34
   389   31
   390   33
   391   30
   392   31
   393   28
   394   29
   395   26
   396   26
   397   24
   398   23
   399   22
   400   20
   401   19
   402   16
   403   16
   404   12
   405   13
   406   9
   407   9
   408   5
   409   5
   410   1
   411   1
   412   -3
   413   -4
   414   -6
   415   -9
   416   -10
   417   -13
   418   -13
   419   -17
   420   -17
   421   -22
   422   -21
   423   -26
   424   -25
   425   -29
   426   -29
   427   -32
   428   -33
   429   -35
   430   -36
   431   -38
   432   -40
   433   -40
   434   -43
   435   -42
   436   -46
   437   -45
   438   -48
   439   -46
   440   -50
   441   -48
   442   -51
   443   -50
   444   -52
   445   -52
   446   -53
   447   -53
   448   -54
   449   -55
   450   -54
   451   -56
   452   -55
   453   -57
   454   -55
   455   -58
   456   -55
   457   -58
   458   -56
   459   -58
   460   -57
   461   -58
   462   -58
   463   -59
   464   -58
   465   -58
   466   -59
   467   -58
   468   -59
   469   -58
   470   -60
   471   -57
   472   -60
   473   -58
   474   -60
   475   -58
   476   -60
   477   -58
   478   -59
   479   -59
   480   -59
   481   -59
   482   -59
   483   -60
   484   -58
   485   -60
   486   -58
   487   -60
   488   -58
   489   -60
   490   -58
   491   -60
   492   -58
   493   -60
   494   -59
   495   -59
   496   -59
   497   -59
   498   -60
   499   -58
   500   -60
   501   -58
   502   -60
   503   -58
   504   -61
   505   -58
   506   -61
   507   -58
   508   -60
   509   -59
   510   -60
   511   -59
   512   -59
   513   -60
   514   -59
   515   -60
   516   -59
   517   -61
   518   -58
   519   -61
   520   -58
   521   -61
   522   -58
   523   -60
   524   -58
   525   -60
   526   -59
   527   -60
   528   -59
   529   -59
   530   -59
   531   -59
   532   -60
   533   -59
   534   -61
   535   -58
   536   -61
   537   -58
   538   -61
   539   -58
   540   -60
   541   -59
   542   -61
   543   -59
   544   -60
   545   -60
   546   -59
   547   -60
   548   -59
   549   -60
   550   -59
   551   -61
   552   -59
   553   -61
   554   -58
   555   -61
   556   -59
   557   -61
   558   -59
   559   -60
   560   -59
   561   -60
   562   -60
   563   -59
   564   -61
   565   -59
   566   -61
   567   -58
   568   -61
   569   -58
   570   -61
   571   -58
   572   -61
   573   -59
   574   -61
   575   -59
   576   -61
   577   -59
   578   -60
   579   -60
   580   -60
   581   -60
   582   -59
   583   -61
   584   -59
   585   -61
   586   -58
   587   -61
   588   -59
   589   -61
   590   -59
   591   -61
   592   -59
   593   -60
   594   -60
   595   -60
   596   -60
   597   -60
   598   -60
   599   -59
   600   -61
   601   -59
   602   -61
   603   -59
   604   -61
   605   -59
   606   -61
   607   -59
   608   -61
   609   -59
   610   -60
   611   -60
   612   -60
   613   -60
   614   -59
   615   -61
   616   -59
   617   -61
   618   -59
   619   -61
   620   -59
   621   -61
   622   -59
   623   -61
   624   -59
   625   -60
   626   -60
   627   -60
   628   -60
   629   -59
   630   -60
   631   -59
   632   -61
   633   -59
   634   -62
   635   -59
   636   -61
   637   -59
   638   -61
   639   -59
   640   -61
   641   -59
   642   -61
   643   -59
   644   -60
   645   -60
   646   -60
   647   -61
   648   -59
   649   -61
   650   -59
   651   -61
   652   -59
   653   -61
   654   -59
   655   -61
   656   -59
   657   -61
   658   -59
   659   -60
   660   -60
   661   -60
   662   -60
   663   -60
   664   -61
   665   -59
   666   -61
   667   -59
   668   -61
   669   -59
   670   -61
   671   -59
   672   -61
   673   -59
   674   -61
   675   -60
   676   -60
   677   -60
   678   -60
   679   -61
   680   -59
   681   -61
   682   -59
   683   -61
   684   -59
   685   -61
   686   -59
   687   -61
   688   -59
   689   -61
   690   -59
   691   -60
   692   -60
   693   -60
   694   -60
   695   -60
   696   -61
   697   -59
   698   -61
   699   -59
   700   -61
   701   -59
   702   -61
   703   -59
   704   -62
   705   -59
   706   -61
   707   -60
   708   -61
   709   -60
   710   -60
   711   -61
   712   -60
   713   -61
   714   -59
   715   -62
   716   -59
   717   -61
   718   -59
   719   -61
   720   -59
   721   -61
   722   -60
   723   -61
   724   -60
   725   -60
   726   -60
   727   -60
   728   -61
   729   -60
   730   -61
   731   -59
   732   -61
   733   -59
   734   -61
   735   -59
   736   -62
   737   -59
   738   -61
   739   -60
   740   -61
   741   -60
   742   -60
   743   -60
   744   -59
   745   -61
   746   -59
   747   -61
   748   -59
   749   -62
   750   -59
   751   -62
   752   -59
   753   -62
   754   -59
   755   -61
   756   -60
   757   -61
   758   -60
   759   -60
   760   -61
   761   -60
   762   -61
   763   -60
   764   -62
   765   -59
   766   -62
   767   -59
   768   -61
   769   -59
   770   -62
   771   -59
   772   -61
   773   -60
   774   -61
   775   -60
   776   -61
   777   -61
   778   -60
   779   -61
   780   -59
   781   -61
   782   -59
   783   -62
   784   -59
   785   -61
   786   -59
   787   -61
   788   -59
   789   -61
   790   -60
   791   -61
   792   -60
   793   -60
   794   -61
   795   -60
   796   -61
   797   -59
   798   -61
   799   -59
   800   -62
   801   -59
   802   -62
   803   -59
   804   -61
   805   -60
   806   -61
   807   -60
   808   -60
   809   -61
   810   -60
   811   -61
   812   -59
   813   -61
   814   -59
   815   -62
   816   -59
   817   -62
   818   -59
   819   -62
   820   -59
   821   -61
   822   -60
   823   -61
   824   -60
   825   -60
   826   -61
   827   -60
   828   -61
   829   -59
   830   -62
   831   -59
   832   -62
   833   -59
   834   -62
   835   -59
   836   -62
   837   -59
   838   -61
   839   -60
   840   -61
   841   -60
   842   -60
   843   -61
   844   -60
   845   -61
   846   -60
   847   -62
   848   -59
   849   -62
   850   -59
   851   -62
   852   -59
   853   -61
   854   -60
   855   -61
   856   -60
   857   -61
   858   -61
   859   -60
   860   -61
   861   -60
   862   -61
   863   -59
   864   -62
   865   -59
   866   -62
   867   -59
   868   -62
   869   -59
   870   -61
   871   -60
   872   -61
   873   -60
   874   -60
   875   -61
   876   -60
   877   -61
   878   -60
   879   -62
   880   -59
   881   -62
   882   -59
   883   -62
   884   -59
   885   -62
   886   -59
   887   -61
   888   -60
   889   -61
   890   -60
   891   -60
   892   -61
   893   -60
   894   -62
   895   -59
   896   -61
   897   -59
   898   -62
   899   -59
   900   -62
   901   -59
   902   -61
   903   -59
   904   -61
   905   -60
   906   -61
   907   -60
   908   -60
   909   -61
   910   -60
   911   -61
   912   -60
   913   -62
   914   -59
   915   -62
   916   -59
   917   -61
   918   -60
   919   -61
   920   -60
   921   -61
   922   -60
   923   -61
   924   -61
   925   -60
   926   -61
   927   -60
   928   -62
   929   -60
   930   -62
   931   -59
   932   -62
   933   -59
   934   -61
   935   -59
   936   -61
   937   -60
   938   -61
   939   -60
   940   -60
   941   -61
   942   -60
   943   -61
   944   -59
   945   -62
   946   -59
   947   -62
   948   -59
   949   -62
   950   -60
   951   -62
   952   -60
   953   -61
   954   -60
   955   -61
   956   -61
   957   -60
   958   -61
   959   -60
   960   -62
   961   -59
   962   -62
   963   -59
   964   -62
   965   -59
   966   -61
   967   -59
   968   -61
   969   -60
   970   -61
   971   -60
   972   -61
   973   -61
   974   -60
   975   -61
   976   -59
   977   -61
   978   -60
   979   -62
   980   -59
   981   -62
   982   -59
   983   -62
   984   -60
   985   -61
   986   -60
   987   -61
   988   -61
   989   -60
   990   -61
   991   -60
   992   -61
   993   -60
   994   -62
   995   -59
   996   -62
   997   -59
   998   -62
   999   -59
