   0   0
   1   -68
   2   -67
   3   -68
   4   -68
   5   -68
   6   -67
   7   -68
   8   -67
   9   -66
   10   -67
   11   -67
   12   -67
   13   -67
   14   -67
   15   -67
   16   -67
   17   -68
   18   -68
   19   -68
   20   -67
   21   -68
   22   -67
   23   -67
   24   -67
   25   -67
   26   -67
   27   -67
   28   -67
   29   -67
   30   -67
   31   -68
   32   -67
   33   -68
   34   -68
   35   -68
   36   -68
   37   -67
   38   -67
   39   -67
   40   -67
   41   -66
   42   -67
   43   -67
   44   -67
   45   -67
   46   -67
   47   -67
   48   -68
   49   -67
   50   -68
   51   -68
   52   -68
   53   -68
   54   -67
   55   -68
   56   -67
   57   -68
   58   -67
   59   -67
   60   -67
   61   -67
   62   -67
   63   -67
   64   -67
   65   -68
   66   -67
   67   -68
   68   -67
   69   -68
   70   -68
   71   -67
   72   -67
   73   -68
   74   -67
   75   -67
   76   -67
   77   -67
   78   -67
   79   -68
   80   -67
   81   -67
   82   -68
   83   -67
   84   -67
   85   -68
   86   -68
   87   -68
   88   -68
   89   -67
   90   -68
   91   -67
   92   -68
   93   -67
   94   -68
   95   -67
   96   -68
   97   -68
   98   -68
   99   -68
   100   -68
   101   -68
   102   -68
   103   -68
   104   -67
   105   -67
   106   -67
   107   -67
   108   -67
   109   -67
   110   -67
   111   -67
   112   -67
   113   -67
   114   -67
   115   -67
   116   -67
   117   -67
   118   -68
   119   -67
   120   -68
   121   -68
   122   -67
   123   -67
   124   -67
   125   -67
   126   -67
   127   -67
   128   -67
   129   -67
   130   -67
   131   -68
   132   -67
   133   -68
   134   -68
   135   -67
   136   -68
   137   -67
   138   -67
   139   -67
   140   -67
   141   -68
   142   -67
   143   -67
   144   -67
   145   -67
   146   -67
   147   -67
   148   -68
   149   -68
   150   -67
   151   -67
   152   -67
   153   -67
   154   -67
   155   -67
   156   -68
   157   -67
   158   -67
   159   -67
   160   -67
   161   -67
   162   -67
   163   -67
   164   -68
   165   -68
   166   -68
   167   -67
   168   -68
   169   -68
   170   -68
   171   -68
   172   -67
   173   -67
   174   -67
   175   -67
   176   -67
   177   -67
   178   -67
   179   -68
   180   -67
   181   -67
   182   -67
   183   -68
   184   -67
   185   -68
   186   -68
   187   -67
   188   -68
   189   -67
   190   -67
   191   -67
   192   -68
   193   -67
   194   -67
   195   -68
   196   -67
   197   -67
   198   -67
   199   -68
   200   -68
   201   -40
   202   16
   203   -35
   204   -40
   205   -34
   206   -33
   207   -34
   208   -33
   209   -32
   210   -32
   211   -32
   212   -31
   213   -32
   214   -32
   215   -31
   216   -32
   217   -31
   218   -31
   219   -31
   220   -30
   221   -30
   222   -32
   223   -31
   224   -30
   225   -31
   226   -31
   227   -30
   228   -31
   229   -31
   230   -31
   231   -31
   232   -31
   233   -31
   234   -31
   235   -31
   236   -31
   237   -31
   238   -31
   239   -31
   240   -31
   241   -30
   242   -31
   243   -31
   244   -31
   245   -31
   246   -32
   247   -31
   248   -31
   249   -30
   250   -31
   251   -31
   252   -31
   253   -31
   254   -31
   255   -31
   256   -31
   257   -31
   258   -31
   259   -31
   260   -31
   261   -32
   262   -31
   263   -32
   264   -32
   265   -32
   266   -32
   267   -32
   268   -32
   269   -31
   270   -32
   271   -32
   272   -32
   273   -32
   274   -32
   275   -32
   276   -32
   277   -32
   278   -32
   279   -32
   280   -32
   281   -32
   282   -32
   283   -32
   284   -32
   285   -32
   286   -32
   287   -32
   288   -32
   289   -32
   290   -32
   291   -32
   292   -33
   293   -32
   294   -32
   295   -33
   296   -33
   297   -33
   298   -33
   299   -33
   300   -33
   301   -33
   302   -33
   303   -33
   304   -33
   305   -33
   306   -33
   307   -33
   308   -33
   309   -33
   310   -33
   311   -33
   312   -33
   313   -33
   314   -33
   315   -33
   316   -33
   317   -33
   318   -33
   319   -33
   320   -33
   321   -33
   322   -33
   323   -33
   324   -34
   325   -33
   326   -34
   327   -34
   328   -33
   329   -33
   330   -34
   331   -33
   332   -34
   333   -34
   334   -34
   335   -34
   336   -34
   337   -34
   338   -34
   339   -34
   340   -34
   341   -35
   342   -34
   343   -34
   344   -34
   345   -34
   346   -34
   347   -34
   348   -34
   349   -34
   350   -34
   351   -34
   352   -34
   353   -34
   354   -34
   355   -34
   356   -34
   357   -35
   358   -35
   359   -35
   360   -34
   361   -35
   362   -35
   363   -35
   364   -34
   365   -34
   366   -35
   367   -34
   368   -35
   369   -34
   370   -36
   371   -36
   372   -36
   373   -37
   374   -36
   375   -36
   376   -37
   377   -36
   378   -36
   379   -37
   380   -36
   381   -37
   382   -37
   383   -37
   384   -37
   385   -37
   386   -38
   387   -39
   388   -39
   389   -40
   390   -40
   391   -41
   392   -41
   393   -42
   394   -42
   395   -42
   396   -43
   397   -43
   398   -44
   399   -44
   400   -45
   401   -46
   402   -47
   403   -47
   404   -48
   405   -49
   406   -50
   407   -51
   408   -51
   409   -52
   410   -52
   411   -53
   412   -53
   413   -54
   414   -54
   415   -55
   416   -55
   417   -56
   418   -57
   419   -57
   420   -58
   421   -59
   422   -59
   423   -60
   424   -61
   425   -61
   426   -61
   427   -61
   428   -62
   429   -62
   430   -62
   431   -62
   432   -63
   433   -63
   434   -64
   435   -64
   436   -64
   437   -65
   438   -65
   439   -66
   440   -66
   441   -66
   442   -66
   443   -66
   444   -66
   445   -66
   446   -66
   447   -66
   448   -66
   449   -66
   450   -66
   451   -66
   452   -67
   453   -67
   454   -67
   455   -67
   456   -67
   457   -67
   458   -67
   459   -67
   460   -67
   461   -66
   462   -66
   463   -66
   464   -66
   465   -66
   466   -66
   467   -66
   468   -67
   469   -67
   470   -67
   471   -67
   472   -67
   473   -67
   474   -67
   475   -67
   476   -67
   477   -67
   478   -67
   479   -66
   480   -67
   481   -66
   482   -66
   483   -67
   484   -67
   485   -67
   486   -68
   487   -68
   488   -67
   489   -68
   490   -68
   491   -68
   492   -67
   493   -67
   494   -67
   495   -66
   496   -66
   497   -66
   498   -66
   499   -66
   500   -67
   501   -67
   502   -67
   503   -67
   504   -67
   505   -68
   506   -68
   507   -67
   508   -68
   509   -67
   510   -67
   511   -67
   512   -66
   513   -66
   514   -66
   515   -66
   516   -67
   517   -67
   518   -67
   519   -68
   520   -68
   521   -68
   522   -68
   523   -67
   524   -68
   525   -67
   526   -67
   527   -67
   528   -66
   529   -66
   530   -66
   531   -67
   532   -66
   533   -66
   534   -67
   535   -67
   536   -68
   537   -68
   538   -68
   539   -68
   540   -68
   541   -67
   542   -67
   543   -66
   544   -67
   545   -66
   546   -66
   547   -67
   548   -66
   549   -67
   550   -68
   551   -68
   552   -68
   553   -67
   554   -68
   555   -68
   556   -68
   557   -67
   558   -67
   559   -67
   560   -66
   561   -66
   562   -66
   563   -66
   564   -66
   565   -66
   566   -67
   567   -67
   568   -67
   569   -68
   570   -68
   571   -68
   572   -68
   573   -67
   574   -67
   575   -67
   576   -67
   577   -66
   578   -66
   579   -66
   580   -66
   581   -66
   582   -67
   583   -67
   584   -68
   585   -68
   586   -68
   587   -68
   588   -68
   589   -68
   590   -68
   591   -67
   592   -67
   593   -66
   594   -66
   595   -66
   596   -66
   597   -66
   598   -67
   599   -67
   600   -68
   601   -67
   602   -68
   603   -68
   604   -68
   605   -68
   606   -68
   607   -67
   608   -67
   609   -66
   610   -66
   611   -66
   612   -66
   613   -66
   614   -66
   615   -67
   616   -67
   617   -68
   618   -68
   619   -68
   620   -68
   621   -68
   622   -68
   623   -68
   624   -68
   625   -67
   626   -66
   627   -66
   628   -66
   629   -66
   630   -66
   631   -67
   632   -67
   633   -67
   634   -68
   635   -68
   636   -68
   637   -68
   638   -68
   639   -68
   640   -67
   641   -67
   642   -66
   643   -67
   644   -67
   645   -66
   646   -67
   647   -66
   648   -67
   649   -67
   650   -67
   651   -68
   652   -68
   653   -68
   654   -68
   655   -68
   656   -67
   657   -68
   658   -67
   659   -66
   660   -66
   661   -66
   662   -66
   663   -67
   664   -67
   665   -67
   666   -67
   667   -68
   668   -68
   669   -69
   670   -68
   671   -68
   672   -68
   673   -67
   674   -67
   675   -66
   676   -67
   677   -65
   678   -66
   679   -66
   680   -66
   681   -67
   682   -68
   683   -68
   684   -68
   685   -68
   686   -68
   687   -68
   688   -68
   689   -67
   690   -67
   691   -66
   692   -66
   693   -66
   694   -66
   695   -66
   696   -66
   697   -67
   698   -67
   699   -68
   700   -68
   701   -68
   702   -68
   703   -68
   704   -68
   705   -67
   706   -67
   707   -66
   708   -66
   709   -66
   710   -66
   711   -66
   712   -66
   713   -67
   714   -67
   715   -68
   716   -68
   717   -69
   718   -69
   719   -68
   720   -68
   721   -67
   722   -67
   723   -67
   724   -66
   725   -66
   726   -66
   727   -66
   728   -66
   729   -66
   730   -67
   731   -68
   732   -68
   733   -68
   734   -69
   735   -68
   736   -68
   737   -68
   738   -67
   739   -67
   740   -67
   741   -66
   742   -66
   743   -66
   744   -66
   745   -67
   746   -67
   747   -67
   748   -68
   749   -68
   750   -68
   751   -68
   752   -68
   753   -68
   754   -68
   755   -67
   756   -67
   757   -66
   758   -66
   759   -66
   760   -66
   761   -66
   762   -67
   763   -66
   764   -68
   765   -68
   766   -69
   767   -69
   768   -69
   769   -68
   770   -68
   771   -68
   772   -67
   773   -66
   774   -66
   775   -66
   776   -66
   777   -66
   778   -66
   779   -67
   780   -67
   781   -68
   782   -69
   783   -68
   784   -69
   785   -68
   786   -68
   787   -67
   788   -67
   789   -67
   790   -67
   791   -66
   792   -65
   793   -66
   794   -66
   795   -66
   796   -67
   797   -67
   798   -68
   799   -68
   800   -69
   801   -68
   802   -68
   803   -67
   804   -67
   805   -67
   806   -67
   807   -66
   808   -66
   809   -66
   810   -66
   811   -66
   812   -67
   813   -67
   814   -68
   815   -68
   816   -69
   817   -69
   818   -68
   819   -68
   820   -68
   821   -67
   822   -67
   823   -66
   824   -66
   825   -66
   826   -66
   827   -66
   828   -67
   829   -67
   830   -68
   831   -68
   832   -68
   833   -68
   834   -69
   835   -68
   836   -68
   837   -67
   838   -67
   839   -66
   840   -65
   841   -66
   842   -66
   843   -66
   844   -67
   845   -67
   846   -67
   847   -68
   848   -68
   849   -69
   850   -68
   851   -69
   852   -68
   853   -68
   854   -67
   855   -66
   856   -66
   857   -66
   858   -66
   859   -66
   860   -66
   861   -67
   862   -68
   863   -68
   864   -68
   865   -68
   866   -69
   867   -69
   868   -68
   869   -68
   870   -67
   871   -67
   872   -66
   873   -66
   874   -65
   875   -65
   876   -66
   877   -67
   878   -67
   879   -68
   880   -68
   881   -69
   882   -68
   883   -69
   884   -68
   885   -68
   886   -67
   887   -66
   888   -67
   889   -65
   890   -66
   891   -65
   892   -66
   893   -67
   894   -67
   895   -68
   896   -68
   897   -69
   898   -69
   899   -68
   900   -69
   901   -68
   902   -68
   903   -67
   904   -66
   905   -66
   906   -66
   907   -65
   908   -65
   909   -66
   910   -67
   911   -67
   912   -67
   913   -68
   914   -68
   915   -69
   916   -68
   917   -68
   918   -67
   919   -67
   920   -66
   921   -66
   922   -66
   923   -66
   924   -65
   925   -66
   926   -67
   927   -67
   928   -68
   929   -68
   930   -69
   931   -69
   932   -69
   933   -68
   934   -69
   935   -68
   936   -67
   937   -66
   938   -66
   939   -66
   940   -66
   941   -65
   942   -66
   943   -66
   944   -67
   945   -68
   946   -68
   947   -68
   948   -69
   949   -68
   950   -68
   951   -67
   952   -67
   953   -67
   954   -66
   955   -66
   956   -65
   957   -65
   958   -66
   959   -66
   960   -67
   961   -68
   962   -68
   963   -68
   964   -69
   965   -69
   966   -69
   967   -68
   968   -68
   969   -67
   970   -66
   971   -66
   972   -66
   973   -65
   974   -66
   975   -66
   976   -67
   977   -67
   978   -67
   979   -68
   980   -69
   981   -69
   982   -68
   983   -68
   984   -67
   985   -67
   986   -66
   987   -65
   988   -65
   989   -65
   990   -65
   991   -66
   992   -67
   993   -67
   994   -68
   995   -68
   996   -69
   997   -69
   998   -69
   999   -68
