   0   0
   1   -61
   2   -62
   3   -61
   4   -61
   5   -61
   6   -62
   7   -61
   8   -61
   9   -61
   10   -61
   11   -61
   12   -61
   13   -61
   14   -61
   15   -61
   16   -61
   17   -61
   18   -61
   19   -61
   20   -61
   21   -62
   22   -61
   23   -61
   24   -61
   25   -61
   26   -61
   27   -62
   28   -61
   29   -61
   30   -61
   31   -61
   32   -61
   33   -61
   34   -61
   35   -61
   36   -61
   37   -61
   38   -61
   39   -61
   40   -61
   41   -61
   42   -61
   43   -61
   44   -61
   45   -61
   46   -61
   47   -61
   48   -61
   49   -61
   50   -61
   51   -61
   52   -61
   53   -61
   54   -61
   55   -61
   56   -61
   57   -61
   58   -61
   59   -61
   60   -61
   61   -61
   62   -61
   63   -61
   64   -61
   65   -61
   66   -61
   67   -61
   68   -61
   69   -61
   70   -61
   71   -61
   72   -61
   73   -61
   74   -61
   75   -61
   76   -61
   77   -61
   78   -61
   79   -61
   80   -61
   81   -62
   82   -61
   83   -61
   84   -61
   85   -62
   86   -61
   87   -61
   88   -61
   89   -61
   90   -61
   91   -62
   92   -61
   93   -61
   94   -61
   95   -61
   96   -61
   97   -61
   98   -61
   99   -61
   100   -61
   101   -61
   102   -61
   103   -61
   104   -61
   105   -61
   106   -61
   107   -61
   108   -61
   109   -61
   110   -61
   111   -61
   112   -61
   113   -61
   114   -61
   115   -61
   116   -61
   117   -61
   118   -61
   119   -61
   120   -61
   121   -61
   122   -61
   123   -61
   124   -61
   125   -61
   126   -61
   127   -61
   128   -61
   129   -61
   130   -61
   131   -61
   132   -61
   133   -61
   134   -61
   135   -61
   136   -61
   137   -61
   138   -61
   139   -61
   140   -61
   141   -61
   142   -61
   143   -61
   144   -61
   145   -61
   146   -61
   147   -61
   148   -61
   149   -61
   150   -61
   151   -61
   152   -61
   153   -61
   154   -61
   155   -61
   156   -61
   157   -61
   158   -61
   159   -61
   160   -61
   161   -61
   162   -61
   163   -61
   164   -61
   165   -61
   166   -61
   167   -61
   168   -61
   169   -61
   170   -61
   171   -61
   172   -61
   173   -61
   174   -61
   175   -61
   176   -61
   177   -61
   178   -61
   179   -61
   180   -61
   181   -61
   182   -61
   183   -61
   184   -61
   185   -61
   186   -61
   187   -61
   188   -61
   189   -61
   190   -61
   191   -61
   192   -61
   193   -61
   194   -61
   195   -61
   196   -61
   197   -61
   198   -62
   199   -61
   200   -62
   201   -58
   202   -20
   203   43
   204   66
   205   70
   206   65
   207   65
   208   64
   209   67
   210   67
   211   70
   212   69
   213   71
   214   70
   215   72
   216   72
   217   73
   218   72
   219   73
   220   73
   221   73
   222   73
   223   74
   224   74
   225   73
   226   74
   227   74
   228   75
   229   74
   230   74
   231   74
   232   74
   233   74
   234   75
   235   74
   236   75
   237   74
   238   75
   239   74
   240   75
   241   74
   242   74
   243   74
   244   74
   245   74
   246   75
   247   74
   248   74
   249   74
   250   74
   251   75
   252   74
   253   74
   254   73
   255   74
   256   73
   257   74
   258   73
   259   74
   260   73
   261   73
   262   73
   263   73
   264   73
   265   73
   266   73
   267   73
   268   72
   269   73
   270   73
   271   73
   272   72
   273   72
   274   72
   275   72
   276   72
   277   72
   278   72
   279   71
   280   72
   281   71
   282   71
   283   71
   284   71
   285   72
   286   71
   287   71
   288   71
   289   71
   290   71
   291   71
   292   70
   293   70
   294   70
   295   70
   296   71
   297   70
   298   70
   299   69
   300   70
   301   69
   302   70
   303   69
   304   70
   305   69
   306   70
   307   69
   308   69
   309   69
   310   69
   311   69
   312   69
   313   68
   314   68
   315   69
   316   68
   317   69
   318   68
   319   68
   320   68
   321   68
   322   67
   323   68
   324   67
   325   68
   326   67
   327   68
   328   67
   329   67
   330   67
   331   67
   332   67
   333   67
   334   66
   335   66
   336   66
   337   66
   338   66
   339   66
   340   66
   341   66
   342   66
   343   65
   344   65
   345   66
   346   65
   347   65
   348   65
   349   65
   350   65
   351   65
   352   65
   353   64
   354   64
   355   64
   356   64
   357   64
   358   64
   359   63
   360   64
   361   64
   362   64
   363   63
   364   64
   365   63
   366   63
   367   63
   368   63
   369   63
   370   63
   371   62
   372   63
   373   62
   374   63
   375   62
   376   62
   377   62
   378   62
   379   62
   380   62
   381   62
   382   61
   383   61
   384   61
   385   62
   386   61
   387   61
   388   61
   389   60
   390   60
   391   60
   392   59
   393   59
   394   58
   395   57
   396   56
   397   55
   398   53
   399   51
   400   49
   401   46
   402   43
   403   41
   404   37
   405   34
   406   30
   407   26
   408   22
   409   18
   410   14
   411   10
   412   5
   413   1
   414   -4
   415   -8
   416   -12
   417   -16
   418   -20
   419   -24
   420   -28
   421   -31
   422   -34
   423   -38
   424   -40
   425   -43
   426   -45
   427   -47
   428   -49
   429   -51
   430   -52
   431   -54
   432   -54
   433   -56
   434   -56
   435   -57
   436   -57
   437   -58
   438   -58
   439   -59
   440   -58
   441   -59
   442   -59
   443   -59
   444   -60
   445   -59
   446   -60
   447   -59
   448   -60
   449   -59
   450   -60
   451   -59
   452   -60
   453   -60
   454   -60
   455   -59
   456   -60
   457   -60
   458   -60
   459   -60
   460   -60
   461   -60
   462   -59
   463   -60
   464   -60
   465   -60
   466   -60
   467   -60
   468   -60
   469   -60
   470   -60
   471   -60
   472   -60
   473   -60
   474   -60
   475   -60
   476   -60
   477   -60
   478   -60
   479   -60
   480   -61
   481   -60
   482   -60
   483   -60
   484   -60
   485   -60
   486   -61
   487   -60
   488   -60
   489   -60
   490   -60
   491   -60
   492   -60
   493   -60
   494   -60
   495   -61
   496   -60
   497   -61
   498   -60
   499   -61
   500   -60
   501   -61
   502   -60
   503   -61
   504   -60
   505   -60
   506   -60
   507   -61
   508   -60
   509   -61
   510   -60
   511   -60
   512   -60
   513   -60
   514   -60
   515   -60
   516   -61
   517   -60
   518   -61
   519   -60
   520   -61
   521   -60
   522   -60
   523   -60
   524   -61
   525   -61
   526   -60
   527   -61
   528   -60
   529   -61
   530   -60
   531   -61
   532   -60
   533   -61
   534   -60
   535   -61
   536   -60
   537   -61
   538   -60
   539   -60
   540   -61
   541   -61
   542   -61
   543   -60
   544   -61
   545   -60
   546   -61
   547   -60
   548   -61
   549   -60
   550   -61
   551   -60
   552   -61
   553   -60
   554   -61
   555   -61
   556   -61
   557   -61
   558   -60
   559   -61
   560   -60
   561   -61
   562   -60
   563   -61
   564   -60
   565   -61
   566   -60
   567   -61
   568   -60
   569   -61
   570   -60
   571   -61
   572   -60
   573   -61
   574   -60
   575   -61
   576   -61
   577   -61
   578   -61
   579   -61
   580   -61
   581   -60
   582   -61
   583   -60
   584   -61
   585   -61
   586   -61
   587   -60
   588   -61
   589   -61
   590   -61
   591   -61
   592   -60
   593   -61
   594   -60
   595   -61
   596   -60
   597   -61
   598   -60
   599   -61
   600   -60
   601   -61
   602   -60
   603   -61
   604   -61
   605   -61
   606   -61
   607   -60
   608   -61
   609   -61
   610   -61
   611   -60
   612   -61
   613   -60
   614   -61
   615   -60
   616   -61
   617   -60
   618   -61
   619   -61
   620   -61
   621   -61
   622   -61
   623   -61
   624   -61
   625   -61
   626   -61
   627   -61
   628   -60
   629   -61
   630   -60
   631   -61
   632   -60
   633   -61
   634   -60
   635   -61
   636   -60
   637   -61
   638   -61
   639   -61
   640   -61
   641   -61
   642   -61
   643   -60
   644   -61
   645   -60
   646   -61
   647   -60
   648   -61
   649   -61
   650   -61
   651   -61
   652   -61
   653   -61
   654   -61
   655   -61
   656   -61
   657   -61
   658   -60
   659   -61
   660   -60
   661   -61
   662   -61
   663   -61
   664   -60
   665   -61
   666   -61
   667   -61
   668   -60
   669   -61
   670   -61
   671   -61
   672   -61
   673   -61
   674   -61
   675   -60
   676   -61
   677   -60
   678   -61
   679   -60
   680   -61
   681   -60
   682   -62
   683   -60
   684   -61
   685   -60
   686   -61
   687   -60
   688   -61
   689   -61
   690   -61
   691   -61
   692   -61
   693   -61
   694   -60
   695   -61
   696   -60
   697   -61
   698   -60
   699   -61
   700   -60
   701   -61
   702   -61
   703   -61
   704   -61
   705   -61
   706   -61
   707   -60
   708   -61
   709   -61
   710   -61
   711   -60
   712   -61
   713   -60
   714   -61
   715   -61
   716   -61
   717   -60
   718   -61
   719   -61
   720   -61
   721   -61
   722   -61
   723   -61
   724   -60
   725   -61
   726   -60
   727   -61
   728   -61
   729   -61
   730   -60
   731   -61
   732   -61
   733   -61
   734   -60
   735   -61
   736   -60
   737   -61
   738   -61
   739   -61
   740   -61
   741   -60
   742   -61
   743   -60
   744   -61
   745   -60
   746   -62
   747   -60
   748   -61
   749   -60
   750   -61
   751   -60
   752   -61
   753   -61
   754   -61
   755   -61
   756   -60
   757   -61
   758   -61
   759   -61
   760   -60
   761   -61
   762   -60
   763   -61
   764   -60
   765   -61
   766   -60
   767   -61
   768   -60
   769   -61
   770   -61
   771   -61
   772   -61
   773   -61
   774   -61
   775   -60
   776   -61
   777   -60
   778   -61
   779   -61
   780   -61
   781   -60
   782   -61
   783   -61
   784   -61
   785   -61
   786   -61
   787   -61
   788   -61
   789   -61
   790   -60
   791   -61
   792   -60
   793   -61
   794   -60
   795   -61
   796   -60
   797   -61
   798   -60
   799   -61
   800   -60
   801   -61
   802   -61
   803   -61
   804   -61
   805   -61
   806   -61
   807   -60
   808   -61
   809   -60
   810   -61
   811   -60
   812   -61
   813   -60
   814   -61
   815   -60
   816   -61
   817   -60
   818   -61
   819   -61
   820   -61
   821   -61
   822   -60
   823   -61
   824   -61
   825   -61
   826   -60
   827   -61
   828   -60
   829   -61
   830   -61
   831   -61
   832   -61
   833   -61
   834   -60
   835   -61
   836   -61
   837   -61
   838   -61
   839   -61
   840   -61
   841   -60
   842   -61
   843   -60
   844   -61
   845   -60
   846   -61
   847   -61
   848   -61
   849   -61
   850   -61
   851   -61
   852   -61
   853   -61
   854   -61
   855   -61
   856   -60
   857   -61
   858   -60
   859   -61
   860   -60
   861   -61
   862   -60
   863   -61
   864   -60
   865   -61
   866   -60
   867   -61
   868   -61
   869   -61
   870   -61
   871   -61
   872   -61
   873   -60
   874   -61
   875   -60
   876   -61
   877   -60
   878   -61
   879   -60
   880   -62
   881   -60
   882   -61
   883   -60
   884   -61
   885   -61
   886   -60
   887   -61
   888   -61
   889   -61
   890   -60
   891   -61
   892   -60
   893   -61
   894   -60
   895   -61
   896   -60
   897   -61
   898   -60
   899   -61
   900   -61
   901   -61
   902   -61
   903   -61
   904   -61
   905   -60
   906   -61
   907   -60
   908   -61
   909   -60
   910   -61
   911   -60
   912   -61
   913   -60
   914   -61
   915   -61
   916   -61
   917   -61
   918   -61
   919   -61
   920   -60
   921   -61
   922   -60
   923   -61
   924   -60
   925   -62
   926   -60
   927   -61
   928   -60
   929   -61
   930   -61
   931   -61
   932   -61
   933   -61
   934   -61
   935   -61
   936   -61
   937   -60
   938   -61
   939   -60
   940   -61
   941   -60
   942   -61
   943   -60
   944   -62
   945   -60
   946   -61
   947   -60
   948   -61
   949   -61
   950   -61
   951   -61
   952   -61
   953   -61
   954   -61
   955   -61
   956   -60
   957   -61
   958   -61
   959   -61
   960   -60
   961   -61
   962   -60
   963   -61
   964   -61
   965   -61
   966   -61
   967   -61
   968   -61
   969   -61
   970   -61
   971   -61
   972   -61
   973   -60
   974   -61
   975   -60
   976   -61
   977   -61
   978   -61
   979   -60
   980   -61
   981   -61
   982   -61
   983   -61
   984   -61
   985   -61
   986   -60
   987   -61
   988   -60
   989   -62
   990   -60
   991   -61
   992   -60
   993   -62
   994   -60
   995   -61
   996   -60
   997   -61
   998   -61
   999   -61
