   0   0
   1   -63
   2   -60
   3   -63
   4   -60
   5   -63
   6   -59
   7   -63
   8   -60
   9   -62
   10   -60
   11   -62
   12   -61
   13   -61
   14   -62
   15   -60
   16   -62
   17   -60
   18   -63
   19   -60
   20   -63
   21   -59
   22   -63
   23   -60
   24   -63
   25   -60
   26   -62
   27   -60
   28   -62
   29   -61
   30   -61
   31   -61
   32   -61
   33   -62
   34   -60
   35   -62
   36   -60
   37   -62
   38   -60
   39   -62
   40   -61
   41   -62
   42   -60
   43   -62
   44   -61
   45   -61
   46   -62
   47   -61
   48   -62
   49   -60
   50   -62
   51   -60
   52   -62
   53   -60
   54   -63
   55   -60
   56   -62
   57   -60
   58   -62
   59   -61
   60   -61
   61   -61
   62   -61
   63   -62
   64   -60
   65   -62
   66   -60
   67   -63
   68   -60
   69   -63
   70   -59
   71   -63
   72   -60
   73   -63
   74   -60
   75   -62
   76   -61
   77   -61
   78   -61
   79   -61
   80   -62
   81   -61
   82   -62
   83   -60
   84   -63
   85   -60
   86   -63
   87   -60
   88   -63
   89   -60
   90   -63
   91   -60
   92   -62
   93   -60
   94   -62
   95   -61
   96   -61
   97   -62
   98   -60
   99   -62
   100   -60
   101   -62
   102   -60
   103   -62
   104   -60
   105   -62
   106   -60
   107   -62
   108   -61
   109   -61
   110   -61
   111   -61
   112   -62
   113   -60
   114   -62
   115   -60
   116   -62
   117   -59
   118   -63
   119   -60
   120   -63
   121   -60
   122   -62
   123   -60
   124   -62
   125   -61
   126   -61
   127   -61
   128   -61
   129   -62
   130   -60
   131   -62
   132   -60
   133   -63
   134   -59
   135   -63
   136   -60
   137   -63
   138   -60
   139   -63
   140   -60
   141   -62
   142   -61
   143   -62
   144   -61
   145   -61
   146   -62
   147   -60
   148   -62
   149   -60
   150   -62
   151   -60
   152   -62
   153   -60
   154   -63
   155   -60
   156   -63
   157   -60
   158   -62
   159   -61
   160   -61
   161   -61
   162   -61
   163   -62
   164   -60
   165   -62
   166   -60
   167   -62
   168   -60
   169   -62
   170   -60
   171   -62
   172   -60
   173   -62
   174   -61
   175   -61
   176   -61
   177   -61
   178   -62
   179   -60
   180   -62
   181   -60
   182   -63
   183   -60
   184   -63
   185   -60
   186   -63
   187   -60
   188   -62
   189   -60
   190   -62
   191   -61
   192   -61
   193   -62
   194   -60
   195   -62
   196   -60
   197   -62
   198   -60
   199   -62
   200   -61
   201   -62
   202   -33
   203   16
   204   45
   205   49
   206   48
   207   45
   208   45
   209   45
   210   46
   211   48
   212   46
   213   48
   214   46
   215   49
   216   47
   217   50
   218   47
   219   50
   220   47
   221   50
   222   48
   223   50
   224   49
   225   49
   226   49
   227   49
   228   50
   229   48
   230   50
   231   48
   232   50
   233   47
   234   50
   235   48
   236   50
   237   48
   238   50
   239   48
   240   49
   241   49
   242   48
   243   49
   244   47
   245   49
   246   48
   247   50
   248   47
   249   50
   250   47
   251   50
   252   47
   253   50
   254   47
   255   49
   256   47
   257   48
   258   47
   259   47
   260   48
   261   47
   262   49
   263   46
   264   48
   265   46
   266   49
   267   46
   268   48
   269   46
   270   48
   271   46
   272   48
   273   46
   274   47
   275   46
   276   47
   277   47
   278   46
   279   47
   280   45
   281   47
   282   45
   283   47
   284   45
   285   47
   286   45
   287   46
   288   45
   289   46
   290   45
   291   45
   292   46
   293   45
   294   46
   295   44
   296   46
   297   44
   298   46
   299   43
   300   46
   301   43
   302   46
   303   44
   304   46
   305   44
   306   45
   307   45
   308   44
   309   45
   310   43
   311   45
   312   43
   313   45
   314   42
   315   45
   316   42
   317   45
   318   41
   319   45
   320   42
   321   44
   322   42
   323   43
   324   43
   325   43
   326   43
   327   42
   328   43
   329   42
   330   44
   331   41
   332   43
   333   41
   334   43
   335   41
   336   43
   337   41
   338   42
   339   41
   340   42
   341   42
   342   41
   343   42
   344   41
   345   42
   346   40
   347   42
   348   39
   349   42
   350   40
   351   42
   352   40
   353   41
   354   40
   355   40
   356   40
   357   40
   358   41
   359   39
   360   41
   361   39
   362   41
   363   39
   364   41
   365   38
   366   41
   367   38
   368   40
   369   38
   370   40
   371   38
   372   39
   373   39
   374   38
   375   39
   376   38
   377   40
   378   37
   379   40
   380   37
   381   40
   382   36
   383   39
   384   36
   385   38
   386   36
   387   37
   388   35
   389   34
   390   33
   391   31
   392   30
   393   27
   394   26
   395   21
   396   21
   397   15
   398   13
   399   7
   400   5
   401   -1
   402   -4
   403   -10
   404   -13
   405   -18
   406   -23
   407   -26
   408   -31
   409   -34
   410   -39
   411   -40
   412   -45
   413   -45
   414   -50
   415   -49
   416   -53
   417   -53
   418   -56
   419   -56
   420   -57
   421   -58
   422   -58
   423   -59
   424   -58
   425   -60
   426   -58
   427   -61
   428   -58
   429   -61
   430   -58
   431   -61
   432   -58
   433   -61
   434   -59
   435   -61
   436   -59
   437   -60
   438   -60
   439   -60
   440   -61
   441   -59
   442   -61
   443   -59
   444   -62
   445   -59
   446   -62
   447   -59
   448   -62
   449   -59
   450   -61
   451   -59
   452   -61
   453   -60
   454   -61
   455   -60
   456   -60
   457   -60
   458   -60
   459   -61
   460   -60
   461   -61
   462   -59
   463   -61
   464   -59
   465   -61
   466   -59
   467   -61
   468   -60
   469   -61
   470   -60
   471   -60
   472   -61
   473   -60
   474   -61
   475   -60
   476   -61
   477   -59
   478   -62
   479   -59
   480   -61
   481   -59
   482   -62
   483   -59
   484   -61
   485   -60
   486   -61
   487   -60
   488   -60
   489   -61
   490   -60
   491   -62
   492   -60
   493   -62
   494   -59
   495   -62
   496   -59
   497   -62
   498   -60
   499   -61
   500   -60
   501   -61
   502   -60
   503   -61
   504   -61
   505   -60
   506   -61
   507   -60
   508   -62
   509   -60
   510   -62
   511   -59
   512   -62
   513   -59
   514   -62
   515   -60
   516   -62
   517   -60
   518   -61
   519   -60
   520   -61
   521   -61
   522   -60
   523   -61
   524   -60
   525   -61
   526   -60
   527   -62
   528   -60
   529   -62
   530   -60
   531   -62
   532   -60
   533   -61
   534   -60
   535   -61
   536   -60
   537   -61
   538   -61
   539   -60
   540   -62
   541   -60
   542   -62
   543   -59
   544   -62
   545   -59
   546   -62
   547   -60
   548   -62
   549   -60
   550   -62
   551   -60
   552   -61
   553   -61
   554   -61
   555   -61
   556   -60
   557   -61
   558   -60
   559   -62
   560   -60
   561   -62
   562   -60
   563   -62
   564   -59
   565   -62
   566   -60
   567   -62
   568   -60
   569   -61
   570   -61
   571   -61
   572   -61
   573   -60
   574   -62
   575   -60
   576   -62
   577   -60
   578   -62
   579   -60
   580   -62
   581   -60
   582   -62
   583   -60
   584   -61
   585   -61
   586   -61
   587   -61
   588   -61
   589   -62
   590   -60
   591   -62
   592   -60
   593   -62
   594   -60
   595   -62
   596   -60
   597   -62
   598   -60
   599   -61
   600   -60
   601   -61
   602   -61
   603   -61
   604   -62
   605   -60
   606   -61
   607   -60
   608   -62
   609   -60
   610   -62
   611   -60
   612   -62
   613   -60
   614   -62
   615   -60
   616   -62
   617   -60
   618   -61
   619   -61
   620   -61
   621   -61
   622   -60
   623   -62
   624   -60
   625   -62
   626   -60
   627   -62
   628   -60
   629   -62
   630   -60
   631   -62
   632   -60
   633   -62
   634   -60
   635   -61
   636   -61
   637   -61
   638   -61
   639   -60
   640   -62
   641   -60
   642   -62
   643   -60
   644   -62
   645   -60
   646   -62
   647   -60
   648   -62
   649   -60
   650   -61
   651   -61
   652   -61
   653   -61
   654   -60
   655   -62
   656   -60
   657   -62
   658   -60
   659   -62
   660   -60
   661   -62
   662   -60
   663   -62
   664   -60
   665   -61
   666   -61
   667   -61
   668   -61
   669   -61
   670   -62
   671   -60
   672   -62
   673   -60
   674   -62
   675   -60
   676   -62
   677   -60
   678   -62
   679   -60
   680   -62
   681   -60
   682   -61
   683   -61
   684   -61
   685   -61
   686   -60
   687   -61
   688   -60
   689   -62
   690   -60
   691   -62
   692   -60
   693   -62
   694   -60
   695   -62
   696   -60
   697   -62
   698   -61
   699   -61
   700   -61
   701   -61
   702   -61
   703   -60
   704   -61
   705   -60
   706   -62
   707   -60
   708   -62
   709   -60
   710   -62
   711   -60
   712   -61
   713   -60
   714   -61
   715   -61
   716   -61
   717   -61
   718   -61
   719   -61
   720   -60
   721   -62
   722   -60
   723   -62
   724   -60
   725   -62
   726   -60
   727   -62
   728   -60
   729   -62
   730   -60
   731   -61
   732   -61
   733   -61
   734   -61
   735   -60
   736   -61
   737   -60
   738   -62
   739   -60
   740   -62
   741   -60
   742   -62
   743   -60
   744   -62
   745   -60
   746   -62
   747   -60
   748   -61
   749   -61
   750   -61
   751   -61
   752   -61
   753   -62
   754   -60
   755   -62
   756   -60
   757   -62
   758   -60
   759   -62
   760   -60
   761   -62
   762   -60
   763   -62
   764   -60
   765   -61
   766   -61
   767   -61
   768   -61
   769   -61
   770   -62
   771   -60
   772   -62
   773   -60
   774   -62
   775   -60
   776   -62
   777   -60
   778   -62
   779   -60
   780   -62
   781   -60
   782   -61
   783   -61
   784   -61
   785   -61
   786   -60
   787   -62
   788   -60
   789   -62
   790   -60
   791   -62
   792   -60
   793   -62
   794   -60
   795   -62
   796   -60
   797   -61
   798   -61
   799   -61
   800   -61
   801   -61
   802   -62
   803   -60
   804   -62
   805   -60
   806   -62
   807   -60
   808   -62
   809   -60
   810   -62
   811   -60
   812   -62
   813   -61
   814   -61
   815   -61
   816   -61
   817   -61
   818   -60
   819   -62
   820   -60
   821   -62
   822   -60
   823   -62
   824   -60
   825   -62
   826   -60
   827   -62
   828   -60
   829   -62
   830   -60
   831   -61
   832   -61
   833   -61
   834   -61
   835   -61
   836   -62
   837   -60
   838   -62
   839   -60
   840   -62
   841   -60
   842   -62
   843   -60
   844   -61
   845   -60
   846   -61
   847   -61
   848   -61
   849   -61
   850   -61
   851   -61
   852   -60
   853   -62
   854   -60
   855   -62
   856   -60
   857   -62
   858   -60
   859   -62
   860   -60
   861   -62
   862   -60
   863   -61
   864   -61
   865   -61
   866   -61
   867   -60
   868   -61
   869   -60
   870   -62
   871   -60
   872   -62
   873   -60
   874   -62
   875   -60
   876   -62
   877   -60
   878   -61
   879   -60
   880   -61
   881   -61
   882   -61
   883   -61
   884   -60
   885   -62
   886   -60
   887   -62
   888   -60
   889   -62
   890   -60
   891   -62
   892   -60
   893   -62
   894   -60
   895   -62
   896   -61
   897   -61
   898   -61
   899   -61
   900   -61
   901   -60
   902   -62
   903   -60
   904   -62
   905   -60
   906   -62
   907   -60
   908   -62
   909   -60
   910   -62
   911   -61
   912   -62
   913   -61
   914   -61
   915   -61
   916   -61
   917   -62
   918   -60
   919   -61
   920   -60
   921   -62
   922   -60
   923   -62
   924   -60
   925   -62
   926   -60
   927   -62
   928   -61
   929   -61
   930   -61
   931   -61
   932   -61
   933   -60
   934   -62
   935   -60
   936   -62
   937   -60
   938   -62
   939   -60
   940   -62
   941   -60
   942   -62
   943   -60
   944   -61
   945   -61
   946   -61
   947   -61
   948   -61
   949   -61
   950   -60
   951   -62
   952   -60
   953   -62
   954   -60
   955   -62
   956   -60
   957   -62
   958   -60
   959   -62
   960   -60
   961   -61
   962   -61
   963   -61
   964   -61
   965   -61
   966   -61
   967   -60
   968   -61
   969   -60
   970   -62
   971   -60
   972   -62
   973   -60
   974   -62
   975   -60
   976   -62
   977   -60
   978   -61
   979   -61
   980   -61
   981   -61
   982   -61
   983   -62
   984   -60
   985   -62
   986   -60
   987   -62
   988   -60
   989   -62
   990   -60
   991   -61
   992   -60
   993   -61
   994   -61
   995   -61
   996   -61
   997   -61
   998   -61
   999   -61
