   0   0
   1   -61
   2   -61
   3   -61
   4   -61
   5   -61
   6   -61
   7   -61
   8   -61
   9   -62
   10   -61
   11   -62
   12   -60
   13   -61
   14   -61
   15   -61
   16   -61
   17   -61
   18   -61
   19   -61
   20   -61
   21   -61
   22   -62
   23   -61
   24   -62
   25   -60
   26   -62
   27   -60
   28   -62
   29   -61
   30   -62
   31   -61
   32   -61
   33   -61
   34   -61
   35   -61
   36   -61
   37   -61
   38   -61
   39   -62
   40   -61
   41   -62
   42   -61
   43   -62
   44   -60
   45   -62
   46   -61
   47   -61
   48   -61
   49   -61
   50   -61
   51   -61
   52   -61
   53   -61
   54   -62
   55   -60
   56   -62
   57   -61
   58   -62
   59   -60
   60   -62
   61   -61
   62   -61
   63   -61
   64   -62
   65   -61
   66   -62
   67   -61
   68   -61
   69   -61
   70   -61
   71   -61
   72   -61
   73   -61
   74   -61
   75   -62
   76   -61
   77   -62
   78   -61
   79   -61
   80   -61
   81   -61
   82   -61
   83   -61
   84   -61
   85   -61
   86   -61
   87   -61
   88   -61
   89   -61
   90   -62
   91   -61
   92   -62
   93   -61
   94   -62
   95   -61
   96   -61
   97   -61
   98   -61
   99   -61
   100   -61
   101   -61
   102   -61
   103   -61
   104   -61
   105   -62
   106   -61
   107   -62
   108   -61
   109   -61
   110   -60
   111   -62
   112   -61
   113   -62
   114   -61
   115   -61
   116   -61
   117   -61
   118   -61
   119   -61
   120   -61
   121   -61
   122   -62
   123   -61
   124   -62
   125   -60
   126   -62
   127   -61
   128   -62
   129   -61
   130   -62
   131   -61
   132   -61
   133   -61
   134   -61
   135   -61
   136   -61
   137   -62
   138   -61
   139   -61
   140   -61
   141   -61
   142   -60
   143   -61
   144   -61
   145   -61
   146   -61
   147   -61
   148   -61
   149   -61
   150   -61
   151   -61
   152   -61
   153   -60
   154   -61
   155   -60
   156   -62
   157   -60
   158   -61
   159   -61
   160   -62
   161   -61
   162   -61
   163   -61
   164   -61
   165   -61
   166   -61
   167   -61
   168   -61
   169   -61
   170   -61
   171   -62
   172   -60
   173   -62
   174   -60
   175   -62
   176   -61
   177   -62
   178   -61
   179   -61
   180   -61
   181   -61
   182   -61
   183   -61
   184   -61
   185   -61
   186   -62
   187   -60
   188   -61
   189   -60
   190   -62
   191   -60
   192   -62
   193   -61
   194   -61
   195   -60
   196   -61
   197   -61
   198   -61
   199   -61
   200   -62
   201   -60
   202   -31
   203   29
   204   61
   205   64
   206   59
   207   53
   208   52
   209   51
   210   53
   211   53
   212   52
   213   52
   214   52
   215   53
   216   52
   217   53
   218   52
   219   53
   220   51
   221   52
   222   51
   223   53
   224   52
   225   52
   226   51
   227   52
   228   52
   229   52
   230   52
   231   52
   232   52
   233   51
   234   52
   235   51
   236   52
   237   51
   238   52
   239   51
   240   53
   241   51
   242   52
   243   51
   244   51
   245   51
   246   52
   247   52
   248   51
   249   51
   250   51
   251   51
   252   51
   253   52
   254   51
   255   51
   256   50
   257   52
   258   50
   259   52
   260   51
   261   51
   262   51
   263   51
   264   51
   265   51
   266   51
   267   50
   268   51
   269   50
   270   51
   271   50
   272   51
   273   50
   274   51
   275   50
   276   51
   277   50
   278   50
   279   50
   280   50
   281   50
   282   50
   283   51
   284   50
   285   50
   286   50
   287   51
   288   50
   289   50
   290   49
   291   50
   292   49
   293   50
   294   50
   295   50
   296   50
   297   50
   298   50
   299   49
   300   50
   301   49
   302   50
   303   49
   304   50
   305   49
   306   50
   307   49
   308   50
   309   49
   310   50
   311   49
   312   50
   313   49
   314   49
   315   49
   316   49
   317   50
   318   49
   319   50
   320   48
   321   49
   322   48
   323   49
   324   49
   325   49
   326   49
   327   49
   328   49
   329   49
   330   49
   331   48
   332   49
   333   48
   334   49
   335   48
   336   49
   337   48
   338   49
   339   48
   340   49
   341   48
   342   49
   343   48
   344   48
   345   48
   346   48
   347   48
   348   47
   349   48
   350   48
   351   48
   352   47
   353   48
   354   47
   355   48
   356   47
   357   48
   358   47
   359   48
   360   47
   361   47
   362   47
   363   47
   364   47
   365   47
   366   48
   367   47
   368   47
   369   47
   370   47
   371   46
   372   47
   373   46
   374   47
   375   47
   376   47
   377   46
   378   46
   379   47
   380   46
   381   47
   382   46
   383   47
   384   46
   385   47
   386   46
   387   47
   388   46
   389   47
   390   45
   391   46
   392   46
   393   46
   394   45
   395   45
   396   45
   397   45
   398   45
   399   44
   400   43
   401   42
   402   42
   403   40
   404   39
   405   36
   406   35
   407   32
   408   29
   409   25
   410   21
   411   16
   412   11
   413   6
   414   0
   415   -6
   416   -12
   417   -16
   418   -23
   419   -27
   420   -33
   421   -36
   422   -41
   423   -43
   424   -47
   425   -49
   426   -51
   427   -53
   428   -54
   429   -56
   430   -56
   431   -57
   432   -57
   433   -59
   434   -58
   435   -59
   436   -58
   437   -59
   438   -59
   439   -59
   440   -59
   441   -60
   442   -59
   443   -60
   444   -60
   445   -60
   446   -60
   447   -59
   448   -60
   449   -59
   450   -60
   451   -59
   452   -60
   453   -59
   454   -60
   455   -59
   456   -60
   457   -60
   458   -60
   459   -60
   460   -60
   461   -60
   462   -60
   463   -60
   464   -60
   465   -60
   466   -59
   467   -60
   468   -59
   469   -60
   470   -60
   471   -60
   472   -60
   473   -60
   474   -60
   475   -60
   476   -60
   477   -60
   478   -60
   479   -60
   480   -60
   481   -59
   482   -60
   483   -60
   484   -61
   485   -60
   486   -61
   487   -60
   488   -60
   489   -60
   490   -60
   491   -60
   492   -60
   493   -60
   494   -60
   495   -60
   496   -60
   497   -60
   498   -60
   499   -61
   500   -60
   501   -61
   502   -59
   503   -61
   504   -60
   505   -61
   506   -60
   507   -60
   508   -60
   509   -60
   510   -60
   511   -60
   512   -60
   513   -60
   514   -61
   515   -60
   516   -61
   517   -60
   518   -61
   519   -60
   520   -61
   521   -60
   522   -61
   523   -60
   524   -61
   525   -60
   526   -60
   527   -60
   528   -60
   529   -61
   530   -60
   531   -61
   532   -60
   533   -61
   534   -60
   535   -61
   536   -60
   537   -61
   538   -60
   539   -61
   540   -60
   541   -61
   542   -60
   543   -60
   544   -61
   545   -61
   546   -61
   547   -60
   548   -61
   549   -60
   550   -61
   551   -60
   552   -61
   553   -60
   554   -61
   555   -60
   556   -61
   557   -60
   558   -61
   559   -60
   560   -60
   561   -61
   562   -60
   563   -61
   564   -60
   565   -61
   566   -60
   567   -61
   568   -60
   569   -61
   570   -60
   571   -61
   572   -61
   573   -61
   574   -60
   575   -61
   576   -60
   577   -60
   578   -61
   579   -60
   580   -61
   581   -60
   582   -61
   583   -60
   584   -61
   585   -60
   586   -61
   587   -60
   588   -61
   589   -60
   590   -61
   591   -61
   592   -60
   593   -61
   594   -60
   595   -61
   596   -60
   597   -61
   598   -60
   599   -61
   600   -60
   601   -61
   602   -60
   603   -61
   604   -61
   605   -61
   606   -60
   607   -60
   608   -60
   609   -60
   610   -61
   611   -60
   612   -61
   613   -60
   614   -61
   615   -60
   616   -61
   617   -60
   618   -61
   619   -60
   620   -61
   621   -61
   622   -61
   623   -61
   624   -60
   625   -61
   626   -60
   627   -61
   628   -60
   629   -61
   630   -60
   631   -61
   632   -60
   633   -61
   634   -60
   635   -61
   636   -60
   637   -61
   638   -60
   639   -61
   640   -60
   641   -61
   642   -61
   643   -61
   644   -61
   645   -60
   646   -61
   647   -61
   648   -61
   649   -60
   650   -61
   651   -60
   652   -61
   653   -61
   654   -61
   655   -61
   656   -61
   657   -61
   658   -60
   659   -61
   660   -60
   661   -61
   662   -60
   663   -61
   664   -60
   665   -61
   666   -60
   667   -61
   668   -60
   669   -61
   670   -60
   671   -61
   672   -61
   673   -61
   674   -61
   675   -61
   676   -61
   677   -61
   678   -61
   679   -60
   680   -61
   681   -60
   682   -61
   683   -60
   684   -61
   685   -60
   686   -61
   687   -61
   688   -61
   689   -61
   690   -61
   691   -61
   692   -60
   693   -61
   694   -61
   695   -61
   696   -60
   697   -61
   698   -61
   699   -61
   700   -60
   701   -61
   702   -60
   703   -61
   704   -61
   705   -61
   706   -61
   707   -61
   708   -61
   709   -60
   710   -61
   711   -60
   712   -61
   713   -61
   714   -61
   715   -61
   716   -61
   717   -60
   718   -61
   719   -61
   720   -61
   721   -61
   722   -61
   723   -61
   724   -60
   725   -61
   726   -60
   727   -61
   728   -60
   729   -61
   730   -60
   731   -61
   732   -60
   733   -61
   734   -61
   735   -61
   736   -61
   737   -61
   738   -61
   739   -61
   740   -61
   741   -60
   742   -61
   743   -61
   744   -61
   745   -60
   746   -61
   747   -60
   748   -61
   749   -60
   750   -61
   751   -61
   752   -61
   753   -60
   754   -61
   755   -61
   756   -61
   757   -61
   758   -61
   759   -61
   760   -61
   761   -61
   762   -60
   763   -61
   764   -60
   765   -61
   766   -61
   767   -61
   768   -60
   769   -61
   770   -61
   771   -61
   772   -61
   773   -61
   774   -61
   775   -61
   776   -61
   777   -61
   778   -61
   779   -60
   780   -61
   781   -61
   782   -61
   783   -61
   784   -61
   785   -61
   786   -61
   787   -61
   788   -61
   789   -61
   790   -61
   791   -61
   792   -61
   793   -61
   794   -60
   795   -61
   796   -60
   797   -61
   798   -61
   799   -61
   800   -61
   801   -61
   802   -61
   803   -61
   804   -61
   805   -61
   806   -61
   807   -60
   808   -61
   809   -61
   810   -61
   811   -61
   812   -61
   813   -61
   814   -61
   815   -61
   816   -61
   817   -61
   818   -61
   819   -60
   820   -61
   821   -61
   822   -61
   823   -61
   824   -61
   825   -61
   826   -61
   827   -61
   828   -60
   829   -61
   830   -61
   831   -61
   832   -60
   833   -61
   834   -61
   835   -61
   836   -61
   837   -61
   838   -61
   839   -61
   840   -61
   841   -61
   842   -61
   843   -61
   844   -61
   845   -61
   846   -61
   847   -61
   848   -61
   849   -61
   850   -61
   851   -61
   852   -61
   853   -61
   854   -61
   855   -61
   856   -61
   857   -61
   858   -60
   859   -61
   860   -60
   861   -61
   862   -61
   863   -61
   864   -61
   865   -61
   866   -61
   867   -61
   868   -61
   869   -61
   870   -61
   871   -61
   872   -61
   873   -61
   874   -61
   875   -61
   876   -61
   877   -61
   878   -61
   879   -61
   880   -61
   881   -61
   882   -61
   883   -61
   884   -61
   885   -61
   886   -61
   887   -61
   888   -61
   889   -61
   890   -60
   891   -61
   892   -61
   893   -61
   894   -61
   895   -61
   896   -61
   897   -61
   898   -61
   899   -61
   900   -61
   901   -61
   902   -61
   903   -61
   904   -61
   905   -61
   906   -61
   907   -61
   908   -61
   909   -61
   910   -61
   911   -61
   912   -61
   913   -61
   914   -61
   915   -61
   916   -61
   917   -61
   918   -61
   919   -61
   920   -61
   921   -61
   922   -61
   923   -61
   924   -61
   925   -61
   926   -61
   927   -61
   928   -60
   929   -61
   930   -61
   931   -61
   932   -61
   933   -61
   934   -61
   935   -61
   936   -61
   937   -61
   938   -61
   939   -61
   940   -61
   941   -61
   942   -61
   943   -61
   944   -61
   945   -61
   946   -61
   947   -61
   948   -61
   949   -61
   950   -61
   951   -61
   952   -61
   953   -61
   954   -61
   955   -61
   956   -61
   957   -61
   958   -61
   959   -61
   960   -60
   961   -61
   962   -61
   963   -61
   964   -61
   965   -61
   966   -61
   967   -61
   968   -61
   969   -61
   970   -61
   971   -61
   972   -61
   973   -61
   974   -61
   975   -61
   976   -61
   977   -61
   978   -61
   979   -61
   980   -61
   981   -61
   982   -61
   983   -61
   984   -61
   985   -61
   986   -61
   987   -61
   988   -61
   989   -61
   990   -61
   991   -61
   992   -61
   993   -61
   994   -60
   995   -61
   996   -61
   997   -61
   998   -61
   999   -61
