   0   0
   1   -61
   2   -61
   3   -61
   4   -61
   5   -61
   6   -61
   7   -61
   8   -61
   9   -61
   10   -61
   11   -61
   12   -61
   13   -61
   14   -62
   15   -61
   16   -61
   17   -60
   18   -61
   19   -61
   20   -61
   21   -61
   22   -61
   23   -61
   24   -61
   25   -61
   26   -61
   27   -62
   28   -60
   29   -62
   30   -60
   31   -62
   32   -60
   33   -62
   34   -60
   35   -62
   36   -61
   37   -61
   38   -61
   39   -61
   40   -61
   41   -61
   42   -61
   43   -61
   44   -61
   45   -60
   46   -62
   47   -60
   48   -62
   49   -60
   50   -61
   51   -61
   52   -62
   53   -61
   54   -61
   55   -61
   56   -61
   57   -61
   58   -61
   59   -61
   60   -61
   61   -61
   62   -61
   63   -62
   64   -61
   65   -62
   66   -61
   67   -61
   68   -61
   69   -61
   70   -61
   71   -61
   72   -61
   73   -61
   74   -61
   75   -61
   76   -61
   77   -61
   78   -62
   79   -61
   80   -62
   81   -61
   82   -61
   83   -61
   84   -61
   85   -61
   86   -61
   87   -61
   88   -61
   89   -61
   90   -60
   91   -61
   92   -61
   93   -62
   94   -60
   95   -62
   96   -60
   97   -62
   98   -60
   99   -61
   100   -61
   101   -61
   102   -61
   103   -61
   104   -61
   105   -61
   106   -61
   107   -61
   108   -62
   109   -60
   110   -62
   111   -61
   112   -62
   113   -60
   114   -62
   115   -60
   116   -62
   117   -61
   118   -61
   119   -61
   120   -61
   121   -61
   122   -61
   123   -61
   124   -61
   125   -61
   126   -61
   127   -62
   128   -60
   129   -62
   130   -61
   131   -61
   132   -61
   133   -62
   134   -61
   135   -61
   136   -61
   137   -61
   138   -61
   139   -61
   140   -61
   141   -61
   142   -62
   143   -60
   144   -62
   145   -61
   146   -62
   147   -60
   148   -62
   149   -60
   150   -61
   151   -61
   152   -61
   153   -61
   154   -61
   155   -61
   156   -61
   157   -62
   158   -60
   159   -62
   160   -60
   161   -62
   162   -60
   163   -62
   164   -60
   165   -62
   166   -60
   167   -62
   168   -61
   169   -61
   170   -61
   171   -61
   172   -61
   173   -61
   174   -61
   175   -60
   176   -62
   177   -61
   178   -62
   179   -60
   180   -62
   181   -60
   182   -62
   183   -60
   184   -62
   185   -61
   186   -61
   187   -61
   188   -61
   189   -61
   190   -61
   191   -62
   192   -60
   193   -62
   194   -60
   195   -61
   196   -60
   197   -62
   198   -61
   199   -61
   200   -62
   201   -60
   202   -30
   203   23
   204   33
   205   28
   206   18
   207   17
   208   15
   209   18
   210   17
   211   20
   212   18
   213   20
   214   18
   215   20
   216   19
   217   21
   218   20
   219   20
   220   20
   221   20
   222   21
   223   21
   224   21
   225   19
   226   21
   227   20
   228   22
   229   20
   230   22
   231   21
   232   22
   233   21
   234   22
   235   21
   236   21
   237   21
   238   22
   239   22
   240   22
   241   23
   242   22
   243   22
   244   21
   245   22
   246   22
   247   23
   248   22
   249   23
   250   22
   251   23
   252   23
   253   23
   254   23
   255   22
   256   23
   257   22
   258   24
   259   23
   260   23
   261   23
   262   24
   263   23
   264   24
   265   23
   266   24
   267   23
   268   23
   269   24
   270   24
   271   24
   272   23
   273   24
   274   23
   275   25
   276   23
   277   25
   278   23
   279   24
   280   24
   281   25
   282   24
   283   25
   284   24
   285   24
   286   25
   287   24
   288   25
   289   24
   290   25
   291   24
   292   25
   293   24
   294   26
   295   25
   296   26
   297   24
   298   26
   299   25
   300   26
   301   25
   302   26
   303   26
   304   25
   305   26
   306   25
   307   26
   308   25
   309   27
   310   26
   311   26
   312   26
   313   26
   314   26
   315   27
   316   26
   317   27
   318   27
   319   26
   320   27
   321   26
   322   27
   323   26
   324   27
   325   26
   326   27
   327   27
   328   28
   329   26
   330   27
   331   27
   332   27
   333   27
   334   27
   335   28
   336   27
   337   28
   338   27
   339   28
   340   27
   341   28
   342   27
   343   28
   344   27
   345   28
   346   27
   347   28
   348   28
   349   28
   350   28
   351   28
   352   28
   353   28
   354   29
   355   28
   356   29
   357   27
   358   28
   359   27
   360   29
   361   27
   362   28
   363   27
   364   27
   365   26
   366   27
   367   26
   368   25
   369   25
   370   24
   371   24
   372   23
   373   23
   374   21
   375   21
   376   19
   377   19
   378   17
   379   16
   380   14
   381   13
   382   11
   383   10
   384   8
   385   6
   386   5
   387   2
   388   1
   389   -2
   390   -3
   391   -6
   392   -7
   393   -10
   394   -12
   395   -15
   396   -16
   397   -18
   398   -20
   399   -22
   400   -25
   401   -26
   402   -29
   403   -30
   404   -32
   405   -33
   406   -36
   407   -36
   408   -39
   409   -39
   410   -42
   411   -42
   412   -45
   413   -45
   414   -47
   415   -47
   416   -49
   417   -49
   418   -50
   419   -51
   420   -51
   421   -53
   422   -52
   423   -54
   424   -53
   425   -55
   426   -54
   427   -56
   428   -55
   429   -56
   430   -56
   431   -57
   432   -56
   433   -57
   434   -57
   435   -57
   436   -58
   437   -57
   438   -58
   439   -57
   440   -58
   441   -57
   442   -58
   443   -57
   444   -58
   445   -58
   446   -58
   447   -58
   448   -58
   449   -58
   450   -58
   451   -58
   452   -58
   453   -59
   454   -58
   455   -59
   456   -58
   457   -59
   458   -58
   459   -59
   460   -58
   461   -59
   462   -58
   463   -58
   464   -58
   465   -58
   466   -58
   467   -58
   468   -59
   469   -58
   470   -59
   471   -58
   472   -59
   473   -58
   474   -59
   475   -58
   476   -59
   477   -58
   478   -59
   479   -58
   480   -59
   481   -58
   482   -59
   483   -58
   484   -58
   485   -59
   486   -58
   487   -59
   488   -58
   489   -59
   490   -58
   491   -59
   492   -58
   493   -59
   494   -58
   495   -59
   496   -58
   497   -59
   498   -58
   499   -59
   500   -59
   501   -59
   502   -59
   503   -58
   504   -59
   505   -58
   506   -59
   507   -58
   508   -59
   509   -58
   510   -59
   511   -58
   512   -59
   513   -59
   514   -59
   515   -59
   516   -59
   517   -59
   518   -59
   519   -59
   520   -58
   521   -59
   522   -58
   523   -60
   524   -58
   525   -60
   526   -59
   527   -59
   528   -59
   529   -59
   530   -59
   531   -59
   532   -59
   533   -59
   534   -59
   535   -58
   536   -60
   537   -59
   538   -60
   539   -59
   540   -60
   541   -58
   542   -60
   543   -59
   544   -60
   545   -59
   546   -59
   547   -59
   548   -59
   549   -59
   550   -59
   551   -60
   552   -59
   553   -60
   554   -59
   555   -60
   556   -58
   557   -60
   558   -59
   559   -60
   560   -58
   561   -59
   562   -59
   563   -59
   564   -59
   565   -59
   566   -59
   567   -59
   568   -59
   569   -59
   570   -60
   571   -59
   572   -60
   573   -59
   574   -60
   575   -59
   576   -60
   577   -59
   578   -60
   579   -59
   580   -59
   581   -59
   582   -59
   583   -60
   584   -59
   585   -60
   586   -59
   587   -60
   588   -59
   589   -60
   590   -59
   591   -60
   592   -59
   593   -60
   594   -59
   595   -59
   596   -59
   597   -60
   598   -60
   599   -59
   600   -60
   601   -59
   602   -60
   603   -59
   604   -60
   605   -59
   606   -60
   607   -59
   608   -60
   609   -59
   610   -60
   611   -59
   612   -60
   613   -59
   614   -60
   615   -60
   616   -59
   617   -60
   618   -59
   619   -60
   620   -59
   621   -60
   622   -59
   623   -60
   624   -59
   625   -60
   626   -59
   627   -60
   628   -59
   629   -60
   630   -59
   631   -60
   632   -60
   633   -59
   634   -60
   635   -59
   636   -60
   637   -59
   638   -60
   639   -59
   640   -60
   641   -59
   642   -60
   643   -60
   644   -60
   645   -60
   646   -60
   647   -60
   648   -59
   649   -60
   650   -59
   651   -60
   652   -59
   653   -60
   654   -59
   655   -60
   656   -59
   657   -60
   658   -59
   659   -60
   660   -60
   661   -60
   662   -60
   663   -59
   664   -60
   665   -59
   666   -60
   667   -59
   668   -60
   669   -59
   670   -61
   671   -59
   672   -60
   673   -59
   674   -60
   675   -59
   676   -60
   677   -59
   678   -60
   679   -60
   680   -60
   681   -60
   682   -60
   683   -60
   684   -59
   685   -60
   686   -59
   687   -60
   688   -59
   689   -60
   690   -60
   691   -60
   692   -59
   693   -60
   694   -60
   695   -60
   696   -60
   697   -60
   698   -60
   699   -60
   700   -60
   701   -59
   702   -60
   703   -59
   704   -60
   705   -59
   706   -60
   707   -59
   708   -60
   709   -60
   710   -60
   711   -60
   712   -60
   713   -60
   714   -60
   715   -60
   716   -59
   717   -60
   718   -60
   719   -61
   720   -59
   721   -60
   722   -59
   723   -61
   724   -59
   725   -60
   726   -60
   727   -60
   728   -60
   729   -60
   730   -60
   731   -60
   732   -60
   733   -60
   734   -61
   735   -59
   736   -60
   737   -60
   738   -61
   739   -59
   740   -60
   741   -60
   742   -60
   743   -60
   744   -60
   745   -60
   746   -60
   747   -60
   748   -60
   749   -60
   750   -60
   751   -61
   752   -60
   753   -61
   754   -59
   755   -60
   756   -60
   757   -60
   758   -60
   759   -60
   760   -60
   761   -60
   762   -60
   763   -60
   764   -60
   765   -60
   766   -60
   767   -60
   768   -60
   769   -60
   770   -60
   771   -60
   772   -60
   773   -60
   774   -60
   775   -60
   776   -60
   777   -60
   778   -60
   779   -60
   780   -60
   781   -61
   782   -60
   783   -61
   784   -60
   785   -60
   786   -59
   787   -61
   788   -60
   789   -61
   790   -60
   791   -60
   792   -60
   793   -60
   794   -60
   795   -60
   796   -60
   797   -60
   798   -61
   799   -60
   800   -61
   801   -60
   802   -61
   803   -60
   804   -61
   805   -59
   806   -60
   807   -60
   808   -61
   809   -60
   810   -60
   811   -60
   812   -60
   813   -60
   814   -60
   815   -60
   816   -60
   817   -61
   818   -60
   819   -61
   820   -60
   821   -61
   822   -60
   823   -60
   824   -60
   825   -60
   826   -60
   827   -60
   828   -60
   829   -60
   830   -60
   831   -60
   832   -61
   833   -60
   834   -61
   835   -60
   836   -60
   837   -60
   838   -60
   839   -60
   840   -60
   841   -60
   842   -60
   843   -60
   844   -60
   845   -60
   846   -60
   847   -60
   848   -60
   849   -61
   850   -60
   851   -61
   852   -60
   853   -61
   854   -60
   855   -61
   856   -60
   857   -60
   858   -60
   859   -60
   860   -60
   861   -60
   862   -61
   863   -60
   864   -61
   865   -60
   866   -61
   867   -60
   868   -61
   869   -60
   870   -61
   871   -60
   872   -61
   873   -60
   874   -60
   875   -60
   876   -60
   877   -60
   878   -60
   879   -61
   880   -60
   881   -61
   882   -60
   883   -61
   884   -60
   885   -61
   886   -60
   887   -61
   888   -60
   889   -61
   890   -60
   891   -60
   892   -60
   893   -60
   894   -60
   895   -60
   896   -61
   897   -60
   898   -61
   899   -60
   900   -61
   901   -60
   902   -61
   903   -60
   904   -61
   905   -60
   906   -60
   907   -60
   908   -60
   909   -61
   910   -60
   911   -61
   912   -60
   913   -61
   914   -60
   915   -61
   916   -60
   917   -61
   918   -60
   919   -61
   920   -60
   921   -61
   922   -60
   923   -61
   924   -60
   925   -60
   926   -61
   927   -60
   928   -61
   929   -60
   930   -61
   931   -60
   932   -61
   933   -60
   934   -61
   935   -60
   936   -61
   937   -60
   938   -61
   939   -60
   940   -60
   941   -60
   942   -60
   943   -61
   944   -60
   945   -60
   946   -60
   947   -60
   948   -60
   949   -61
   950   -60
   951   -61
   952   -60
   953   -61
   954   -60
   955   -60
   956   -60
   957   -60
   958   -61
   959   -60
   960   -60
   961   -60
   962   -61
   963   -60
   964   -61
   965   -60
   966   -61
   967   -60
   968   -61
   969   -60
   970   -61
   971   -60
   972   -60
   973   -60
   974   -60
   975   -60
   976   -60
   977   -61
   978   -60
   979   -61
   980   -60
   981   -61
   982   -60
   983   -61
   984   -60
   985   -61
   986   -60
   987   -61
   988   -60
   989   -61
   990   -60
   991   -60
   992   -60
   993   -60
   994   -61
   995   -60
   996   -61
   997   -60
   998   -61
   999   -60
