   0   0
   1   -61
   2   -61
   3   -61
   4   -61
   5   -62
   6   -61
   7   -62
   8   -60
   9   -62
   10   -60
   11   -62
   12   -60
   13   -62
   14   -61
   15   -61
   16   -61
   17   -61
   18   -61
   19   -61
   20   -61
   21   -61
   22   -62
   23   -60
   24   -62
   25   -60
   26   -62
   27   -60
   28   -62
   29   -60
   30   -62
   31   -60
   32   -62
   33   -61
   34   -61
   35   -61
   36   -61
   37   -61
   38   -61
   39   -62
   40   -60
   41   -62
   42   -60
   43   -62
   44   -60
   45   -62
   46   -60
   47   -62
   48   -61
   49   -61
   50   -61
   51   -61
   52   -61
   53   -61
   54   -61
   55   -61
   56   -62
   57   -61
   58   -62
   59   -60
   60   -62
   61   -60
   62   -62
   63   -61
   64   -62
   65   -61
   66   -61
   67   -61
   68   -61
   69   -61
   70   -61
   71   -62
   72   -61
   73   -62
   74   -60
   75   -62
   76   -60
   77   -62
   78   -60
   79   -61
   80   -60
   81   -61
   82   -61
   83   -61
   84   -61
   85   -61
   86   -61
   87   -61
   88   -62
   89   -60
   90   -62
   91   -60
   92   -62
   93   -60
   94   -62
   95   -60
   96   -62
   97   -60
   98   -62
   99   -61
   100   -61
   101   -61
   102   -61
   103   -61
   104   -61
   105   -61
   106   -60
   107   -62
   108   -60
   109   -62
   110   -61
   111   -62
   112   -60
   113   -62
   114   -61
   115   -61
   116   -61
   117   -61
   118   -61
   119   -61
   120   -62
   121   -61
   122   -62
   123   -61
   124   -62
   125   -60
   126   -62
   127   -61
   128   -61
   129   -61
   130   -61
   131   -61
   132   -61
   133   -61
   134   -61
   135   -61
   136   -61
   137   -62
   138   -60
   139   -62
   140   -60
   141   -62
   142   -60
   143   -62
   144   -61
   145   -62
   146   -61
   147   -61
   148   -61
   149   -61
   150   -61
   151   -61
   152   -61
   153   -60
   154   -62
   155   -60
   156   -62
   157   -60
   158   -62
   159   -60
   160   -62
   161   -61
   162   -62
   163   -61
   164   -61
   165   -61
   166   -61
   167   -61
   168   -61
   169   -62
   170   -61
   171   -62
   172   -61
   173   -62
   174   -61
   175   -62
   176   -60
   177   -61
   178   -61
   179   -61
   180   -61
   181   -61
   182   -61
   183   -61
   184   -61
   185   -61
   186   -62
   187   -60
   188   -61
   189   -60
   190   -62
   191   -60
   192   -62
   193   -61
   194   -60
   195   -60
   196   -61
   197   -61
   198   -61
   199   -61
   200   -62
   201   -59
   202   -24
   203   35
   204   60
   205   62
   206   59
   207   56
   208   56
   209   56
   210   58
   211   59
   212   59
   213   60
   214   59
   215   61
   216   60
   217   61
   218   60
   219   61
   220   60
   221   62
   222   61
   223   63
   224   61
   225   62
   226   60
   227   62
   228   61
   229   62
   230   61
   231   62
   232   62
   233   61
   234   62
   235   61
   236   62
   237   61
   238   62
   239   61
   240   63
   241   61
   242   62
   243   61
   244   61
   245   61
   246   62
   247   62
   248   61
   249   62
   250   61
   251   62
   252   61
   253   62
   254   61
   255   62
   256   60
   257   62
   258   60
   259   62
   260   60
   261   61
   262   61
   263   61
   264   61
   265   61
   266   61
   267   60
   268   61
   269   60
   270   62
   271   60
   272   61
   273   60
   274   61
   275   60
   276   61
   277   60
   278   61
   279   60
   280   60
   281   60
   282   60
   283   60
   284   59
   285   60
   286   59
   287   60
   288   59
   289   60
   290   59
   291   60
   292   59
   293   60
   294   59
   295   60
   296   59
   297   59
   298   59
   299   59
   300   59
   301   58
   302   59
   303   58
   304   60
   305   59
   306   60
   307   58
   308   59
   309   58
   310   59
   311   58
   312   59
   313   59
   314   58
   315   59
   316   58
   317   59
   318   57
   319   59
   320   57
   321   59
   322   57
   323   58
   324   57
   325   58
   326   57
   327   58
   328   57
   329   58
   330   57
   331   57
   332   57
   333   57
   334   58
   335   57
   336   58
   337   56
   338   57
   339   56
   340   58
   341   56
   342   57
   343   56
   344   57
   345   56
   346   56
   347   56
   348   56
   349   56
   350   56
   351   57
   352   56
   353   57
   354   55
   355   56
   356   55
   357   56
   358   55
   359   56
   360   55
   361   55
   362   55
   363   55
   364   56
   365   55
   366   55
   367   54
   368   55
   369   54
   370   55
   371   54
   372   55
   373   54
   374   55
   375   54
   376   54
   377   54
   378   53
   379   53
   380   52
   381   52
   382   51
   383   50
   384   48
   385   48
   386   44
   387   43
   388   39
   389   37
   390   33
   391   30
   392   25
   393   21
   394   16
   395   11
   396   6
   397   1
   398   -3
   399   -9
   400   -13
   401   -19
   402   -22
   403   -28
   404   -31
   405   -36
   406   -38
   407   -42
   408   -44
   409   -47
   410   -49
   411   -51
   412   -53
   413   -54
   414   -55
   415   -56
   416   -57
   417   -57
   418   -58
   419   -58
   420   -59
   421   -59
   422   -60
   423   -59
   424   -59
   425   -59
   426   -60
   427   -60
   428   -59
   429   -60
   430   -59
   431   -60
   432   -59
   433   -60
   434   -59
   435   -61
   436   -59
   437   -60
   438   -59
   439   -60
   440   -60
   441   -60
   442   -60
   443   -60
   444   -60
   445   -60
   446   -60
   447   -59
   448   -61
   449   -59
   450   -60
   451   -59
   452   -61
   453   -59
   454   -61
   455   -60
   456   -61
   457   -60
   458   -60
   459   -60
   460   -60
   461   -60
   462   -60
   463   -60
   464   -60
   465   -61
   466   -60
   467   -61
   468   -59
   469   -61
   470   -60
   471   -61
   472   -60
   473   -61
   474   -60
   475   -60
   476   -60
   477   -60
   478   -61
   479   -60
   480   -61
   481   -60
   482   -61
   483   -59
   484   -61
   485   -60
   486   -61
   487   -60
   488   -61
   489   -60
   490   -60
   491   -60
   492   -60
   493   -60
   494   -60
   495   -61
   496   -60
   497   -61
   498   -60
   499   -61
   500   -60
   501   -61
   502   -60
   503   -61
   504   -60
   505   -61
   506   -60
   507   -61
   508   -60
   509   -60
   510   -61
   511   -60
   512   -61
   513   -60
   514   -61
   515   -60
   516   -61
   517   -60
   518   -61
   519   -60
   520   -61
   521   -60
   522   -61
   523   -60
   524   -61
   525   -60
   526   -61
   527   -61
   528   -60
   529   -61
   530   -60
   531   -61
   532   -60
   533   -61
   534   -60
   535   -61
   536   -60
   537   -61
   538   -60
   539   -61
   540   -60
   541   -61
   542   -60
   543   -61
   544   -61
   545   -60
   546   -61
   547   -60
   548   -61
   549   -60
   550   -61
   551   -60
   552   -61
   553   -60
   554   -61
   555   -60
   556   -61
   557   -61
   558   -61
   559   -60
   560   -61
   561   -61
   562   -60
   563   -61
   564   -60
   565   -61
   566   -60
   567   -61
   568   -60
   569   -61
   570   -60
   571   -61
   572   -60
   573   -61
   574   -61
   575   -61
   576   -61
   577   -61
   578   -61
   579   -60
   580   -61
   581   -60
   582   -61
   583   -60
   584   -61
   585   -60
   586   -61
   587   -60
   588   -61
   589   -61
   590   -61
   591   -61
   592   -61
   593   -61
   594   -60
   595   -61
   596   -60
   597   -61
   598   -60
   599   -61
   600   -60
   601   -61
   602   -60
   603   -61
   604   -60
   605   -61
   606   -60
   607   -61
   608   -61
   609   -60
   610   -61
   611   -60
   612   -61
   613   -60
   614   -61
   615   -60
   616   -61
   617   -60
   618   -61
   619   -60
   620   -61
   621   -60
   622   -61
   623   -61
   624   -61
   625   -61
   626   -60
   627   -61
   628   -60
   629   -61
   630   -60
   631   -61
   632   -60
   633   -61
   634   -60
   635   -61
   636   -61
   637   -61
   638   -61
   639   -61
   640   -61
   641   -61
   642   -61
   643   -61
   644   -61
   645   -60
   646   -61
   647   -60
   648   -61
   649   -60
   650   -61
   651   -60
   652   -61
   653   -60
   654   -61
   655   -61
   656   -61
   657   -61
   658   -61
   659   -61
   660   -60
   661   -61
   662   -60
   663   -61
   664   -60
   665   -61
   666   -60
   667   -61
   668   -60
   669   -61
   670   -60
   671   -61
   672   -61
   673   -61
   674   -61
   675   -61
   676   -61
   677   -60
   678   -61
   679   -60
   680   -61
   681   -60
   682   -61
   683   -60
   684   -61
   685   -60
   686   -61
   687   -61
   688   -61
   689   -61
   690   -61
   691   -61
   692   -60
   693   -61
   694   -60
   695   -61
   696   -60
   697   -61
   698   -61
   699   -61
   700   -60
   701   -61
   702   -60
   703   -61
   704   -61
   705   -61
   706   -61
   707   -60
   708   -61
   709   -60
   710   -61
   711   -60
   712   -61
   713   -60
   714   -61
   715   -60
   716   -61
   717   -60
   718   -61
   719   -61
   720   -61
   721   -61
   722   -60
   723   -61
   724   -60
   725   -61
   726   -61
   727   -62
   728   -60
   729   -61
   730   -60
   731   -61
   732   -60
   733   -61
   734   -60
   735   -61
   736   -61
   737   -61
   738   -61
   739   -61
   740   -61
   741   -61
   742   -61
   743   -60
   744   -61
   745   -60
   746   -61
   747   -60
   748   -61
   749   -61
   750   -61
   751   -60
   752   -61
   753   -60
   754   -61
   755   -61
   756   -61
   757   -61
   758   -60
   759   -61
   760   -60
   761   -61
   762   -61
   763   -61
   764   -60
   765   -61
   766   -60
   767   -61
   768   -60
   769   -61
   770   -61
   771   -61
   772   -61
   773   -61
   774   -61
   775   -60
   776   -61
   777   -60
   778   -61
   779   -60
   780   -61
   781   -61
   782   -61
   783   -60
   784   -61
   785   -61
   786   -61
   787   -61
   788   -61
   789   -61
   790   -60
   791   -61
   792   -60
   793   -61
   794   -60
   795   -61
   796   -60
   797   -61
   798   -60
   799   -61
   800   -61
   801   -61
   802   -60
   803   -61
   804   -61
   805   -61
   806   -61
   807   -61
   808   -61
   809   -61
   810   -61
   811   -60
   812   -61
   813   -60
   814   -61
   815   -60
   816   -61
   817   -61
   818   -61
   819   -61
   820   -61
   821   -61
   822   -61
   823   -61
   824   -61
   825   -61
   826   -60
   827   -61
   828   -60
   829   -61
   830   -61
   831   -61
   832   -61
   833   -61
   834   -60
   835   -61
   836   -61
   837   -61
   838   -61
   839   -61
   840   -61
   841   -60
   842   -61
   843   -60
   844   -61
   845   -60
   846   -61
   847   -60
   848   -61
   849   -61
   850   -61
   851   -61
   852   -61
   853   -61
   854   -61
   855   -61
   856   -61
   857   -61
   858   -61
   859   -61
   860   -60
   861   -61
   862   -60
   863   -61
   864   -60
   865   -61
   866   -61
   867   -61
   868   -61
   869   -61
   870   -61
   871   -61
   872   -61
   873   -61
   874   -61
   875   -61
   876   -61
   877   -60
   878   -61
   879   -60
   880   -61
   881   -61
   882   -61
   883   -61
   884   -61
   885   -61
   886   -61
   887   -61
   888   -61
   889   -61
   890   -60
   891   -61
   892   -60
   893   -61
   894   -60
   895   -61
   896   -61
   897   -61
   898   -60
   899   -61
   900   -61
   901   -61
   902   -61
   903   -61
   904   -61
   905   -61
   906   -61
   907   -60
   908   -61
   909   -60
   910   -61
   911   -61
   912   -61
   913   -61
   914   -61
   915   -61
   916   -61
   917   -61
   918   -61
   919   -61
   920   -61
   921   -61
   922   -60
   923   -61
   924   -60
   925   -61
   926   -61
   927   -61
   928   -60
   929   -61
   930   -60
   931   -61
   932   -61
   933   -61
   934   -61
   935   -61
   936   -61
   937   -61
   938   -61
   939   -61
   940   -61
   941   -60
   942   -61
   943   -60
   944   -61
   945   -61
   946   -61
   947   -61
   948   -61
   949   -61
   950   -60
   951   -61
   952   -61
   953   -61
   954   -61
   955   -61
   956   -60
   957   -61
   958   -61
   959   -61
   960   -60
   961   -61
   962   -60
   963   -61
   964   -61
   965   -61
   966   -61
   967   -61
   968   -61
   969   -61
   970   -61
   971   -60
   972   -61
   973   -60
   974   -61
   975   -60
   976   -61
   977   -60
   978   -61
   979   -61
   980   -61
   981   -61
   982   -61
   983   -61
   984   -61
   985   -61
   986   -61
   987   -61
   988   -61
   989   -61
   990   -60
   991   -61
   992   -60
   993   -61
   994   -61
   995   -61
   996   -61
   997   -61
   998   -61
   999   -61
