   0   0
   1   -61
   2   -61
   3   -62
   4   -60
   5   -62
   6   -60
   7   -62
   8   -60
   9   -62
   10   -60
   11   -62
   12   -60
   13   -62
   14   -60
   15   -62
   16   -61
   17   -61
   18   -62
   19   -61
   20   -61
   21   -61
   22   -62
   23   -60
   24   -62
   25   -60
   26   -62
   27   -60
   28   -62
   29   -61
   30   -62
   31   -61
   32   -61
   33   -61
   34   -61
   35   -61
   36   -61
   37   -62
   38   -60
   39   -62
   40   -60
   41   -62
   42   -60
   43   -62
   44   -61
   45   -62
   46   -61
   47   -61
   48   -61
   49   -61
   50   -62
   51   -61
   52   -62
   53   -61
   54   -62
   55   -60
   56   -62
   57   -60
   58   -62
   59   -61
   60   -62
   61   -61
   62   -61
   63   -61
   64   -61
   65   -61
   66   -61
   67   -62
   68   -61
   69   -61
   70   -61
   71   -62
   72   -60
   73   -62
   74   -60
   75   -62
   76   -61
   77   -62
   78   -60
   79   -62
   80   -61
   81   -62
   82   -61
   83   -61
   84   -61
   85   -61
   86   -62
   87   -61
   88   -62
   89   -61
   90   -62
   91   -60
   92   -62
   93   -61
   94   -62
   95   -61
   96   -61
   97   -61
   98   -61
   99   -62
   100   -60
   101   -62
   102   -60
   103   -62
   104   -61
   105   -62
   106   -60
   107   -62
   108   -60
   109   -62
   110   -60
   111   -62
   112   -61
   113   -62
   114   -61
   115   -61
   116   -61
   117   -60
   118   -62
   119   -60
   120   -62
   121   -60
   122   -62
   123   -60
   124   -62
   125   -60
   126   -62
   127   -60
   128   -62
   129   -61
   130   -62
   131   -61
   132   -61
   133   -61
   134   -61
   135   -62
   136   -60
   137   -62
   138   -60
   139   -62
   140   -60
   141   -62
   142   -60
   143   -62
   144   -60
   145   -62
   146   -61
   147   -62
   148   -61
   149   -61
   150   -61
   151   -61
   152   -61
   153   -60
   154   -62
   155   -60
   156   -62
   157   -61
   158   -62
   159   -60
   160   -62
   161   -61
   162   -61
   163   -61
   164   -61
   165   -62
   166   -60
   167   -62
   168   -60
   169   -62
   170   -60
   171   -62
   172   -60
   173   -62
   174   -60
   175   -62
   176   -60
   177   -62
   178   -61
   179   -62
   180   -61
   181   -61
   182   -61
   183   -61
   184   -62
   185   -60
   186   -62
   187   -60
   188   -62
   189   -60
   190   -62
   191   -60
   192   -62
   193   -61
   194   -61
   195   -60
   196   -61
   197   -61
   198   -61
   199   -61
   200   -62
   201   -60
   202   -29
   203   19
   204   34
   205   31
   206   29
   207   26
   208   27
   209   28
   210   30
   211   31
   212   31
   213   32
   214   31
   215   33
   216   33
   217   34
   218   33
   219   34
   220   33
   221   35
   222   33
   223   36
   224   34
   225   35
   226   34
   227   35
   228   35
   229   35
   230   35
   231   36
   232   36
   233   35
   234   36
   235   34
   236   37
   237   34
   238   36
   239   34
   240   37
   241   35
   242   36
   243   34
   244   36
   245   35
   246   36
   247   35
   248   35
   249   36
   250   35
   251   36
   252   35
   253   36
   254   34
   255   36
   256   34
   257   36
   258   34
   259   36
   260   34
   261   35
   262   35
   263   36
   264   35
   265   34
   266   35
   267   34
   268   35
   269   34
   270   36
   271   34
   272   36
   273   34
   274   35
   275   34
   276   35
   277   34
   278   34
   279   34
   280   34
   281   34
   282   34
   283   35
   284   33
   285   34
   286   33
   287   34
   288   33
   289   35
   290   33
   291   34
   292   32
   293   34
   294   33
   295   34
   296   34
   297   33
   298   34
   299   32
   300   34
   301   31
   302   34
   303   32
   304   34
   305   32
   306   34
   307   32
   308   33
   309   32
   310   33
   311   32
   312   32
   313   32
   314   32
   315   33
   316   31
   317   33
   318   31
   319   32
   320   31
   321   33
   322   31
   323   33
   324   31
   325   32
   326   31
   327   32
   328   31
   329   31
   330   32
   331   31
   332   31
   333   30
   334   32
   335   30
   336   32
   337   30
   338   32
   339   30
   340   31
   341   30
   342   31
   343   30
   344   30
   345   31
   346   30
   347   31
   348   29
   349   31
   350   29
   351   31
   352   29
   353   31
   354   29
   355   31
   356   29
   357   30
   358   29
   359   30
   360   29
   361   29
   362   29
   363   29
   364   30
   365   28
   366   30
   367   28
   368   30
   369   27
   370   30
   371   28
   372   30
   373   27
   374   29
   375   28
   376   29
   377   28
   378   28
   379   28
   380   27
   381   28
   382   28
   383   29
   384   27
   385   28
   386   27
   387   29
   388   27
   389   28
   390   27
   391   28
   392   27
   393   27
   394   27
   395   27
   396   27
   397   26
   398   27
   399   25
   400   27
   401   24
   402   26
   403   23
   404   25
   405   22
   406   22
   407   20
   408   20
   409   18
   410   17
   411   15
   412   13
   413   12
   414   8
   415   8
   416   4
   417   5
   418   0
   419   0
   420   -5
   421   -6
   422   -10
   423   -11
   424   -15
   425   -17
   426   -20
   427   -22
   428   -25
   429   -28
   430   -29
   431   -33
   432   -33
   433   -37
   434   -37
   435   -42
   436   -41
   437   -45
   438   -44
   439   -48
   440   -48
   441   -51
   442   -51
   443   -52
   444   -53
   445   -54
   446   -56
   447   -55
   448   -57
   449   -56
   450   -59
   451   -57
   452   -59
   453   -57
   454   -60
   455   -58
   456   -60
   457   -59
   458   -60
   459   -59
   460   -60
   461   -60
   462   -59
   463   -61
   464   -59
   465   -61
   466   -59
   467   -61
   468   -59
   469   -61
   470   -59
   471   -61
   472   -59
   473   -61
   474   -60
   475   -61
   476   -60
   477   -60
   478   -60
   479   -60
   480   -61
   481   -59
   482   -61
   483   -59
   484   -61
   485   -59
   486   -62
   487   -59
   488   -61
   489   -59
   490   -61
   491   -60
   492   -60
   493   -60
   494   -60
   495   -61
   496   -60
   497   -62
   498   -60
   499   -61
   500   -59
   501   -61
   502   -59
   503   -61
   504   -60
   505   -61
   506   -59
   507   -61
   508   -60
   509   -61
   510   -60
   511   -60
   512   -60
   513   -60
   514   -61
   515   -60
   516   -61
   517   -59
   518   -61
   519   -60
   520   -62
   521   -60
   522   -61
   523   -60
   524   -60
   525   -60
   526   -60
   527   -61
   528   -60
   529   -61
   530   -60
   531   -62
   532   -59
   533   -62
   534   -60
   535   -62
   536   -60
   537   -62
   538   -60
   539   -61
   540   -60
   541   -61
   542   -61
   543   -60
   544   -61
   545   -60
   546   -62
   547   -60
   548   -62
   549   -60
   550   -62
   551   -59
   552   -61
   553   -60
   554   -62
   555   -60
   556   -61
   557   -60
   558   -61
   559   -61
   560   -61
   561   -61
   562   -60
   563   -61
   564   -60
   565   -62
   566   -60
   567   -62
   568   -60
   569   -62
   570   -60
   571   -61
   572   -60
   573   -61
   574   -60
   575   -61
   576   -61
   577   -60
   578   -61
   579   -60
   580   -61
   581   -60
   582   -62
   583   -60
   584   -62
   585   -60
   586   -61
   587   -60
   588   -61
   589   -60
   590   -61
   591   -61
   592   -60
   593   -61
   594   -60
   595   -61
   596   -60
   597   -62
   598   -60
   599   -61
   600   -60
   601   -62
   602   -60
   603   -61
   604   -60
   605   -61
   606   -61
   607   -61
   608   -61
   609   -61
   610   -61
   611   -60
   612   -61
   613   -60
   614   -61
   615   -60
   616   -62
   617   -60
   618   -62
   619   -60
   620   -62
   621   -61
   622   -61
   623   -60
   624   -61
   625   -61
   626   -60
   627   -61
   628   -60
   629   -62
   630   -60
   631   -62
   632   -60
   633   -62
   634   -60
   635   -62
   636   -60
   637   -61
   638   -60
   639   -61
   640   -61
   641   -61
   642   -61
   643   -60
   644   -61
   645   -60
   646   -62
   647   -60
   648   -62
   649   -60
   650   -62
   651   -60
   652   -62
   653   -61
   654   -61
   655   -60
   656   -61
   657   -61
   658   -60
   659   -61
   660   -60
   661   -62
   662   -60
   663   -62
   664   -60
   665   -62
   666   -59
   667   -62
   668   -60
   669   -62
   670   -60
   671   -61
   672   -61
   673   -61
   674   -61
   675   -60
   676   -62
   677   -60
   678   -62
   679   -60
   680   -62
   681   -60
   682   -62
   683   -60
   684   -62
   685   -60
   686   -61
   687   -60
   688   -61
   689   -60
   690   -61
   691   -61
   692   -60
   693   -61
   694   -60
   695   -62
   696   -60
   697   -62
   698   -60
   699   -62
   700   -60
   701   -62
   702   -60
   703   -61
   704   -60
   705   -61
   706   -61
   707   -61
   708   -61
   709   -60
   710   -61
   711   -60
   712   -62
   713   -60
   714   -62
   715   -60
   716   -61
   717   -60
   718   -62
   719   -60
   720   -61
   721   -61
   722   -61
   723   -61
   724   -60
   725   -61
   726   -60
   727   -62
   728   -60
   729   -62
   730   -60
   731   -61
   732   -60
   733   -62
   734   -60
   735   -61
   736   -60
   737   -61
   738   -61
   739   -61
   740   -61
   741   -60
   742   -61
   743   -60
   744   -62
   745   -60
   746   -62
   747   -60
   748   -62
   749   -60
   750   -62
   751   -60
   752   -62
   753   -60
   754   -61
   755   -60
   756   -61
   757   -61
   758   -60
   759   -62
   760   -60
   761   -62
   762   -60
   763   -62
   764   -60
   765   -62
   766   -60
   767   -62
   768   -60
   769   -62
   770   -60
   771   -61
   772   -61
   773   -60
   774   -61
   775   -60
   776   -62
   777   -60
   778   -62
   779   -60
   780   -62
   781   -60
   782   -61
   783   -59
   784   -62
   785   -60
   786   -61
   787   -60
   788   -61
   789   -61
   790   -60
   791   -61
   792   -60
   793   -62
   794   -60
   795   -62
   796   -60
   797   -62
   798   -60
   799   -61
   800   -60
   801   -61
   802   -61
   803   -61
   804   -60
   805   -61
   806   -61
   807   -61
   808   -61
   809   -60
   810   -62
   811   -60
   812   -62
   813   -60
   814   -62
   815   -60
   816   -62
   817   -61
   818   -62
   819   -60
   820   -61
   821   -61
   822   -61
   823   -61
   824   -60
   825   -61
   826   -61
   827   -62
   828   -60
   829   -61
   830   -60
   831   -61
   832   -60
   833   -62
   834   -61
   835   -61
   836   -61
   837   -61
   838   -61
   839   -60
   840   -61
   841   -60
   842   -62
   843   -60
   844   -61
   845   -60
   846   -61
   847   -60
   848   -61
   849   -61
   850   -61
   851   -61
   852   -61
   853   -61
   854   -61
   855   -61
   856   -60
   857   -62
   858   -60
   859   -62
   860   -60
   861   -62
   862   -60
   863   -62
   864   -60
   865   -61
   866   -60
   867   -61
   868   -61
   869   -60
   870   -61
   871   -60
   872   -62
   873   -60
   874   -62
   875   -60
   876   -62
   877   -60
   878   -62
   879   -60
   880   -62
   881   -60
   882   -62
   883   -60
   884   -62
   885   -61
   886   -61
   887   -61
   888   -60
   889   -61
   890   -60
   891   -62
   892   -60
   893   -62
   894   -60
   895   -62
   896   -60
   897   -62
   898   -60
   899   -61
   900   -60
   901   -61
   902   -61
   903   -61
   904   -61
   905   -61
   906   -61
   907   -60
   908   -61
   909   -60
   910   -62
   911   -60
   912   -62
   913   -60
   914   -61
   915   -60
   916   -62
   917   -61
   918   -61
   919   -61
   920   -61
   921   -61
   922   -60
   923   -62
   924   -60
   925   -62
   926   -60
   927   -62
   928   -60
   929   -62
   930   -60
   931   -61
   932   -60
   933   -62
   934   -61
   935   -61
   936   -61
   937   -61
   938   -61
   939   -60
   940   -62
   941   -60
   942   -62
   943   -60
   944   -62
   945   -60
   946   -61
   947   -60
   948   -61
   949   -60
   950   -61
   951   -61
   952   -61
   953   -61
   954   -61
   955   -61
   956   -60
   957   -61
   958   -60
   959   -62
   960   -60
   961   -61
   962   -61
   963   -61
   964   -60
   965   -61
   966   -60
   967   -61
   968   -61
   969   -61
   970   -61
   971   -60
   972   -62
   973   -60
   974   -62
   975   -60
   976   -62
   977   -60
   978   -62
   979   -61
   980   -61
   981   -60
   982   -61
   983   -61
   984   -61
   985   -61
   986   -61
   987   -62
   988   -60
   989   -61
   990   -60
   991   -62
   992   -60
   993   -62
   994   -60
   995   -62
   996   -60
   997   -62
   998   -60
   999   -61
