   0   0
   1   -61
   2   -61
   3   -60
   4   -61
   5   -61
   6   -62
   7   -61
   8   -62
   9   -61
   10   -61
   11   -61
   12   -61
   13   -61
   14   -61
   15   -62
   16   -61
   17   -62
   18   -61
   19   -61
   20   -60
   21   -61
   22   -61
   23   -61
   24   -61
   25   -61
   26   -61
   27   -61
   28   -61
   29   -61
   30   -61
   31   -61
   32   -61
   33   -61
   34   -62
   35   -61
   36   -62
   37   -61
   38   -62
   39   -61
   40   -61
   41   -61
   42   -61
   43   -61
   44   -61
   45   -61
   46   -61
   47   -61
   48   -61
   49   -62
   50   -61
   51   -62
   52   -60
   53   -62
   54   -61
   55   -62
   56   -61
   57   -61
   58   -60
   59   -61
   60   -61
   61   -61
   62   -61
   63   -61
   64   -61
   65   -61
   66   -61
   67   -61
   68   -61
   69   -61
   70   -62
   71   -61
   72   -61
   73   -61
   74   -61
   75   -61
   76   -61
   77   -61
   78   -61
   79   -61
   80   -61
   81   -61
   82   -61
   83   -61
   84   -61
   85   -61
   86   -61
   87   -62
   88   -61
   89   -61
   90   -61
   91   -61
   92   -61
   93   -61
   94   -61
   95   -61
   96   -62
   97   -61
   98   -61
   99   -61
   100   -62
   101   -61
   102   -62
   103   -61
   104   -61
   105   -60
   106   -61
   107   -61
   108   -61
   109   -61
   110   -61
   111   -61
   112   -61
   113   -61
   114   -61
   115   -62
   116   -61
   117   -62
   118   -61
   119   -62
   120   -61
   121   -62
   122   -60
   123   -62
   124   -61
   125   -62
   126   -61
   127   -61
   128   -61
   129   -61
   130   -61
   131   -61
   132   -61
   133   -61
   134   -62
   135   -61
   136   -61
   137   -61
   138   -62
   139   -61
   140   -61
   141   -61
   142   -61
   143   -61
   144   -61
   145   -62
   146   -61
   147   -62
   148   -61
   149   -61
   150   -60
   151   -61
   152   -60
   153   -61
   154   -61
   155   -61
   156   -61
   157   -61
   158   -61
   159   -61
   160   -61
   161   -61
   162   -62
   163   -61
   164   -61
   165   -61
   166   -61
   167   -61
   168   -62
   169   -61
   170   -61
   171   -61
   172   -61
   173   -61
   174   -61
   175   -61
   176   -61
   177   -61
   178   -61
   179   -61
   180   -61
   181   -62
   182   -61
   183   -61
   184   -60
   185   -62
   186   -61
   187   -62
   188   -60
   189   -61
   190   -61
   191   -62
   192   -61
   193   -62
   194   -60
   195   -61
   196   -61
   197   -61
   198   -61
   199   -60
   200   -63
   201   -58
   202   -19
   203   38
   204   36
   205   23
   206   9
   207   6
   208   4
   209   6
   210   6
   211   7
   212   5
   213   5
   214   5
   215   6
   216   5
   217   5
   218   6
   219   5
   220   5
   221   5
   222   6
   223   6
   224   5
   225   5
   226   5
   227   5
   228   5
   229   6
   230   5
   231   6
   232   5
   233   6
   234   5
   235   6
   236   5
   237   5
   238   6
   239   6
   240   6
   241   6
   242   5
   243   4
   244   5
   245   5
   246   6
   247   5
   248   6
   249   5
   250   6
   251   5
   252   7
   253   5
   254   6
   255   5
   256   6
   257   5
   258   6
   259   6
   260   5
   261   5
   262   5
   263   6
   264   5
   265   6
   266   5
   267   6
   268   5
   269   6
   270   6
   271   6
   272   5
   273   6
   274   6
   275   5
   276   6
   277   5
   278   6
   279   5
   280   6
   281   5
   282   6
   283   5
   284   6
   285   5
   286   6
   287   5
   288   6
   289   5
   290   5
   291   5
   292   5
   293   6
   294   5
   295   6
   296   5
   297   6
   298   5
   299   6
   300   5
   301   6
   302   5
   303   6
   304   6
   305   6
   306   5
   307   5
   308   6
   309   5
   310   6
   311   5
   312   6
   313   5
   314   6
   315   5
   316   6
   317   5
   318   6
   319   5
   320   6
   321   5
   322   6
   323   5
   324   6
   325   5
   326   5
   327   6
   328   5
   329   6
   330   5
   331   6
   332   5
   333   6
   334   5
   335   6
   336   5
   337   6
   338   5
   339   5
   340   5
   341   5
   342   6
   343   5
   344   6
   345   5
   346   6
   347   5
   348   6
   349   5
   350   6
   351   5
   352   6
   353   5
   354   5
   355   5
   356   5
   357   5
   358   5
   359   5
   360   5
   361   6
   362   4
   363   6
   364   4
   365   6
   366   4
   367   5
   368   4
   369   5
   370   4
   371   5
   372   5
   373   5
   374   5
   375   4
   376   5
   377   4
   378   5
   379   3
   380   4
   381   3
   382   4
   383   3
   384   4
   385   2
   386   2
   387   1
   388   1
   389   0
   390   0
   391   -1
   392   -1
   393   -2
   394   -3
   395   -3
   396   -5
   397   -5
   398   -7
   399   -7
   400   -9
   401   -10
   402   -11
   403   -12
   404   -14
   405   -15
   406   -17
   407   -19
   408   -20
   409   -22
   410   -22
   411   -25
   412   -25
   413   -28
   414   -29
   415   -31
   416   -32
   417   -34
   418   -35
   419   -37
   420   -38
   421   -40
   422   -41
   423   -42
   424   -44
   425   -44
   426   -46
   427   -46
   428   -48
   429   -49
   430   -50
   431   -50
   432   -52
   433   -52
   434   -53
   435   -53
   436   -55
   437   -55
   438   -56
   439   -56
   440   -56
   441   -57
   442   -57
   443   -58
   444   -57
   445   -58
   446   -58
   447   -59
   448   -58
   449   -60
   450   -59
   451   -59
   452   -59
   453   -60
   454   -59
   455   -60
   456   -60
   457   -60
   458   -60
   459   -60
   460   -60
   461   -60
   462   -61
   463   -60
   464   -60
   465   -60
   466   -61
   467   -60
   468   -61
   469   -60
   470   -60
   471   -60
   472   -60
   473   -61
   474   -60
   475   -61
   476   -60
   477   -61
   478   -60
   479   -61
   480   -60
   481   -61
   482   -60
   483   -61
   484   -60
   485   -61
   486   -61
   487   -60
   488   -61
   489   -60
   490   -61
   491   -60
   492   -61
   493   -60
   494   -61
   495   -60
   496   -61
   497   -60
   498   -61
   499   -60
   500   -61
   501   -60
   502   -61
   503   -60
   504   -61
   505   -61
   506   -61
   507   -61
   508   -60
   509   -61
   510   -60
   511   -61
   512   -60
   513   -61
   514   -60
   515   -61
   516   -60
   517   -61
   518   -61
   519   -61
   520   -60
   521   -61
   522   -61
   523   -61
   524   -61
   525   -60
   526   -61
   527   -60
   528   -61
   529   -61
   530   -61
   531   -61
   532   -61
   533   -61
   534   -61
   535   -61
   536   -60
   537   -61
   538   -60
   539   -61
   540   -60
   541   -62
   542   -60
   543   -62
   544   -60
   545   -61
   546   -60
   547   -61
   548   -60
   549   -61
   550   -60
   551   -61
   552   -61
   553   -61
   554   -61
   555   -60
   556   -61
   557   -60
   558   -61
   559   -60
   560   -61
   561   -60
   562   -62
   563   -60
   564   -62
   565   -60
   566   -61
   567   -60
   568   -61
   569   -60
   570   -61
   571   -61
   572   -61
   573   -61
   574   -61
   575   -61
   576   -60
   577   -61
   578   -60
   579   -61
   580   -60
   581   -61
   582   -61
   583   -61
   584   -61
   585   -61
   586   -61
   587   -61
   588   -61
   589   -60
   590   -61
   591   -60
   592   -61
   593   -60
   594   -61
   595   -61
   596   -61
   597   -61
   598   -61
   599   -61
   600   -61
   601   -61
   602   -61
   603   -61
   604   -60
   605   -61
   606   -60
   607   -61
   608   -60
   609   -62
   610   -60
   611   -62
   612   -60
   613   -62
   614   -60
   615   -61
   616   -61
   617   -61
   618   -61
   619   -61
   620   -61
   621   -61
   622   -61
   623   -60
   624   -61
   625   -60
   626   -61
   627   -60
   628   -62
   629   -61
   630   -62
   631   -60
   632   -61
   633   -60
   634   -61
   635   -61
   636   -61
   637   -61
   638   -61
   639   -61
   640   -61
   641   -61
   642   -60
   643   -62
   644   -61
   645   -61
   646   -61
   647   -61
   648   -60
   649   -61
   650   -61
   651   -61
   652   -61
   653   -61
   654   -61
   655   -60
   656   -61
   657   -60
   658   -61
   659   -60
   660   -61
   661   -60
   662   -61
   663   -61
   664   -61
   665   -61
   666   -61
   667   -61
   668   -60
   669   -61
   670   -60
   671   -61
   672   -60
   673   -62
   674   -60
   675   -62
   676   -60
   677   -61
   678   -60
   679   -61
   680   -61
   681   -62
   682   -61
   683   -61
   684   -61
   685   -61
   686   -61
   687   -61
   688   -61
   689   -61
   690   -62
   691   -60
   692   -61
   693   -61
   694   -61
   695   -61
   696   -61
   697   -60
   698   -61
   699   -60
   700   -61
   701   -61
   702   -61
   703   -61
   704   -61
   705   -61
   706   -61
   707   -61
   708   -61
   709   -61
   710   -61
   711   -61
   712   -61
   713   -61
   714   -61
   715   -61
   716   -61
   717   -61
   718   -61
   719   -60
   720   -61
   721   -61
   722   -62
   723   -60
   724   -61
   725   -60
   726   -61
   727   -60
   728   -61
   729   -60
   730   -61
   731   -61
   732   -61
   733   -61
   734   -60
   735   -61
   736   -60
   737   -62
   738   -60
   739   -62
   740   -60
   741   -62
   742   -60
   743   -62
   744   -60
   745   -62
   746   -60
   747   -61
   748   -61
   749   -61
   750   -61
   751   -61
   752   -61
   753   -61
   754   -61
   755   -61
   756   -61
   757   -60
   758   -61
   759   -60
   760   -61
   761   -61
   762   -61
   763   -60
   764   -61
   765   -61
   766   -61
   767   -61
   768   -61
   769   -61
   770   -61
   771   -61
   772   -61
   773   -61
   774   -61
   775   -61
   776   -60
   777   -61
   778   -61
   779   -61
   780   -61
   781   -61
   782   -61
   783   -61
   784   -61
   785   -61
   786   -61
   787   -60
   788   -61
   789   -60
   790   -62
   791   -60
   792   -62
   793   -60
   794   -61
   795   -60
   796   -61
   797   -61
   798   -61
   799   -61
   800   -61
   801   -61
   802   -61
   803   -62
   804   -60
   805   -62
   806   -60
   807   -61
   808   -60
   809   -62
   810   -60
   811   -61
   812   -61
   813   -61
   814   -61
   815   -61
   816   -61
   817   -61
   818   -61
   819   -61
   820   -61
   821   -61
   822   -61
   823   -61
   824   -61
   825   -61
   826   -61
   827   -60
   828   -61
   829   -61
   830   -61
   831   -61
   832   -61
   833   -61
   834   -60
   835   -61
   836   -61
   837   -61
   838   -60
   839   -61
   840   -60
   841   -61
   842   -61
   843   -61
   844   -61
   845   -61
   846   -61
   847   -61
   848   -61
   849   -60
   850   -61
   851   -60
   852   -61
   853   -60
   854   -62
   855   -60
   856   -62
   857   -60
   858   -62
   859   -60
   860   -62
   861   -61
   862   -61
   863   -60
   864   -61
   865   -61
   866   -61
   867   -61
   868   -61
   869   -61
   870   -60
   871   -62
   872   -60
   873   -61
   874   -60
   875   -62
   876   -60
   877   -61
   878   -60
   879   -61
   880   -61
   881   -61
   882   -61
   883   -61
   884   -61
   885   -61
   886   -61
   887   -60
   888   -61
   889   -61
   890   -61
   891   -60
   892   -61
   893   -61
   894   -61
   895   -61
   896   -61
   897   -61
   898   -61
   899   -61
   900   -61
   901   -62
   902   -61
   903   -61
   904   -61
   905   -61
   906   -60
   907   -61
   908   -61
   909   -61
   910   -61
   911   -61
   912   -61
   913   -61
   914   -61
   915   -61
   916   -61
   917   -60
   918   -62
   919   -61
   920   -62
   921   -60
   922   -62
   923   -60
   924   -61
   925   -60
   926   -62
   927   -61
   928   -62
   929   -61
   930   -61
   931   -61
   932   -61
   933   -61
   934   -60
   935   -61
   936   -60
   937   -61
   938   -60
   939   -62
   940   -60
   941   -61
   942   -61
   943   -62
   944   -61
   945   -61
   946   -61
   947   -61
   948   -61
   949   -61
   950   -61
   951   -60
   952   -61
   953   -61
   954   -61
   955   -60
   956   -61
   957   -61
   958   -61
   959   -61
   960   -61
   961   -61
   962   -61
   963   -61
   964   -61
   965   -62
   966   -61
   967   -62
   968   -60
   969   -61
   970   -60
   971   -61
   972   -61
   973   -61
   974   -61
   975   -61
   976   -61
   977   -61
   978   -61
   979   -61
   980   -61
   981   -60
   982   -62
   983   -60
   984   -62
   985   -60
   986   -62
   987   -60
   988   -62
   989   -60
   990   -62
   991   -60
   992   -61
   993   -61
   994   -61
   995   -60
   996   -61
   997   -61
   998   -61
   999   -62
