   0   0
   1   -61
   2   -61
   3   -62
   4   -61
   5   -62
   6   -61
   7   -61
   8   -61
   9   -61
   10   -61
   11   -61
   12   -62
   13   -61
   14   -62
   15   -60
   16   -62
   17   -61
   18   -62
   19   -61
   20   -61
   21   -61
   22   -62
   23   -61
   24   -62
   25   -61
   26   -61
   27   -61
   28   -61
   29   -61
   30   -61
   31   -62
   32   -61
   33   -62
   34   -61
   35   -62
   36   -61
   37   -62
   38   -61
   39   -61
   40   -61
   41   -62
   42   -61
   43   -61
   44   -61
   45   -61
   46   -61
   47   -61
   48   -62
   49   -61
   50   -62
   51   -61
   52   -62
   53   -61
   54   -62
   55   -61
   56   -62
   57   -61
   58   -62
   59   -61
   60   -61
   61   -61
   62   -61
   63   -62
   64   -61
   65   -61
   66   -61
   67   -62
   68   -61
   69   -62
   70   -61
   71   -62
   72   -61
   73   -61
   74   -61
   75   -61
   76   -61
   77   -61
   78   -61
   79   -61
   80   -62
   81   -61
   82   -61
   83   -61
   84   -62
   85   -61
   86   -62
   87   -61
   88   -62
   89   -61
   90   -62
   91   -61
   92   -62
   93   -61
   94   -61
   95   -61
   96   -61
   97   -62
   98   -61
   99   -62
   100   -61
   101   -62
   102   -61
   103   -61
   104   -61
   105   -62
   106   -61
   107   -61
   108   -61
   109   -61
   110   -61
   111   -61
   112   -62
   113   -61
   114   -62
   115   -61
   116   -61
   117   -61
   118   -62
   119   -61
   120   -62
   121   -61
   122   -61
   123   -61
   124   -61
   125   -61
   126   -61
   127   -61
   128   -61
   129   -61
   130   -61
   131   -61
   132   -61
   133   -62
   134   -61
   135   -61
   136   -61
   137   -62
   138   -61
   139   -61
   140   -61
   141   -61
   142   -61
   143   -61
   144   -61
   145   -60
   146   -61
   147   -61
   148   -62
   149   -61
   150   -62
   151   -61
   152   -62
   153   -61
   154   -62
   155   -61
   156   -61
   157   -61
   158   -61
   159   -61
   160   -61
   161   -61
   162   -61
   163   -61
   164   -61
   165   -61
   166   -61
   167   -62
   168   -61
   169   -62
   170   -61
   171   -61
   172   -61
   173   -61
   174   -61
   175   -61
   176   -61
   177   -61
   178   -61
   179   -61
   180   -61
   181   -61
   182   -62
   183   -61
   184   -62
   185   -61
   186   -62
   187   -61
   188   -61
   189   -61
   190   -61
   191   -61
   192   -61
   193   -62
   194   -60
   195   -62
   196   -61
   197   -61
   198   -61
   199   -61
   200   -62
   201   -60
   202   -33
   203   24
   204   56
   205   63
   206   61
   207   58
   208   55
   209   57
   210   57
   211   59
   212   58
   213   60
   214   58
   215   60
   216   59
   217   61
   218   59
   219   60
   220   59
   221   60
   222   60
   223   60
   224   60
   225   60
   226   60
   227   60
   228   60
   229   59
   230   60
   231   60
   232   61
   233   59
   234   60
   235   59
   236   60
   237   59
   238   61
   239   60
   240   60
   241   60
   242   59
   243   59
   244   58
   245   60
   246   59
   247   60
   248   59
   249   59
   250   58
   251   60
   252   59
   253   59
   254   59
   255   59
   256   59
   257   59
   258   59
   259   58
   260   59
   261   58
   262   59
   263   58
   264   59
   265   58
   266   59
   267   58
   268   58
   269   57
   270   58
   271   57
   272   58
   273   58
   274   57
   275   58
   276   57
   277   58
   278   56
   279   58
   280   56
   281   58
   282   56
   283   57
   284   56
   285   57
   286   56
   287   57
   288   56
   289   56
   290   56
   291   56
   292   56
   293   56
   294   56
   295   55
   296   56
   297   55
   298   56
   299   55
   300   56
   301   54
   302   56
   303   55
   304   56
   305   55
   306   55
   307   55
   308   55
   309   55
   310   54
   311   55
   312   54
   313   55
   314   54
   315   55
   316   54
   317   55
   318   54
   319   55
   320   54
   321   54
   322   54
   323   54
   324   54
   325   53
   326   54
   327   53
   328   54
   329   53
   330   54
   331   52
   332   53
   333   52
   334   53
   335   52
   336   53
   337   52
   338   53
   339   52
   340   52
   341   53
   342   52
   343   53
   344   51
   345   52
   346   51
   347   52
   348   51
   349   52
   350   51
   351   52
   352   51
   353   51
   354   51
   355   51
   356   51
   357   51
   358   50
   359   50
   360   51
   361   50
   362   51
   363   50
   364   51
   365   50
   366   50
   367   49
   368   50
   369   50
   370   50
   371   50
   372   50
   373   49
   374   49
   375   49
   376   49
   377   49
   378   48
   379   49
   380   48
   381   48
   382   47
   383   48
   384   46
   385   46
   386   44
   387   43
   388   41
   389   38
   390   36
   391   31
   392   29
   393   23
   394   20
   395   14
   396   9
   397   3
   398   -2
   399   -8
   400   -13
   401   -19
   402   -24
   403   -29
   404   -34
   405   -38
   406   -42
   407   -45
   408   -48
   409   -49
   410   -53
   411   -53
   412   -56
   413   -56
   414   -58
   415   -57
   416   -59
   417   -58
   418   -59
   419   -59
   420   -60
   421   -59
   422   -60
   423   -60
   424   -60
   425   -60
   426   -60
   427   -60
   428   -59
   429   -60
   430   -59
   431   -60
   432   -59
   433   -60
   434   -60
   435   -60
   436   -60
   437   -60
   438   -60
   439   -60
   440   -61
   441   -60
   442   -61
   443   -59
   444   -61
   445   -60
   446   -61
   447   -60
   448   -61
   449   -60
   450   -61
   451   -60
   452   -60
   453   -60
   454   -60
   455   -60
   456   -60
   457   -61
   458   -60
   459   -61
   460   -60
   461   -61
   462   -60
   463   -61
   464   -60
   465   -61
   466   -60
   467   -60
   468   -60
   469   -60
   470   -60
   471   -60
   472   -61
   473   -60
   474   -61
   475   -60
   476   -60
   477   -59
   478   -61
   479   -60
   480   -61
   481   -60
   482   -60
   483   -60
   484   -61
   485   -60
   486   -61
   487   -60
   488   -60
   489   -60
   490   -60
   491   -61
   492   -60
   493   -61
   494   -60
   495   -61
   496   -60
   497   -61
   498   -60
   499   -61
   500   -61
   501   -61
   502   -60
   503   -60
   504   -61
   505   -60
   506   -61
   507   -60
   508   -61
   509   -60
   510   -62
   511   -60
   512   -61
   513   -60
   514   -61
   515   -60
   516   -61
   517   -61
   518   -61
   519   -61
   520   -60
   521   -61
   522   -60
   523   -61
   524   -60
   525   -61
   526   -60
   527   -61
   528   -60
   529   -62
   530   -60
   531   -62
   532   -60
   533   -61
   534   -60
   535   -61
   536   -61
   537   -61
   538   -61
   539   -60
   540   -61
   541   -60
   542   -61
   543   -60
   544   -62
   545   -60
   546   -61
   547   -60
   548   -61
   549   -60
   550   -61
   551   -61
   552   -61
   553   -61
   554   -61
   555   -61
   556   -61
   557   -61
   558   -60
   559   -61
   560   -60
   561   -61
   562   -60
   563   -62
   564   -61
   565   -61
   566   -61
   567   -61
   568   -61
   569   -61
   570   -61
   571   -60
   572   -61
   573   -60
   574   -62
   575   -60
   576   -61
   577   -60
   578   -62
   579   -60
   580   -61
   581   -60
   582   -61
   583   -61
   584   -61
   585   -61
   586   -61
   587   -61
   588   -60
   589   -61
   590   -60
   591   -62
   592   -60
   593   -61
   594   -60
   595   -61
   596   -60
   597   -61
   598   -60
   599   -61
   600   -61
   601   -61
   602   -61
   603   -61
   604   -61
   605   -61
   606   -61
   607   -60
   608   -61
   609   -60
   610   -61
   611   -61
   612   -61
   613   -60
   614   -61
   615   -61
   616   -61
   617   -61
   618   -61
   619   -61
   620   -61
   621   -61
   622   -60
   623   -61
   624   -60
   625   -61
   626   -60
   627   -61
   628   -61
   629   -61
   630   -61
   631   -61
   632   -61
   633   -61
   634   -61
   635   -60
   636   -61
   637   -60
   638   -61
   639   -60
   640   -62
   641   -60
   642   -61
   643   -60
   644   -61
   645   -60
   646   -61
   647   -60
   648   -61
   649   -61
   650   -61
   651   -61
   652   -61
   653   -61
   654   -60
   655   -61
   656   -60
   657   -62
   658   -60
   659   -62
   660   -60
   661   -62
   662   -60
   663   -61
   664   -60
   665   -61
   666   -61
   667   -61
   668   -61
   669   -61
   670   -61
   671   -60
   672   -61
   673   -60
   674   -61
   675   -60
   676   -61
   677   -60
   678   -61
   679   -60
   680   -61
   681   -61
   682   -61
   683   -61
   684   -61
   685   -61
   686   -61
   687   -61
   688   -60
   689   -61
   690   -60
   691   -61
   692   -60
   693   -62
   694   -60
   695   -61
   696   -60
   697   -61
   698   -61
   699   -61
   700   -61
   701   -61
   702   -61
   703   -60
   704   -61
   705   -60
   706   -62
   707   -60
   708   -61
   709   -60
   710   -61
   711   -60
   712   -61
   713   -61
   714   -61
   715   -61
   716   -61
   717   -61
   718   -61
   719   -61
   720   -60
   721   -61
   722   -60
   723   -61
   724   -60
   725   -61
   726   -60
   727   -61
   728   -60
   729   -61
   730   -61
   731   -61
   732   -61
   733   -61
   734   -61
   735   -60
   736   -61
   737   -60
   738   -61
   739   -60
   740   -62
   741   -60
   742   -61
   743   -60
   744   -61
   745   -61
   746   -61
   747   -61
   748   -61
   749   -61
   750   -60
   751   -61
   752   -60
   753   -62
   754   -60
   755   -62
   756   -60
   757   -62
   758   -60
   759   -62
   760   -60
   761   -62
   762   -61
   763   -61
   764   -61
   765   -61
   766   -61
   767   -61
   768   -61
   769   -60
   770   -62
   771   -60
   772   -62
   773   -60
   774   -62
   775   -60
   776   -62
   777   -60
   778   -62
   779   -60
   780   -61
   781   -61
   782   -61
   783   -61
   784   -61
   785   -61
   786   -60
   787   -61
   788   -60
   789   -62
   790   -60
   791   -61
   792   -61
   793   -61
   794   -60
   795   -61
   796   -61
   797   -61
   798   -61
   799   -61
   800   -61
   801   -60
   802   -61
   803   -60
   804   -62
   805   -60
   806   -61
   807   -60
   808   -62
   809   -60
   810   -61
   811   -60
   812   -61
   813   -61
   814   -61
   815   -61
   816   -61
   817   -62
   818   -60
   819   -62
   820   -60
   821   -62
   822   -60
   823   -62
   824   -60
   825   -62
   826   -60
   827   -61
   828   -60
   829   -61
   830   -61
   831   -61
   832   -61
   833   -61
   834   -61
   835   -61
   836   -62
   837   -60
   838   -61
   839   -60
   840   -61
   841   -60
   842   -62
   843   -61
   844   -61
   845   -61
   846   -61
   847   -61
   848   -61
   849   -61
   850   -60
   851   -61
   852   -60
   853   -62
   854   -60
   855   -62
   856   -60
   857   -61
   858   -60
   859   -61
   860   -61
   861   -61
   862   -61
   863   -61
   864   -61
   865   -61
   866   -61
   867   -60
   868   -62
   869   -60
   870   -62
   871   -60
   872   -62
   873   -60
   874   -61
   875   -60
   876   -61
   877   -61
   878   -61
   879   -61
   880   -61
   881   -61
   882   -60
   883   -61
   884   -60
   885   -62
   886   -60
   887   -62
   888   -60
   889   -62
   890   -60
   891   -62
   892   -60
   893   -61
   894   -61
   895   -61
   896   -61
   897   -61
   898   -61
   899   -61
   900   -61
   901   -60
   902   -62
   903   -60
   904   -62
   905   -60
   906   -61
   907   -61
   908   -62
   909   -60
   910   -61
   911   -61
   912   -61
   913   -61
   914   -61
   915   -61
   916   -60
   917   -62
   918   -60
   919   -62
   920   -60
   921   -62
   922   -60
   923   -62
   924   -60
   925   -61
   926   -61
   927   -61
   928   -61
   929   -61
   930   -61
   931   -60
   932   -61
   933   -61
   934   -62
   935   -60
   936   -61
   937   -60
   938   -62
   939   -61
   940   -62
   941   -60
   942   -61
   943   -61
   944   -61
   945   -61
   946   -61
   947   -61
   948   -61
   949   -61
   950   -60
   951   -61
   952   -60
   953   -62
   954   -60
   955   -62
   956   -60
   957   -61
   958   -60
   959   -62
   960   -61
   961   -61
   962   -61
   963   -61
   964   -61
   965   -61
   966   -61
   967   -60
   968   -62
   969   -60
   970   -61
   971   -60
   972   -62
   973   -61
   974   -61
   975   -61
   976   -61
   977   -61
   978   -61
   979   -61
   980   -60
   981   -61
   982   -60
   983   -62
   984   -60
   985   -62
   986   -60
   987   -62
   988   -60
   989   -62
   990   -61
   991   -61
   992   -60
   993   -61
   994   -61
   995   -61
   996   -61
   997   -61
   998   -62
   999   -60
