   0   0
   1   -68
   2   -67
   3   -68
   4   -68
   5   -68
   6   -67
   7   -67
   8   -68
   9   -67
   10   -67
   11   -67
   12   -68
   13   -67
   14   -67
   15   -68
   16   -68
   17   -69
   18   -68
   19   -69
   20   -68
   21   -69
   22   -68
   23   -69
   24   -69
   25   -68
   26   -68
   27   -68
   28   -67
   29   -68
   30   -67
   31   -67
   32   -67
   33   -68
   34   -68
   35   -67
   36   -68
   37   -69
   38   -68
   39   -68
   40   -68
   41   -68
   42   -67
   43   -67
   44   -67
   45   -67
   46   -67
   47   -67
   48   -67
   49   -67
   50   -68
   51   -68
   52   -69
   53   -68
   54   -68
   55   -68
   56   -69
   57   -69
   58   -68
   59   -67
   60   -68
   61   -68
   62   -68
   63   -68
   64   -69
   65   -68
   66   -68
   67   -68
   68   -68
   69   -68
   70   -68
   71   -68
   72   -68
   73   -68
   74   -66
   75   -67
   76   -67
   77   -67
   78   -67
   79   -66
   80   -67
   81   -68
   82   -67
   83   -68
   84   -68
   85   -68
   86   -69
   87   -69
   88   -68
   89   -69
   90   -68
   91   -68
   92   -68
   93   -67
   94   -68
   95   -68
   96   -68
   97   -68
   98   -68
   99   -67
   100   -68
   101   -68
   102   -69
   103   -69
   104   -68
   105   -68
   106   -68
   107   -67
   108   -67
   109   -68
   110   -67
   111   -67
   112   -66
   113   -67
   114   -67
   115   -67
   116   -67
   117   -68
   118   -68
   119   -68
   120   -69
   121   -68
   122   -69
   123   -68
   124   -68
   125   -68
   126   -68
   127   -67
   128   -68
   129   -68
   130   -68
   131   -69
   132   -68
   133   -69
   134   -68
   135   -68
   136   -68
   137   -69
   138   -68
   139   -68
   140   -68
   141   -67
   142   -67
   143   -67
   144   -66
   145   -67
   146   -67
   147   -67
   148   -67
   149   -67
   150   -68
   151   -67
   152   -68
   153   -68
   154   -68
   155   -68
   156   -69
   157   -68
   158   -68
   159   -67
   160   -68
   161   -68
   162   -68
   163   -68
   164   -67
   165   -68
   166   -68
   167   -68
   168   -69
   169   -68
   170   -69
   171   -68
   172   -68
   173   -68
   174   -68
   175   -67
   176   -68
   177   -67
   178   -67
   179   -67
   180   -68
   181   -67
   182   -67
   183   -67
   184   -69
   185   -68
   186   -68
   187   -68
   188   -68
   189   -68
   190   -68
   191   -68
   192   -67
   193   -69
   194   -68
   195   -68
   196   -68
   197   -67
   198   -68
   199   -69
   200   -68
   201   -43
   202   30
   203   -10
   204   -13
   205   -8
   206   -6
   207   -8
   208   -6
   209   -5
   210   -5
   211   -4
   212   -3
   213   -4
   214   -3
   215   -4
   216   -4
   217   -4
   218   -4
   219   -4
   220   -3
   221   -4
   222   -4
   223   -5
   224   -3
   225   -3
   226   -3
   227   -4
   228   -4
   229   -4
   230   -4
   231   -4
   232   -3
   233   -5
   234   -3
   235   -3
   236   -4
   237   -4
   238   -5
   239   -4
   240   -3
   241   -4
   242   -3
   243   -4
   244   -3
   245   -4
   246   -4
   247   -4
   248   -4
   249   -4
   250   -5
   251   -5
   252   -5
   253   -5
   254   -6
   255   -5
   256   -6
   257   -6
   258   -6
   259   -5
   260   -6
   261   -6
   262   -6
   263   -6
   264   -6
   265   -6
   266   -7
   267   -7
   268   -7
   269   -7
   270   -7
   271   -8
   272   -7
   273   -7
   274   -7
   275   -7
   276   -7
   277   -7
   278   -6
   279   -6
   280   -7
   281   -7
   282   -6
   283   -7
   284   -7
   285   -7
   286   -8
   287   -8
   288   -8
   289   -8
   290   -9
   291   -8
   292   -10
   293   -9
   294   -9
   295   -8
   296   -9
   297   -9
   298   -9
   299   -10
   300   -10
   301   -10
   302   -10
   303   -10
   304   -10
   305   -11
   306   -10
   307   -11
   308   -10
   309   -9
   310   -10
   311   -10
   312   -9
   313   -10
   314   -9
   315   -11
   316   -10
   317   -10
   318   -11
   319   -10
   320   -12
   321   -11
   322   -12
   323   -11
   324   -11
   325   -12
   326   -11
   327   -12
   328   -12
   329   -12
   330   -12
   331   -13
   332   -13
   333   -13
   334   -13
   335   -13
   336   -13
   337   -13
   338   -13
   339   -13
   340   -14
   341   -13
   342   -13
   343   -13
   344   -13
   345   -13
   346   -13
   347   -13
   348   -13
   349   -13
   350   -13
   351   -14
   352   -13
   353   -14
   354   -14
   355   -14
   356   -14
   357   -15
   358   -14
   359   -15
   360   -15
   361   -15
   362   -16
   363   -15
   364   -15
   365   -17
   366   -17
   367   -18
   368   -18
   369   -18
   370   -20
   371   -20
   372   -20
   373   -21
   374   -21
   375   -23
   376   -23
   377   -24
   378   -24
   379   -25
   380   -27
   381   -27
   382   -29
   383   -30
   384   -33
   385   -33
   386   -35
   387   -37
   388   -38
   389   -40
   390   -40
   391   -41
   392   -43
   393   -45
   394   -46
   395   -47
   396   -48
   397   -50
   398   -52
   399   -53
   400   -54
   401   -55
   402   -57
   403   -58
   404   -59
   405   -60
   406   -60
   407   -61
   408   -62
   409   -62
   410   -63
   411   -63
   412   -63
   413   -63
   414   -64
   415   -64
   416   -64
   417   -64
   418   -65
   419   -66
   420   -66
   421   -66
   422   -66
   423   -67
   424   -66
   425   -66
   426   -66
   427   -67
   428   -67
   429   -66
   430   -66
   431   -66
   432   -67
   433   -68
   434   -68
   435   -68
   436   -68
   437   -68
   438   -69
   439   -68
   440   -69
   441   -68
   442   -68
   443   -67
   444   -67
   445   -67
   446   -67
   447   -67
   448   -66
   449   -66
   450   -67
   451   -67
   452   -67
   453   -67
   454   -67
   455   -67
   456   -67
   457   -67
   458   -67
   459   -67
   460   -67
   461   -66
   462   -66
   463   -67
   464   -67
   465   -67
   466   -67
   467   -68
   468   -68
   469   -68
   470   -68
   471   -68
   472   -69
   473   -68
   474   -67
   475   -68
   476   -67
   477   -67
   478   -67
   479   -67
   480   -67
   481   -67
   482   -67
   483   -67
   484   -67
   485   -67
   486   -67
   487   -68
   488   -67
   489   -66
   490   -67
   491   -67
   492   -66
   493   -66
   494   -66
   495   -66
   496   -66
   497   -67
   498   -67
   499   -67
   500   -67
   501   -68
   502   -69
   503   -68
   504   -68
   505   -68
   506   -68
   507   -69
   508   -67
   509   -67
   510   -68
   511   -68
   512   -67
   513   -67
   514   -67
   515   -67
   516   -68
   517   -68
   518   -68
   519   -68
   520   -67
   521   -67
   522   -68
   523   -67
   524   -67
   525   -66
   526   -66
   527   -66
   528   -66
   529   -66
   530   -67
   531   -67
   532   -66
   533   -68
   534   -68
   535   -68
   536   -68
   537   -68
   538   -68
   539   -68
   540   -68
   541   -67
   542   -67
   543   -66
   544   -67
   545   -66
   546   -67
   547   -67
   548   -67
   549   -68
   550   -68
   551   -69
   552   -68
   553   -68
   554   -68
   555   -68
   556   -68
   557   -67
   558   -66
   559   -66
   560   -66
   561   -66
   562   -65
   563   -66
   564   -67
   565   -66
   566   -68
   567   -67
   568   -68
   569   -68
   570   -69
   571   -68
   572   -69
   573   -67
   574   -67
   575   -68
   576   -66
   577   -67
   578   -66
   579   -66
   580   -68
   581   -67
   582   -68
   583   -68
   584   -68
   585   -68
   586   -68
   587   -68
   588   -68
   589   -67
   590   -67
   591   -67
   592   -67
   593   -66
   594   -66
   595   -67
   596   -66
   597   -66
   598   -67
   599   -68
   600   -68
   601   -68
   602   -69
   603   -68
   604   -68
   605   -68
   606   -67
   607   -67
   608   -67
   609   -67
   610   -67
   611   -66
   612   -66
   613   -67
   614   -68
   615   -67
   616   -68
   617   -69
   618   -68
   619   -69
   620   -69
   621   -68
   622   -67
   623   -67
   624   -67
   625   -67
   626   -67
   627   -66
   628   -66
   629   -66
   630   -67
   631   -67
   632   -68
   633   -68
   634   -68
   635   -68
   636   -69
   637   -68
   638   -68
   639   -67
   640   -66
   641   -67
   642   -66
   643   -67
   644   -66
   645   -67
   646   -67
   647   -67
   648   -68
   649   -67
   650   -68
   651   -69
   652   -69
   653   -68
   654   -68
   655   -67
   656   -67
   657   -66
   658   -66
   659   -66
   660   -66
   661   -67
   662   -66
   663   -67
   664   -68
   665   -69
   666   -69
   667   -69
   668   -68
   669   -69
   670   -68
   671   -68
   672   -67
   673   -66
   674   -67
   675   -66
   676   -66
   677   -66
   678   -66
   679   -67
   680   -67
   681   -67
   682   -68
   683   -68
   684   -68
   685   -69
   686   -68
   687   -68
   688   -68
   689   -67
   690   -66
   691   -66
   692   -67
   693   -66
   694   -66
   695   -67
   696   -68
   697   -67
   698   -68
   699   -68
   700   -69
   701   -68
   702   -68
   703   -68
   704   -67
   705   -68
   706   -67
   707   -66
   708   -66
   709   -66
   710   -67
   711   -67
   712   -67
   713   -67
   714   -68
   715   -68
   716   -69
   717   -69
   718   -69
   719   -68
   720   -68
   721   -67
   722   -67
   723   -67
   724   -65
   725   -66
   726   -66
   727   -67
   728   -67
   729   -66
   730   -68
   731   -68
   732   -68
   733   -69
   734   -69
   735   -68
   736   -68
   737   -68
   738   -68
   739   -67
   740   -66
   741   -66
   742   -66
   743   -66
   744   -67
   745   -67
   746   -67
   747   -68
   748   -68
   749   -68
   750   -69
   751   -68
   752   -68
   753   -68
   754   -67
   755   -67
   756   -66
   757   -66
   758   -66
   759   -67
   760   -65
   761   -67
   762   -68
   763   -67
   764   -68
   765   -69
   766   -69
   767   -69
   768   -68
   769   -68
   770   -67
   771   -66
   772   -67
   773   -66
   774   -66
   775   -66
   776   -67
   777   -66
   778   -68
   779   -68
   780   -69
   781   -69
   782   -70
   783   -69
   784   -69
   785   -68
   786   -68
   787   -66
   788   -67
   789   -66
   790   -65
   791   -66
   792   -66
   793   -66
   794   -67
   795   -68
   796   -68
   797   -68
   798   -69
   799   -68
   800   -69
   801   -69
   802   -68
   803   -67
   804   -67
   805   -67
   806   -66
   807   -66
   808   -66
   809   -66
   810   -67
   811   -68
   812   -68
   813   -68
   814   -69
   815   -69
   816   -69
   817   -69
   818   -68
   819   -67
   820   -67
   821   -66
   822   -66
   823   -66
   824   -66
   825   -65
   826   -66
   827   -67
   828   -68
   829   -68
   830   -68
   831   -68
   832   -69
   833   -69
   834   -68
   835   -67
   836   -66
   837   -66
   838   -67
   839   -66
   840   -66
   841   -67
   842   -67
   843   -67
   844   -67
   845   -69
   846   -69
   847   -69
   848   -69
   849   -69
   850   -69
   851   -68
   852   -68
   853   -67
   854   -67
   855   -66
   856   -66
   857   -66
   858   -66
   859   -66
   860   -67
   861   -68
   862   -68
   863   -68
   864   -69
   865   -68
   866   -68
   867   -68
   868   -67
   869   -67
   870   -66
   871   -66
   872   -66
   873   -67
   874   -66
   875   -67
   876   -67
   877   -67
   878   -68
   879   -69
   880   -68
   881   -69
   882   -69
   883   -69
   884   -68
   885   -67
   886   -67
   887   -67
   888   -66
   889   -66
   890   -66
   891   -67
   892   -66
   893   -68
   894   -68
   895   -69
   896   -68
   897   -69
   898   -68
   899   -68
   900   -67
   901   -67
   902   -67
   903   -66
   904   -65
   905   -66
   906   -66
   907   -67
   908   -66
   909   -67
   910   -67
   911   -69
   912   -69
   913   -69
   914   -69
   915   -69
   916   -69
   917   -68
   918   -68
   919   -67
   920   -66
   921   -66
   922   -66
   923   -66
   924   -67
   925   -67
   926   -67
   927   -68
   928   -69
   929   -69
   930   -69
   931   -68
   932   -67
   933   -67
   934   -68
   935   -67
   936   -66
   937   -65
   938   -65
   939   -66
   940   -66
   941   -66
   942   -67
   943   -68
   944   -68
   945   -69
   946   -69
   947   -69
   948   -69
   949   -68
   950   -67
   951   -68
   952   -66
   953   -66
   954   -65
   955   -66
   956   -66
   957   -67
   958   -67
   959   -68
   960   -68
   961   -68
   962   -69
   963   -69
   964   -68
   965   -68
   966   -68
   967   -67
   968   -66
   969   -66
   970   -65
   971   -66
   972   -66
   973   -66
   974   -67
   975   -67
   976   -69
   977   -68
   978   -69
   979   -69
   980   -68
   981   -69
   982   -67
   983   -67
   984   -67
   985   -67
   986   -66
   987   -66
   988   -67
   989   -67
   990   -67
   991   -68
   992   -68
   993   -68
   994   -68
   995   -69
   996   -69
   997   -68
   998   -67
   999   -67
