   0   0
   1   -62
   2   -61
   3   -62
   4   -60
   5   -62
   6   -61
   7   -62
   8   -61
   9   -62
   10   -61
   11   -62
   12   -61
   13   -61
   14   -61
   15   -61
   16   -62
   17   -60
   18   -62
   19   -60
   20   -62
   21   -60
   22   -62
   23   -61
   24   -62
   25   -61
   26   -62
   27   -61
   28   -61
   29   -61
   30   -61
   31   -62
   32   -61
   33   -62
   34   -60
   35   -62
   36   -60
   37   -62
   38   -60
   39   -62
   40   -60
   41   -62
   42   -61
   43   -62
   44   -61
   45   -61
   46   -61
   47   -61
   48   -61
   49   -60
   50   -62
   51   -61
   52   -62
   53   -61
   54   -62
   55   -60
   56   -62
   57   -61
   58   -62
   59   -61
   60   -61
   61   -61
   62   -61
   63   -61
   64   -61
   65   -62
   66   -61
   67   -62
   68   -60
   69   -62
   70   -60
   71   -62
   72   -60
   73   -62
   74   -61
   75   -62
   76   -61
   77   -61
   78   -61
   79   -61
   80   -62
   81   -61
   82   -62
   83   -61
   84   -62
   85   -60
   86   -62
   87   -60
   88   -62
   89   -60
   90   -62
   91   -61
   92   -61
   93   -61
   94   -61
   95   -61
   96   -61
   97   -62
   98   -61
   99   -62
   100   -61
   101   -62
   102   -60
   103   -62
   104   -60
   105   -62
   106   -61
   107   -62
   108   -61
   109   -62
   110   -61
   111   -61
   112   -61
   113   -61
   114   -62
   115   -61
   116   -62
   117   -61
   118   -62
   119   -60
   120   -62
   121   -61
   122   -62
   123   -61
   124   -61
   125   -61
   126   -61
   127   -61
   128   -61
   129   -61
   130   -61
   131   -62
   132   -60
   133   -62
   134   -61
   135   -62
   136   -60
   137   -62
   138   -61
   139   -61
   140   -61
   141   -61
   142   -61
   143   -61
   144   -62
   145   -61
   146   -61
   147   -61
   148   -62
   149   -60
   150   -62
   151   -60
   152   -62
   153   -61
   154   -62
   155   -60
   156   -62
   157   -61
   158   -61
   159   -61
   160   -61
   161   -61
   162   -61
   163   -61
   164   -61
   165   -62
   166   -61
   167   -62
   168   -60
   169   -62
   170   -60
   171   -62
   172   -60
   173   -62
   174   -61
   175   -61
   176   -61
   177   -61
   178   -61
   179   -61
   180   -62
   181   -61
   182   -62
   183   -60
   184   -62
   185   -61
   186   -62
   187   -60
   188   -61
   189   -61
   190   -61
   191   -61
   192   -61
   193   -62
   194   -60
   195   -61
   196   -61
   197   -62
   198   -61
   199   -62
   200   -61
   201   -59
   202   -22
   203   25
   204   34
   205   30
   206   26
   207   25
   208   25
   209   28
   210   28
   211   31
   212   29
   213   31
   214   30
   215   33
   216   31
   217   34
   218   32
   219   34
   220   32
   221   34
   222   34
   223   35
   224   34
   225   34
   226   34
   227   35
   228   35
   229   35
   230   36
   231   35
   232   36
   233   34
   234   36
   235   35
   236   36
   237   34
   238   36
   239   36
   240   36
   241   36
   242   35
   243   35
   244   35
   245   36
   246   35
   247   36
   248   35
   249   36
   250   35
   251   36
   252   35
   253   36
   254   35
   255   35
   256   35
   257   35
   258   35
   259   35
   260   36
   261   35
   262   36
   263   34
   264   36
   265   34
   266   36
   267   34
   268   35
   269   34
   270   35
   271   34
   272   35
   273   34
   274   34
   275   34
   276   34
   277   34
   278   33
   279   34
   280   33
   281   35
   282   33
   283   35
   284   33
   285   34
   286   33
   287   34
   288   33
   289   33
   290   33
   291   33
   292   33
   293   33
   294   33
   295   32
   296   33
   297   32
   298   33
   299   32
   300   33
   301   31
   302   33
   303   32
   304   33
   305   32
   306   32
   307   32
   308   32
   309   32
   310   31
   311   32
   312   31
   313   32
   314   31
   315   32
   316   30
   317   32
   318   31
   319   32
   320   31
   321   31
   322   31
   323   30
   324   31
   325   30
   326   31
   327   30
   328   31
   329   29
   330   31
   331   29
   332   31
   333   29
   334   31
   335   29
   336   30
   337   29
   338   30
   339   30
   340   29
   341   29
   342   29
   343   29
   344   28
   345   30
   346   28
   347   30
   348   28
   349   29
   350   28
   351   29
   352   28
   353   29
   354   28
   355   29
   356   28
   357   28
   358   28
   359   27
   360   28
   361   27
   362   28
   363   27
   364   28
   365   27
   366   28
   367   26
   368   27
   369   27
   370   27
   371   27
   372   27
   373   27
   374   26
   375   27
   376   26
   377   27
   378   25
   379   27
   380   25
   381   27
   382   25
   383   27
   384   25
   385   26
   386   26
   387   26
   388   26
   389   25
   390   25
   391   25
   392   26
   393   25
   394   26
   395   24
   396   26
   397   24
   398   26
   399   24
   400   25
   401   24
   402   25
   403   24
   404   25
   405   24
   406   24
   407   24
   408   24
   409   24
   410   23
   411   24
   412   23
   413   24
   414   23
   415   24
   416   23
   417   24
   418   23
   419   24
   420   23
   421   23
   422   22
   423   22
   424   22
   425   21
   426   22
   427   20
   428   21
   429   19
   430   20
   431   18
   432   18
   433   16
   434   16
   435   14
   436   13
   437   12
   438   11
   439   10
   440   8
   441   7
   442   4
   443   3
   444   0
   445   0
   446   -3
   447   -4
   448   -7
   449   -8
   450   -11
   451   -12
   452   -14
   453   -16
   454   -18
   455   -20
   456   -22
   457   -25
   458   -26
   459   -29
   460   -29
   461   -32
   462   -33
   463   -36
   464   -36
   465   -39
   466   -40
   467   -42
   468   -43
   469   -45
   470   -45
   471   -47
   472   -48
   473   -49
   474   -51
   475   -51
   476   -53
   477   -53
   478   -54
   479   -54
   480   -56
   481   -55
   482   -57
   483   -57
   484   -58
   485   -58
   486   -58
   487   -58
   488   -59
   489   -59
   490   -58
   491   -60
   492   -59
   493   -60
   494   -59
   495   -60
   496   -59
   497   -61
   498   -60
   499   -61
   500   -60
   501   -60
   502   -60
   503   -60
   504   -60
   505   -60
   506   -61
   507   -60
   508   -61
   509   -60
   510   -61
   511   -59
   512   -61
   513   -60
   514   -61
   515   -60
   516   -61
   517   -60
   518   -61
   519   -60
   520   -60
   521   -61
   522   -60
   523   -61
   524   -60
   525   -61
   526   -60
   527   -61
   528   -60
   529   -61
   530   -60
   531   -61
   532   -60
   533   -61
   534   -60
   535   -61
   536   -60
   537   -61
   538   -61
   539   -60
   540   -61
   541   -60
   542   -61
   543   -60
   544   -61
   545   -60
   546   -61
   547   -60
   548   -61
   549   -60
   550   -60
   551   -61
   552   -61
   553   -61
   554   -60
   555   -61
   556   -60
   557   -61
   558   -60
   559   -61
   560   -60
   561   -61
   562   -60
   563   -61
   564   -60
   565   -61
   566   -61
   567   -61
   568   -61
   569   -61
   570   -61
   571   -60
   572   -61
   573   -60
   574   -62
   575   -60
   576   -62
   577   -60
   578   -62
   579   -60
   580   -61
   581   -60
   582   -61
   583   -60
   584   -61
   585   -61
   586   -61
   587   -61
   588   -60
   589   -61
   590   -60
   591   -62
   592   -60
   593   -61
   594   -60
   595   -62
   596   -60
   597   -61
   598   -60
   599   -61
   600   -61
   601   -61
   602   -61
   603   -61
   604   -61
   605   -61
   606   -61
   607   -60
   608   -61
   609   -60
   610   -61
   611   -61
   612   -61
   613   -60
   614   -61
   615   -60
   616   -61
   617   -61
   618   -61
   619   -61
   620   -60
   621   -61
   622   -60
   623   -62
   624   -60
   625   -62
   626   -60
   627   -62
   628   -60
   629   -61
   630   -61
   631   -61
   632   -61
   633   -61
   634   -61
   635   -61
   636   -61
   637   -60
   638   -62
   639   -60
   640   -62
   641   -60
   642   -62
   643   -60
   644   -62
   645   -60
   646   -61
   647   -60
   648   -61
   649   -61
   650   -61
   651   -61
   652   -61
   653   -61
   654   -60
   655   -61
   656   -60
   657   -61
   658   -60
   659   -61
   660   -61
   661   -61
   662   -60
   663   -61
   664   -61
   665   -61
   666   -61
   667   -61
   668   -61
   669   -60
   670   -61
   671   -61
   672   -61
   673   -61
   674   -61
   675   -60
   676   -62
   677   -61
   678   -61
   679   -61
   680   -61
   681   -61
   682   -60
   683   -61
   684   -61
   685   -61
   686   -60
   687   -61
   688   -60
   689   -62
   690   -60
   691   -62
   692   -60
   693   -62
   694   -60
   695   -61
   696   -60
   697   -61
   698   -61
   699   -61
   700   -61
   701   -60
   702   -61
   703   -60
   704   -61
   705   -60
   706   -62
   707   -60
   708   -62
   709   -60
   710   -61
   711   -60
   712   -61
   713   -61
   714   -61
   715   -61
   716   -61
   717   -61
   718   -61
   719   -61
   720   -60
   721   -61
   722   -60
   723   -61
   724   -60
   725   -62
   726   -61
   727   -61
   728   -61
   729   -61
   730   -61
   731   -61
   732   -61
   733   -60
   734   -61
   735   -60
   736   -62
   737   -60
   738   -61
   739   -60
   740   -61
   741   -60
   742   -61
   743   -61
   744   -61
   745   -61
   746   -61
   747   -61
   748   -60
   749   -61
   750   -60
   751   -62
   752   -60
   753   -62
   754   -60
   755   -62
   756   -60
   757   -62
   758   -60
   759   -61
   760   -60
   761   -61
   762   -61
   763   -61
   764   -61
   765   -61
   766   -62
   767   -60
   768   -61
   769   -60
   770   -62
   771   -60
   772   -62
   773   -60
   774   -61
   775   -60
   776   -62
   777   -61
   778   -61
   779   -61
   780   -61
   781   -61
   782   -60
   783   -61
   784   -60
   785   -62
   786   -60
   787   -61
   788   -60
   789   -61
   790   -60
   791   -61
   792   -61
   793   -61
   794   -61
   795   -61
   796   -61
   797   -61
   798   -62
   799   -60
   800   -62
   801   -60
   802   -61
   803   -60
   804   -62
   805   -60
   806   -62
   807   -60
   808   -61
   809   -60
   810   -61
   811   -61
   812   -61
   813   -61
   814   -60
   815   -61
   816   -61
   817   -62
   818   -60
   819   -62
   820   -60
   821   -62
   822   -60
   823   -62
   824   -60
   825   -62
   826   -61
   827   -61
   828   -61
   829   -61
   830   -61
   831   -61
   832   -61
   833   -60
   834   -61
   835   -60
   836   -62
   837   -60
   838   -61
   839   -60
   840   -61
   841   -60
   842   -61
   843   -61
   844   -61
   845   -61
   846   -61
   847   -61
   848   -61
   849   -61
   850   -60
   851   -62
   852   -60
   853   -61
   854   -60
   855   -61
   856   -60
   857   -61
   858   -61
   859   -61
   860   -61
   861   -61
   862   -62
   863   -61
   864   -61
   865   -60
   866   -62
   867   -60
   868   -62
   869   -60
   870   -62
   871   -60
   872   -61
   873   -60
   874   -61
   875   -61
   876   -61
   877   -61
   878   -61
   879   -61
   880   -61
   881   -62
   882   -60
   883   -61
   884   -60
   885   -61
   886   -60
   887   -62
   888   -60
   889   -62
   890   -60
   891   -61
   892   -61
   893   -61
   894   -61
   895   -61
   896   -61
   897   -61
   898   -61
   899   -60
   900   -61
   901   -60
   902   -62
   903   -60
   904   -62
   905   -60
   906   -61
   907   -61
   908   -61
   909   -61
   910   -61
   911   -61
   912   -61
   913   -62
   914   -60
   915   -61
   916   -60
   917   -62
   918   -60
   919   -61
   920   -60
   921   -62
   922   -60
   923   -61
   924   -61
   925   -61
   926   -61
   927   -61
   928   -61
   929   -60
   930   -61
   931   -60
   932   -62
   933   -60
   934   -62
   935   -60
   936   -62
   937   -60
   938   -62
   939   -60
   940   -62
   941   -61
   942   -61
   943   -61
   944   -61
   945   -61
   946   -60
   947   -61
   948   -60
   949   -62
   950   -60
   951   -62
   952   -60
   953   -61
   954   -61
   955   -61
   956   -60
   957   -61
   958   -61
   959   -61
   960   -61
   961   -61
   962   -61
   963   -60
   964   -61
   965   -60
   966   -62
   967   -61
   968   -62
   969   -60
   970   -61
   971   -61
   972   -61
   973   -61
   974   -61
   975   -61
   976   -60
   977   -61
   978   -60
   979   -61
   980   -60
   981   -62
   982   -60
   983   -62
   984   -60
   985   -62
   986   -60
   987   -61
   988   -61
   989   -61
   990   -61
   991   -61
   992   -61
   993   -61
   994   -62
   995   -60
   996   -61
   997   -60
   998   -62
   999   -60
