   0   0
   1   -67
   2   -67
   3   -67
   4   -67
   5   -67
   6   -67
   7   -68
   8   -68
   9   -67
   10   -68
   11   -68
   12   -69
   13   -69
   14   -68
   15   -68
   16   -69
   17   -68
   18   -68
   19   -68
   20   -68
   21   -68
   22   -68
   23   -68
   24   -68
   25   -68
   26   -68
   27   -69
   28   -69
   29   -68
   30   -68
   31   -68
   32   -67
   33   -67
   34   -67
   35   -67
   36   -67
   37   -67
   38   -67
   39   -67
   40   -68
   41   -68
   42   -68
   43   -69
   44   -68
   45   -69
   46   -69
   47   -68
   48   -68
   49   -68
   50   -68
   51   -68
   52   -67
   53   -68
   54   -68
   55   -67
   56   -67
   57   -68
   58   -68
   59   -68
   60   -69
   61   -69
   62   -69
   63   -68
   64   -68
   65   -68
   66   -68
   67   -67
   68   -67
   69   -67
   70   -67
   71   -67
   72   -67
   73   -67
   74   -68
   75   -68
   76   -68
   77   -68
   78   -68
   79   -69
   80   -68
   81   -68
   82   -68
   83   -68
   84   -68
   85   -67
   86   -67
   87   -68
   88   -68
   89   -68
   90   -68
   91   -68
   92   -68
   93   -68
   94   -69
   95   -69
   96   -68
   97   -68
   98   -68
   99   -68
   100   -67
   101   -67
   102   -67
   103   -67
   104   -67
   105   -67
   106   -67
   107   -68
   108   -68
   109   -68
   110   -68
   111   -68
   112   -68
   113   -68
   114   -68
   115   -68
   116   -67
   117   -68
   118   -67
   119   -68
   120   -68
   121   -67
   122   -68
   123   -68
   124   -69
   125   -68
   126   -68
   127   -69
   128   -68
   129   -68
   130   -68
   131   -68
   132   -68
   133   -68
   134   -68
   135   -67
   136   -68
   137   -67
   138   -68
   139   -68
   140   -68
   141   -68
   142   -68
   143   -68
   144   -69
   145   -68
   146   -68
   147   -68
   148   -68
   149   -67
   150   -68
   151   -67
   152   -67
   153   -67
   154   -68
   155   -68
   156   -68
   157   -68
   158   -69
   159   -69
   160   -68
   161   -69
   162   -68
   163   -68
   164   -68
   165   -68
   166   -67
   167   -67
   168   -67
   169   -68
   170   -67
   171   -68
   172   -68
   173   -68
   174   -68
   175   -68
   176   -68
   177   -68
   178   -68
   179   -68
   180   -68
   181   -68
   182   -68
   183   -67
   184   -67
   185   -67
   186   -68
   187   -68
   188   -68
   189   -68
   190   -68
   191   -68
   192   -68
   193   -68
   194   -68
   195   -68
   196   -68
   197   -68
   198   -67
   199   -68
   200   -68
   201   -41
   202   14
   203   -39
   204   -41
   205   -35
   206   -34
   207   -35
   208   -34
   209   -34
   210   -34
   211   -35
   212   -32
   213   -34
   214   -33
   215   -33
   216   -33
   217   -34
   218   -33
   219   -33
   220   -32
   221   -33
   222   -34
   223   -33
   224   -33
   225   -34
   226   -33
   227   -33
   228   -34
   229   -34
   230   -33
   231   -33
   232   -33
   233   -32
   234   -33
   235   -33
   236   -33
   237   -33
   238   -33
   239   -34
   240   -34
   241   -34
   242   -34
   243   -33
   244   -34
   245   -34
   246   -34
   247   -34
   248   -33
   249   -33
   250   -34
   251   -33
   252   -34
   253   -34
   254   -34
   255   -34
   256   -35
   257   -35
   258   -35
   259   -35
   260   -35
   261   -35
   262   -35
   263   -34
   264   -34
   265   -34
   266   -34
   267   -34
   268   -35
   269   -35
   270   -35
   271   -35
   272   -35
   273   -35
   274   -35
   275   -35
   276   -36
   277   -35
   278   -36
   279   -35
   280   -35
   281   -35
   282   -35
   283   -35
   284   -36
   285   -36
   286   -36
   287   -36
   288   -37
   289   -36
   290   -37
   291   -36
   292   -37
   293   -36
   294   -36
   295   -36
   296   -35
   297   -36
   298   -36
   299   -36
   300   -36
   301   -36
   302   -36
   303   -37
   304   -37
   305   -37
   306   -37
   307   -37
   308   -37
   309   -37
   310   -37
   311   -37
   312   -37
   313   -37
   314   -37
   315   -37
   316   -36
   317   -37
   318   -38
   319   -38
   320   -38
   321   -38
   322   -38
   323   -38
   324   -38
   325   -38
   326   -38
   327   -38
   328   -38
   329   -38
   330   -38
   331   -38
   332   -38
   333   -38
   334   -38
   335   -39
   336   -39
   337   -39
   338   -39
   339   -39
   340   -39
   341   -39
   342   -39
   343   -38
   344   -39
   345   -39
   346   -39
   347   -39
   348   -39
   349   -39
   350   -39
   351   -40
   352   -40
   353   -40
   354   -40
   355   -40
   356   -40
   357   -40
   358   -40
   359   -40
   360   -39
   361   -40
   362   -39
   363   -40
   364   -40
   365   -40
   366   -40
   367   -41
   368   -40
   369   -41
   370   -41
   371   -40
   372   -41
   373   -40
   374   -40
   375   -41
   376   -40
   377   -40
   378   -40
   379   -41
   380   -41
   381   -40
   382   -41
   383   -40
   384   -42
   385   -41
   386   -42
   387   -42
   388   -42
   389   -41
   390   -42
   391   -42
   392   -42
   393   -42
   394   -42
   395   -42
   396   -42
   397   -42
   398   -42
   399   -42
   400   -42
   401   -42
   402   -43
   403   -43
   404   -43
   405   -42
   406   -42
   407   -42
   408   -42
   409   -42
   410   -42
   411   -42
   412   -42
   413   -42
   414   -42
   415   -42
   416   -43
   417   -43
   418   -43
   419   -43
   420   -43
   421   -44
   422   -43
   423   -44
   424   -43
   425   -44
   426   -43
   427   -44
   428   -44
   429   -43
   430   -44
   431   -44
   432   -44
   433   -45
   434   -45
   435   -45
   436   -46
   437   -46
   438   -46
   439   -46
   440   -45
   441   -46
   442   -46
   443   -46
   444   -46
   445   -47
   446   -47
   447   -47
   448   -47
   449   -49
   450   -48
   451   -49
   452   -50
   453   -50
   454   -50
   455   -51
   456   -51
   457   -51
   458   -52
   459   -52
   460   -52
   461   -53
   462   -53
   463   -54
   464   -55
   465   -55
   466   -56
   467   -56
   468   -57
   469   -57
   470   -58
   471   -57
   472   -58
   473   -58
   474   -58
   475   -58
   476   -58
   477   -59
   478   -60
   479   -60
   480   -60
   481   -61
   482   -62
   483   -62
   484   -63
   485   -63
   486   -63
   487   -63
   488   -63
   489   -64
   490   -64
   491   -64
   492   -64
   493   -64
   494   -65
   495   -65
   496   -65
   497   -65
   498   -66
   499   -66
   500   -67
   501   -67
   502   -67
   503   -67
   504   -67
   505   -67
   506   -66
   507   -67
   508   -67
   509   -66
   510   -66
   511   -67
   512   -67
   513   -67
   514   -67
   515   -67
   516   -68
   517   -67
   518   -67
   519   -67
   520   -67
   521   -67
   522   -67
   523   -67
   524   -66
   525   -67
   526   -67
   527   -67
   528   -67
   529   -67
   530   -68
   531   -68
   532   -69
   533   -69
   534   -68
   535   -68
   536   -68
   537   -68
   538   -67
   539   -67
   540   -67
   541   -67
   542   -67
   543   -68
   544   -67
   545   -67
   546   -68
   547   -68
   548   -68
   549   -68
   550   -69
   551   -68
   552   -68
   553   -68
   554   -67
   555   -67
   556   -67
   557   -67
   558   -66
   559   -67
   560   -67
   561   -67
   562   -67
   563   -68
   564   -68
   565   -69
   566   -68
   567   -68
   568   -68
   569   -68
   570   -68
   571   -68
   572   -68
   573   -68
   574   -67
   575   -67
   576   -67
   577   -67
   578   -67
   579   -68
   580   -68
   581   -68
   582   -68
   583   -68
   584   -67
   585   -68
   586   -67
   587   -67
   588   -67
   589   -67
   590   -67
   591   -66
   592   -67
   593   -67
   594   -68
   595   -67
   596   -67
   597   -68
   598   -68
   599   -68
   600   -68
   601   -68
   602   -69
   603   -67
   604   -68
   605   -67
   606   -67
   607   -67
   608   -68
   609   -67
   610   -67
   611   -67
   612   -67
   613   -68
   614   -68
   615   -68
   616   -68
   617   -68
   618   -68
   619   -68
   620   -67
   621   -67
   622   -68
   623   -67
   624   -67
   625   -67
   626   -68
   627   -67
   628   -68
   629   -68
   630   -68
   631   -68
   632   -68
   633   -68
   634   -68
   635   -69
   636   -68
   637   -68
   638   -67
   639   -67
   640   -67
   641   -67
   642   -68
   643   -67
   644   -68
   645   -68
   646   -68
   647   -68
   648   -68
   649   -69
   650   -69
   651   -68
   652   -68
   653   -67
   654   -67
   655   -67
   656   -66
   657   -67
   658   -67
   659   -67
   660   -68
   661   -68
   662   -68
   663   -68
   664   -68
   665   -68
   666   -69
   667   -68
   668   -68
   669   -68
   670   -67
   671   -67
   672   -67
   673   -67
   674   -67
   675   -67
   676   -67
   677   -67
   678   -67
   679   -68
   680   -68
   681   -69
   682   -68
   683   -69
   684   -68
   685   -68
   686   -67
   687   -67
   688   -67
   689   -67
   690   -66
   691   -67
   692   -67
   693   -67
   694   -68
   695   -68
   696   -68
   697   -68
   698   -68
   699   -69
   700   -68
   701   -68
   702   -68
   703   -68
   704   -67
   705   -67
   706   -67
   707   -67
   708   -67
   709   -67
   710   -67
   711   -68
   712   -68
   713   -68
   714   -68
   715   -68
   716   -68
   717   -68
   718   -68
   719   -68
   720   -67
   721   -67
   722   -67
   723   -66
   724   -67
   725   -67
   726   -67
   727   -68
   728   -68
   729   -68
   730   -68
   731   -68
   732   -68
   733   -68
   734   -68
   735   -68
   736   -67
   737   -67
   738   -67
   739   -67
   740   -67
   741   -67
   742   -68
   743   -68
   744   -68
   745   -68
   746   -69
   747   -68
   748   -69
   749   -69
   750   -68
   751   -68
   752   -67
   753   -67
   754   -67
   755   -67
   756   -67
   757   -67
   758   -67
   759   -67
   760   -68
   761   -68
   762   -68
   763   -68
   764   -68
   765   -68
   766   -68
   767   -67
   768   -68
   769   -67
   770   -67
   771   -67
   772   -67
   773   -67
   774   -67
   775   -67
   776   -68
   777   -68
   778   -68
   779   -69
   780   -69
   781   -69
   782   -68
   783   -68
   784   -68
   785   -66
   786   -67
   787   -67
   788   -66
   789   -67
   790   -67
   791   -67
   792   -68
   793   -68
   794   -68
   795   -68
   796   -69
   797   -68
   798   -69
   799   -68
   800   -68
   801   -67
   802   -67
   803   -67
   804   -67
   805   -67
   806   -66
   807   -67
   808   -67
   809   -68
   810   -68
   811   -68
   812   -69
   813   -69
   814   -69
   815   -69
   816   -68
   817   -68
   818   -68
   819   -67
   820   -67
   821   -67
   822   -67
   823   -67
   824   -67
   825   -67
   826   -68
   827   -68
   828   -68
   829   -68
   830   -68
   831   -69
   832   -68
   833   -69
   834   -67
   835   -67
   836   -68
   837   -67
   838   -67
   839   -67
   840   -67
   841   -67
   842   -68
   843   -68
   844   -68
   845   -69
   846   -68
   847   -69
   848   -68
   849   -68
   850   -67
   851   -68
   852   -67
   853   -67
   854   -67
   855   -67
   856   -67
   857   -67
   858   -68
   859   -68
   860   -68
   861   -69
   862   -69
   863   -69
   864   -69
   865   -69
   866   -68
   867   -68
   868   -67
   869   -67
   870   -67
   871   -67
   872   -67
   873   -67
   874   -68
   875   -67
   876   -68
   877   -68
   878   -68
   879   -69
   880   -68
   881   -69
   882   -68
   883   -68
   884   -68
   885   -67
   886   -67
   887   -67
   888   -67
   889   -67
   890   -67
   891   -68
   892   -67
   893   -68
   894   -68
   895   -68
   896   -69
   897   -68
   898   -68
   899   -68
   900   -68
   901   -67
   902   -67
   903   -67
   904   -67
   905   -67
   906   -67
   907   -67
   908   -68
   909   -68
   910   -68
   911   -68
   912   -69
   913   -69
   914   -68
   915   -68
   916   -68
   917   -67
   918   -67
   919   -67
   920   -67
   921   -67
   922   -67
   923   -67
   924   -67
   925   -68
   926   -68
   927   -68
   928   -68
   929   -68
   930   -68
   931   -68
   932   -68
   933   -67
   934   -67
   935   -67
   936   -67
   937   -67
   938   -66
   939   -67
   940   -67
   941   -68
   942   -68
   943   -68
   944   -68
   945   -69
   946   -69
   947   -68
   948   -68
   949   -68
   950   -67
   951   -67
   952   -67
   953   -67
   954   -67
   955   -67
   956   -67
   957   -67
   958   -68
   959   -68
   960   -68
   961   -68
   962   -69
   963   -68
   964   -68
   965   -68
   966   -67
   967   -67
   968   -67
   969   -67
   970   -67
   971   -67
   972   -68
   973   -68
   974   -68
   975   -68
   976   -68
   977   -68
   978   -69
   979   -69
   980   -68
   981   -68
   982   -68
   983   -67
   984   -67
   985   -67
   986   -67
   987   -67
   988   -67
   989   -67
   990   -68
   991   -68
   992   -68
   993   -68
   994   -69
   995   -68
   996   -68
   997   -69
   998   -68
   999   -68
