   0   0
   1   -62
   2   -61
   3   -61
   4   -61
   5   -61
   6   -61
   7   -61
   8   -61
   9   -60
   10   -62
   11   -60
   12   -62
   13   -61
   14   -62
   15   -61
   16   -62
   17   -61
   18   -61
   19   -61
   20   -61
   21   -61
   22   -61
   23   -62
   24   -61
   25   -62
   26   -61
   27   -62
   28   -61
   29   -61
   30   -60
   31   -62
   32   -61
   33   -61
   34   -61
   35   -61
   36   -61
   37   -61
   38   -61
   39   -61
   40   -62
   41   -60
   42   -62
   43   -60
   44   -62
   45   -61
   46   -62
   47   -61
   48   -61
   49   -61
   50   -61
   51   -61
   52   -61
   53   -61
   54   -61
   55   -61
   56   -60
   57   -62
   58   -60
   59   -62
   60   -60
   61   -62
   62   -60
   63   -62
   64   -60
   65   -62
   66   -61
   67   -61
   68   -61
   69   -61
   70   -61
   71   -61
   72   -62
   73   -61
   74   -62
   75   -60
   76   -62
   77   -60
   78   -62
   79   -61
   80   -62
   81   -60
   82   -61
   83   -61
   84   -62
   85   -61
   86   -61
   87   -61
   88   -61
   89   -61
   90   -61
   91   -62
   92   -60
   93   -62
   94   -60
   95   -62
   96   -60
   97   -62
   98   -60
   99   -61
   100   -61
   101   -61
   102   -61
   103   -61
   104   -61
   105   -61
   106   -61
   107   -61
   108   -62
   109   -61
   110   -62
   111   -60
   112   -62
   113   -60
   114   -61
   115   -61
   116   -61
   117   -61
   118   -61
   119   -61
   120   -61
   121   -62
   122   -61
   123   -62
   124   -60
   125   -62
   126   -60
   127   -62
   128   -60
   129   -62
   130   -60
   131   -62
   132   -61
   133   -61
   134   -61
   135   -61
   136   -61
   137   -61
   138   -62
   139   -60
   140   -62
   141   -60
   142   -62
   143   -60
   144   -62
   145   -60
   146   -62
   147   -61
   148   -62
   149   -61
   150   -61
   151   -61
   152   -61
   153   -61
   154   -61
   155   -61
   156   -61
   157   -62
   158   -60
   159   -62
   160   -60
   161   -62
   162   -60
   163   -62
   164   -61
   165   -61
   166   -61
   167   -61
   168   -61
   169   -61
   170   -62
   171   -60
   172   -62
   173   -61
   174   -62
   175   -60
   176   -62
   177   -61
   178   -62
   179   -60
   180   -62
   181   -60
   182   -61
   183   -61
   184   -61
   185   -61
   186   -61
   187   -61
   188   -60
   189   -61
   190   -61
   191   -62
   192   -60
   193   -63
   194   -59
   195   -61
   196   -60
   197   -62
   198   -61
   199   -61
   200   -62
   201   -56
   202   11
   203   106
   204   91
   205   47
   206   7
   207   0
   208   -4
   209   4
   210   1
   211   6
   212   1
   213   3
   214   -1
   215   1
   216   0
   217   1
   218   0
   219   0
   220   0
   221   -1
   222   0
   223   0
   224   0
   225   -1
   226   0
   227   -1
   228   0
   229   -1
   230   0
   231   -1
   232   -1
   233   0
   234   0
   235   0
   236   -1
   237   0
   238   -1
   239   1
   240   -1
   241   1
   242   -1
   243   0
   244   -2
   245   0
   246   0
   247   1
   248   0
   249   0
   250   0
   251   0
   252   1
   253   0
   254   1
   255   -1
   256   1
   257   -1
   258   1
   259   -1
   260   1
   261   -1
   262   1
   263   0
   264   1
   265   0
   266   0
   267   0
   268   0
   269   0
   270   0
   271   1
   272   0
   273   1
   274   0
   275   1
   276   0
   277   0
   278   -1
   279   0
   280   0
   281   0
   282   1
   283   0
   284   1
   285   0
   286   1
   287   -1
   288   1
   289   -1
   290   1
   291   -1
   292   1
   293   0
   294   1
   295   0
   296   1
   297   0
   298   0
   299   1
   300   0
   301   1
   302   0
   303   2
   304   0
   305   2
   306   -1
   307   1
   308   -1
   309   1
   310   0
   311   1
   312   0
   313   1
   314   0
   315   0
   316   1
   317   0
   318   1
   319   0
   320   1
   321   -1
   322   1
   323   0
   324   1
   325   0
   326   1
   327   0
   328   1
   329   1
   330   0
   331   0
   332   0
   333   1
   334   0
   335   1
   336   0
   337   1
   338   -1
   339   1
   340   0
   341   1
   342   0
   343   1
   344   0
   345   1
   346   0
   347   0
   348   0
   349   -1
   350   1
   351   -1
   352   1
   353   -1
   354   1
   355   -1
   356   1
   357   -1
   358   1
   359   -1
   360   0
   361   -1
   362   -1
   363   -1
   364   -1
   365   -1
   366   -2
   367   -1
   368   -2
   369   -1
   370   -3
   371   -1
   372   -4
   373   -1
   374   -4
   375   -2
   376   -4
   377   -3
   378   -4
   379   -4
   380   -4
   381   -5
   382   -5
   383   -6
   384   -5
   385   -7
   386   -6
   387   -8
   388   -7
   389   -9
   390   -8
   391   -10
   392   -9
   393   -10
   394   -10
   395   -11
   396   -12
   397   -12
   398   -13
   399   -13
   400   -15
   401   -14
   402   -16
   403   -15
   404   -18
   405   -17
   406   -19
   407   -18
   408   -20
   409   -19
   410   -21
   411   -21
   412   -22
   413   -23
   414   -23
   415   -25
   416   -24
   417   -27
   418   -26
   419   -29
   420   -27
   421   -30
   422   -29
   423   -31
   424   -30
   425   -33
   426   -32
   427   -34
   428   -34
   429   -35
   430   -36
   431   -36
   432   -37
   433   -37
   434   -39
   435   -38
   436   -41
   437   -39
   438   -42
   439   -41
   440   -43
   441   -42
   442   -44
   443   -43
   444   -45
   445   -45
   446   -46
   447   -46
   448   -46
   449   -48
   450   -47
   451   -49
   452   -48
   453   -50
   454   -49
   455   -51
   456   -50
   457   -52
   458   -51
   459   -52
   460   -52
   461   -53
   462   -53
   463   -53
   464   -54
   465   -53
   466   -55
   467   -54
   468   -56
   469   -54
   470   -56
   471   -55
   472   -57
   473   -55
   474   -57
   475   -56
   476   -57
   477   -57
   478   -57
   479   -58
   480   -57
   481   -58
   482   -57
   483   -59
   484   -57
   485   -59
   486   -57
   487   -59
   488   -57
   489   -60
   490   -58
   491   -60
   492   -58
   493   -60
   494   -59
   495   -59
   496   -59
   497   -59
   498   -60
   499   -59
   500   -60
   501   -59
   502   -61
   503   -59
   504   -60
   505   -59
   506   -61
   507   -60
   508   -61
   509   -60
   510   -60
   511   -60
   512   -60
   513   -60
   514   -60
   515   -61
   516   -60
   517   -61
   518   -60
   519   -61
   520   -60
   521   -61
   522   -60
   523   -61
   524   -60
   525   -61
   526   -61
   527   -61
   528   -61
   529   -60
   530   -61
   531   -59
   532   -61
   533   -60
   534   -62
   535   -60
   536   -62
   537   -59
   538   -61
   539   -60
   540   -61
   541   -61
   542   -61
   543   -61
   544   -60
   545   -61
   546   -60
   547   -61
   548   -60
   549   -62
   550   -60
   551   -62
   552   -60
   553   -62
   554   -60
   555   -61
   556   -60
   557   -61
   558   -60
   559   -61
   560   -60
   561   -60
   562   -61
   563   -60
   564   -61
   565   -60
   566   -62
   567   -60
   568   -62
   569   -60
   570   -62
   571   -60
   572   -62
   573   -60
   574   -61
   575   -61
   576   -61
   577   -61
   578   -60
   579   -61
   580   -60
   581   -62
   582   -60
   583   -62
   584   -60
   585   -61
   586   -60
   587   -62
   588   -60
   589   -61
   590   -60
   591   -61
   592   -61
   593   -61
   594   -61
   595   -60
   596   -62
   597   -60
   598   -62
   599   -59
   600   -62
   601   -59
   602   -62
   603   -60
   604   -62
   605   -60
   606   -62
   607   -60
   608   -61
   609   -61
   610   -60
   611   -61
   612   -60
   613   -62
   614   -60
   615   -62
   616   -60
   617   -62
   618   -60
   619   -61
   620   -60
   621   -61
   622   -60
   623   -61
   624   -61
   625   -61
   626   -61
   627   -60
   628   -61
   629   -60
   630   -62
   631   -60
   632   -62
   633   -60
   634   -62
   635   -59
   636   -62
   637   -60
   638   -61
   639   -61
   640   -61
   641   -61
   642   -60
   643   -61
   644   -60
   645   -62
   646   -60
   647   -62
   648   -60
   649   -62
   650   -60
   651   -62
   652   -60
   653   -61
   654   -60
   655   -61
   656   -60
   657   -61
   658   -61
   659   -61
   660   -62
   661   -60
   662   -61
   663   -60
   664   -62
   665   -60
   666   -62
   667   -60
   668   -62
   669   -60
   670   -62
   671   -60
   672   -61
   673   -60
   674   -61
   675   -61
   676   -60
   677   -62
   678   -61
   679   -62
   680   -60
   681   -62
   682   -60
   683   -62
   684   -60
   685   -62
   686   -60
   687   -62
   688   -60
   689   -61
   690   -61
   691   -61
   692   -61
   693   -60
   694   -61
   695   -60
   696   -62
   697   -60
   698   -62
   699   -60
   700   -62
   701   -60
   702   -62
   703   -60
   704   -61
   705   -61
   706   -61
   707   -61
   708   -60
   709   -61
   710   -60
   711   -61
   712   -60
   713   -62
   714   -60
   715   -62
   716   -60
   717   -62
   718   -60
   719   -62
   720   -60
   721   -62
   722   -60
   723   -61
   724   -61
   725   -61
   726   -61
   727   -60
   728   -62
   729   -60
   730   -62
   731   -60
   732   -62
   733   -60
   734   -62
   735   -60
   736   -62
   737   -60
   738   -61
   739   -61
   740   -61
   741   -61
   742   -60
   743   -61
   744   -60
   745   -62
   746   -60
   747   -62
   748   -60
   749   -62
   750   -60
   751   -61
   752   -60
   753   -61
   754   -61
   755   -61
   756   -61
   757   -61
   758   -62
   759   -60
   760   -61
   761   -60
   762   -62
   763   -60
   764   -62
   765   -60
   766   -62
   767   -60
   768   -62
   769   -61
   770   -61
   771   -61
   772   -61
   773   -61
   774   -60
   775   -62
   776   -60
   777   -62
   778   -60
   779   -62
   780   -60
   781   -62
   782   -60
   783   -62
   784   -60
   785   -62
   786   -60
   787   -61
   788   -61
   789   -61
   790   -61
   791   -60
   792   -62
   793   -60
   794   -62
   795   -60
   796   -62
   797   -60
   798   -61
   799   -60
   800   -62
   801   -60
   802   -61
   803   -61
   804   -61
   805   -61
   806   -60
   807   -61
   808   -60
   809   -62
   810   -60
   811   -62
   812   -60
   813   -62
   814   -60
   815   -62
   816   -60
   817   -62
   818   -60
   819   -61
   820   -60
   821   -61
   822   -61
   823   -61
   824   -62
   825   -60
   826   -62
   827   -60
   828   -62
   829   -59
   830   -62
   831   -60
   832   -62
   833   -60
   834   -62
   835   -60
   836   -61
   837   -61
   838   -61
   839   -61
   840   -61
   841   -62
   842   -60
   843   -62
   844   -60
   845   -62
   846   -60
   847   -62
   848   -60
   849   -62
   850   -60
   851   -62
   852   -60
   853   -61
   854   -61
   855   -61
   856   -61
   857   -60
   858   -62
   859   -60
   860   -62
   861   -60
   862   -62
   863   -60
   864   -62
   865   -60
   866   -62
   867   -60
   868   -62
   869   -61
   870   -61
   871   -61
   872   -60
   873   -62
   874   -60
   875   -62
   876   -60
   877   -62
   878   -60
   879   -62
   880   -60
   881   -62
   882   -60
   883   -61
   884   -60
   885   -61
   886   -61
   887   -61
   888   -61
   889   -61
   890   -62
   891   -60
   892   -62
   893   -60
   894   -62
   895   -60
   896   -62
   897   -60
   898   -62
   899   -60
   900   -62
   901   -60
   902   -62
   903   -61
   904   -61
   905   -61
   906   -60
   907   -62
   908   -60
   909   -62
   910   -60
   911   -62
   912   -60
   913   -62
   914   -60
   915   -62
   916   -60
   917   -61
   918   -61
   919   -61
   920   -61
   921   -60
   922   -61
   923   -60
   924   -62
   925   -60
   926   -62
   927   -60
   928   -62
   929   -60
   930   -62
   931   -60
   932   -62
   933   -60
   934   -61
   935   -61
   936   -61
   937   -61
   938   -60
   939   -62
   940   -60
   941   -62
   942   -60
   943   -62
   944   -59
   945   -62
   946   -60
   947   -62
   948   -60
   949   -62
   950   -60
   951   -61
   952   -61
   953   -61
   954   -61
   955   -61
   956   -62
   957   -60
   958   -62
   959   -60
   960   -62
   961   -60
   962   -62
   963   -60
   964   -62
   965   -60
   966   -61
   967   -61
   968   -61
   969   -61
   970   -61
   971   -61
   972   -60
   973   -62
   974   -60
   975   -62
   976   -60
   977   -62
   978   -60
   979   -62
   980   -60
   981   -62
   982   -60
   983   -61
   984   -61
   985   -61
   986   -61
   987   -60
   988   -61
   989   -60
   990   -62
   991   -60
   992   -62
   993   -59
   994   -62
   995   -60
   996   -62
   997   -60
   998   -62
   999   -60
