   0   0
   1   -61
   2   -62
   3   -60
   4   -62
   5   -61
   6   -62
   7   -61
   8   -61
   9   -61
   10   -61
   11   -61
   12   -61
   13   -61
   14   -61
   15   -62
   16   -61
   17   -62
   18   -60
   19   -62
   20   -61
   21   -62
   22   -61
   23   -61
   24   -61
   25   -61
   26   -61
   27   -61
   28   -61
   29   -61
   30   -62
   31   -61
   32   -62
   33   -60
   34   -62
   35   -60
   36   -62
   37   -60
   38   -62
   39   -61
   40   -62
   41   -61
   42   -61
   43   -61
   44   -61
   45   -62
   46   -61
   47   -62
   48   -61
   49   -62
   50   -61
   51   -62
   52   -61
   53   -62
   54   -60
   55   -62
   56   -61
   57   -61
   58   -61
   59   -61
   60   -61
   61   -61
   62   -62
   63   -61
   64   -62
   65   -61
   66   -62
   67   -60
   68   -62
   69   -61
   70   -62
   71   -61
   72   -62
   73   -61
   74   -61
   75   -61
   76   -61
   77   -61
   78   -61
   79   -62
   80   -61
   81   -62
   82   -61
   83   -62
   84   -61
   85   -62
   86   -60
   87   -62
   88   -60
   89   -61
   90   -61
   91   -61
   92   -61
   93   -61
   94   -62
   95   -61
   96   -62
   97   -60
   98   -62
   99   -60
   100   -62
   101   -60
   102   -62
   103   -61
   104   -61
   105   -61
   106   -62
   107   -61
   108   -61
   109   -61
   110   -61
   111   -61
   112   -61
   113   -62
   114   -60
   115   -62
   116   -61
   117   -62
   118   -60
   119   -62
   120   -61
   121   -62
   122   -61
   123   -61
   124   -61
   125   -61
   126   -61
   127   -61
   128   -62
   129   -61
   130   -62
   131   -60
   132   -62
   133   -60
   134   -62
   135   -60
   136   -62
   137   -61
   138   -62
   139   -61
   140   -61
   141   -61
   142   -61
   143   -61
   144   -61
   145   -62
   146   -61
   147   -62
   148   -60
   149   -62
   150   -60
   151   -62
   152   -60
   153   -62
   154   -60
   155   -62
   156   -61
   157   -61
   158   -61
   159   -61
   160   -62
   161   -61
   162   -62
   163   -60
   164   -62
   165   -60
   166   -62
   167   -60
   168   -62
   169   -61
   170   -62
   171   -61
   172   -61
   173   -61
   174   -62
   175   -61
   176   -61
   177   -61
   178   -60
   179   -62
   180   -60
   181   -62
   182   -60
   183   -62
   184   -60
   185   -62
   186   -61
   187   -62
   188   -61
   189   -62
   190   -61
   191   -61
   192   -61
   193   -61
   194   -61
   195   -60
   196   -62
   197   -60
   198   -62
   199   -60
   200   -63
   201   -54
   202   28
   203   126
   204   120
   205   79
   206   32
   207   24
   208   22
   209   30
   210   30
   211   32
   212   30
   213   31
   214   29
   215   31
   216   31
   217   31
   218   31
   219   31
   220   31
   221   31
   222   31
   223   33
   224   32
   225   32
   226   31
   227   32
   228   31
   229   33
   230   31
   231   34
   232   32
   233   34
   234   32
   235   33
   236   32
   237   33
   238   33
   239   34
   240   34
   241   34
   242   34
   243   32
   244   34
   245   33
   246   34
   247   33
   248   35
   249   33
   250   34
   251   33
   252   35
   253   34
   254   34
   255   34
   256   34
   257   34
   258   34
   259   34
   260   34
   261   35
   262   34
   263   35
   264   34
   265   35
   266   33
   267   35
   268   34
   269   35
   270   34
   271   35
   272   34
   273   34
   274   35
   275   34
   276   35
   277   34
   278   36
   279   34
   280   35
   281   34
   282   36
   283   34
   284   36
   285   34
   286   36
   287   35
   288   35
   289   34
   290   34
   291   35
   292   34
   293   36
   294   34
   295   36
   296   34
   297   36
   298   34
   299   36
   300   34
   301   36
   302   35
   303   36
   304   35
   305   36
   306   35
   307   35
   308   35
   309   35
   310   36
   311   35
   312   36
   313   34
   314   36
   315   35
   316   36
   317   35
   318   36
   319   35
   320   36
   321   35
   322   35
   323   35
   324   35
   325   36
   326   35
   327   36
   328   35
   329   36
   330   34
   331   36
   332   35
   333   36
   334   35
   335   36
   336   35
   337   35
   338   35
   339   35
   340   35
   341   34
   342   35
   343   34
   344   35
   345   33
   346   35
   347   33
   348   34
   349   33
   350   34
   351   33
   352   33
   353   32
   354   32
   355   32
   356   31
   357   31
   358   30
   359   31
   360   29
   361   30
   362   28
   363   29
   364   27
   365   27
   366   25
   367   26
   368   25
   369   24
   370   23
   371   22
   372   22
   373   20
   374   20
   375   18
   376   18
   377   16
   378   16
   379   14
   380   15
   381   12
   382   12
   383   10
   384   10
   385   8
   386   7
   387   6
   388   4
   389   4
   390   1
   391   2
   392   -1
   393   -1
   394   -4
   395   -4
   396   -7
   397   -6
   398   -9
   399   -8
   400   -11
   401   -12
   402   -14
   403   -15
   404   -16
   405   -18
   406   -18
   407   -20
   408   -20
   409   -23
   410   -22
   411   -25
   412   -25
   413   -28
   414   -27
   415   -30
   416   -29
   417   -32
   418   -32
   419   -33
   420   -34
   421   -35
   422   -36
   423   -37
   424   -39
   425   -38
   426   -41
   427   -40
   428   -42
   429   -41
   430   -44
   431   -43
   432   -45
   433   -45
   434   -46
   435   -46
   436   -47
   437   -48
   438   -48
   439   -50
   440   -48
   441   -50
   442   -50
   443   -52
   444   -51
   445   -53
   446   -51
   447   -54
   448   -52
   449   -54
   450   -53
   451   -54
   452   -54
   453   -55
   454   -55
   455   -55
   456   -56
   457   -55
   458   -57
   459   -55
   460   -57
   461   -56
   462   -58
   463   -56
   464   -58
   465   -57
   466   -58
   467   -57
   468   -58
   469   -58
   470   -58
   471   -59
   472   -58
   473   -59
   474   -58
   475   -60
   476   -58
   477   -60
   478   -58
   479   -60
   480   -58
   481   -60
   482   -58
   483   -60
   484   -59
   485   -60
   486   -59
   487   -59
   488   -60
   489   -59
   490   -60
   491   -59
   492   -60
   493   -59
   494   -61
   495   -59
   496   -60
   497   -59
   498   -60
   499   -59
   500   -60
   501   -60
   502   -60
   503   -60
   504   -59
   505   -61
   506   -60
   507   -61
   508   -59
   509   -61
   510   -59
   511   -61
   512   -59
   513   -61
   514   -59
   515   -61
   516   -60
   517   -60
   518   -60
   519   -60
   520   -61
   521   -60
   522   -61
   523   -59
   524   -61
   525   -59
   526   -61
   527   -59
   528   -61
   529   -59
   530   -61
   531   -60
   532   -61
   533   -59
   534   -60
   535   -60
   536   -60
   537   -60
   538   -60
   539   -61
   540   -59
   541   -61
   542   -59
   543   -61
   544   -59
   545   -61
   546   -59
   547   -61
   548   -60
   549   -61
   550   -60
   551   -60
   552   -60
   553   -60
   554   -61
   555   -60
   556   -61
   557   -59
   558   -61
   559   -59
   560   -61
   561   -60
   562   -61
   563   -59
   564   -60
   565   -60
   566   -60
   567   -60
   568   -60
   569   -61
   570   -59
   571   -61
   572   -59
   573   -61
   574   -59
   575   -61
   576   -59
   577   -61
   578   -59
   579   -61
   580   -60
   581   -61
   582   -60
   583   -60
   584   -60
   585   -60
   586   -61
   587   -59
   588   -61
   589   -59
   590   -61
   591   -59
   592   -61
   593   -59
   594   -61
   595   -59
   596   -61
   597   -59
   598   -61
   599   -60
   600   -60
   601   -60
   602   -60
   603   -61
   604   -60
   605   -61
   606   -59
   607   -61
   608   -59
   609   -61
   610   -59
   611   -61
   612   -60
   613   -61
   614   -60
   615   -61
   616   -60
   617   -60
   618   -61
   619   -60
   620   -61
   621   -59
   622   -61
   623   -59
   624   -61
   625   -59
   626   -61
   627   -59
   628   -61
   629   -60
   630   -61
   631   -60
   632   -60
   633   -60
   634   -60
   635   -61
   636   -60
   637   -61
   638   -59
   639   -61
   640   -59
   641   -62
   642   -59
   643   -62
   644   -59
   645   -61
   646   -59
   647   -60
   648   -60
   649   -60
   650   -60
   651   -60
   652   -61
   653   -59
   654   -61
   655   -59
   656   -62
   657   -59
   658   -61
   659   -59
   660   -61
   661   -59
   662   -61
   663   -60
   664   -61
   665   -60
   666   -60
   667   -61
   668   -60
   669   -61
   670   -60
   671   -61
   672   -59
   673   -61
   674   -59
   675   -61
   676   -59
   677   -61
   678   -60
   679   -61
   680   -60
   681   -61
   682   -61
   683   -60
   684   -61
   685   -60
   686   -61
   687   -60
   688   -61
   689   -59
   690   -61
   691   -60
   692   -61
   693   -60
   694   -61
   695   -60
   696   -61
   697   -60
   698   -60
   699   -61
   700   -60
   701   -61
   702   -60
   703   -61
   704   -59
   705   -62
   706   -59
   707   -62
   708   -59
   709   -62
   710   -59
   711   -61
   712   -59
   713   -61
   714   -60
   715   -61
   716   -61
   717   -60
   718   -61
   719   -60
   720   -61
   721   -59
   722   -62
   723   -60
   724   -62
   725   -60
   726   -61
   727   -60
   728   -61
   729   -60
   730   -61
   731   -60
   732   -60
   733   -61
   734   -60
   735   -61
   736   -59
   737   -61
   738   -60
   739   -61
   740   -60
   741   -61
   742   -59
   743   -61
   744   -60
   745   -61
   746   -60
   747   -60
   748   -61
   749   -60
   750   -61
   751   -59
   752   -61
   753   -59
   754   -62
   755   -59
   756   -62
   757   -59
   758   -61
   759   -59
   760   -62
   761   -60
   762   -61
   763   -60
   764   -61
   765   -61
   766   -60
   767   -61
   768   -60
   769   -61
   770   -59
   771   -62
   772   -60
   773   -62
   774   -59
   775   -61
   776   -60
   777   -61
   778   -60
   779   -61
   780   -60
   781   -61
   782   -61
   783   -60
   784   -61
   785   -60
   786   -61
   787   -59
   788   -61
   789   -60
   790   -62
   791   -60
   792   -61
   793   -60
   794   -61
   795   -60
   796   -61
   797   -61
   798   -61
   799   -61
   800   -60
   801   -61
   802   -60
   803   -62
   804   -60
   805   -61
   806   -60
   807   -61
   808   -60
   809   -61
   810   -60
   811   -61
   812   -60
   813   -60
   814   -61
   815   -60
   816   -61
   817   -60
   818   -62
   819   -60
   820   -62
   821   -59
   822   -62
   823   -59
   824   -61
   825   -60
   826   -61
   827   -60
   828   -61
   829   -60
   830   -60
   831   -61
   832   -60
   833   -61
   834   -60
   835   -62
   836   -60
   837   -62
   838   -59
   839   -61
   840   -59
   841   -61
   842   -60
   843   -61
   844   -60
   845   -61
   846   -60
   847   -60
   848   -61
   849   -60
   850   -61
   851   -60
   852   -61
   853   -60
   854   -61
   855   -60
   856   -61
   857   -60
   858   -61
   859   -60
   860   -61
   861   -61
   862   -61
   863   -61
   864   -60
   865   -61
   866   -59
   867   -62
   868   -60
   869   -62
   870   -60
   871   -62
   872   -59
   873   -61
   874   -60
   875   -61
   876   -60
   877   -61
   878   -60
   879   -60
   880   -61
   881   -60
   882   -62
   883   -60
   884   -61
   885   -60
   886   -62
   887   -60
   888   -61
   889   -60
   890   -62
   891   -60
   892   -61
   893   -60
   894   -61
   895   -61
   896   -60
   897   -61
   898   -60
   899   -61
   900   -60
   901   -62
   902   -60
   903   -62
   904   -59
   905   -61
   906   -59
   907   -61
   908   -60
   909   -61
   910   -60
   911   -61
   912   -61
   913   -60
   914   -61
   915   -60
   916   -61
   917   -59
   918   -62
   919   -60
   920   -62
   921   -60
   922   -62
   923   -60
   924   -61
   925   -60
   926   -61
   927   -60
   928   -60
   929   -61
   930   -60
   931   -61
   932   -60
   933   -62
   934   -59
   935   -62
   936   -59
   937   -62
   938   -59
   939   -61
   940   -60
   941   -61
   942   -60
   943   -61
   944   -61
   945   -60
   946   -61
   947   -60
   948   -62
   949   -60
   950   -61
   951   -59
   952   -62
   953   -60
   954   -62
   955   -59
   956   -62
   957   -60
   958   -61
   959   -60
   960   -61
   961   -61
   962   -60
   963   -61
   964   -60
   965   -61
   966   -60
   967   -62
   968   -60
   969   -62
   970   -59
   971   -62
   972   -59
   973   -61
   974   -60
   975   -61
   976   -60
   977   -61
   978   -61
   979   -60
   980   -61
   981   -60
   982   -62
   983   -60
   984   -62
   985   -59
   986   -62
   987   -59
   988   -62
   989   -60
   990   -61
   991   -60
   992   -61
   993   -60
   994   -60
   995   -61
   996   -60
   997   -61
   998   -60
   999   -62
