   0   0
   1   -61
   2   -62
   3   -61
   4   -61
   5   -61
   6   -61
   7   -62
   8   -61
   9   -62
   10   -60
   11   -62
   12   -60
   13   -62
   14   -60
   15   -62
   16   -61
   17   -62
   18   -61
   19   -61
   20   -61
   21   -61
   22   -61
   23   -61
   24   -62
   25   -61
   26   -62
   27   -60
   28   -62
   29   -60
   30   -62
   31   -60
   32   -62
   33   -60
   34   -62
   35   -61
   36   -62
   37   -61
   38   -61
   39   -61
   40   -61
   41   -62
   42   -60
   43   -62
   44   -60
   45   -62
   46   -60
   47   -62
   48   -60
   49   -62
   50   -60
   51   -61
   52   -61
   53   -62
   54   -61
   55   -61
   56   -62
   57   -61
   58   -62
   59   -61
   60   -62
   61   -60
   62   -62
   63   -60
   64   -62
   65   -60
   66   -62
   67   -61
   68   -61
   69   -61
   70   -61
   71   -61
   72   -61
   73   -62
   74   -61
   75   -62
   76   -60
   77   -62
   78   -60
   79   -62
   80   -60
   81   -62
   82   -60
   83   -62
   84   -61
   85   -61
   86   -61
   87   -61
   88   -61
   89   -61
   90   -61
   91   -61
   92   -61
   93   -60
   94   -62
   95   -61
   96   -62
   97   -61
   98   -62
   99   -61
   100   -61
   101   -61
   102   -61
   103   -61
   104   -61
   105   -61
   106   -61
   107   -61
   108   -61
   109   -62
   110   -60
   111   -62
   112   -61
   113   -62
   114   -61
   115   -62
   116   -61
   117   -61
   118   -61
   119   -61
   120   -61
   121   -61
   122   -61
   123   -61
   124   -62
   125   -61
   126   -62
   127   -60
   128   -62
   129   -61
   130   -62
   131   -60
   132   -62
   133   -61
   134   -62
   135   -61
   136   -61
   137   -61
   138   -61
   139   -62
   140   -61
   141   -62
   142   -60
   143   -62
   144   -60
   145   -62
   146   -60
   147   -62
   148   -60
   149   -62
   150   -61
   151   -61
   152   -61
   153   -61
   154   -61
   155   -61
   156   -61
   157   -61
   158   -61
   159   -60
   160   -62
   161   -61
   162   -62
   163   -60
   164   -61
   165   -61
   166   -62
   167   -61
   168   -61
   169   -61
   170   -61
   171   -61
   172   -61
   173   -61
   174   -60
   175   -62
   176   -60
   177   -62
   178   -61
   179   -62
   180   -60
   181   -62
   182   -61
   183   -62
   184   -61
   185   -61
   186   -61
   187   -61
   188   -61
   189   -60
   190   -62
   191   -61
   192   -62
   193   -61
   194   -61
   195   -60
   196   -62
   197   -60
   198   -62
   199   -60
   200   -62
   201   -58
   202   -22
   203   47
   204   67
   205   60
   206   49
   207   42
   208   41
   209   42
   210   43
   211   43
   212   43
   213   42
   214   42
   215   42
   216   43
   217   43
   218   42
   219   42
   220   42
   221   42
   222   42
   223   43
   224   42
   225   43
   226   41
   227   42
   228   41
   229   43
   230   42
   231   42
   232   42
   233   42
   234   42
   235   42
   236   42
   237   41
   238   43
   239   42
   240   43
   241   41
   242   43
   243   41
   244   42
   245   41
   246   43
   247   41
   248   42
   249   41
   250   42
   251   42
   252   42
   253   43
   254   41
   255   42
   256   41
   257   43
   258   41
   259   43
   260   41
   261   43
   262   41
   263   43
   264   41
   265   42
   266   42
   267   42
   268   41
   269   41
   270   42
   271   41
   272   42
   273   41
   274   43
   275   41
   276   43
   277   41
   278   42
   279   41
   280   42
   281   41
   282   42
   283   42
   284   42
   285   41
   286   42
   287   42
   288   41
   289   42
   290   40
   291   42
   292   41
   293   43
   294   41
   295   42
   296   41
   297   42
   298   41
   299   42
   300   41
   301   41
   302   42
   303   41
   304   42
   305   41
   306   42
   307   41
   308   42
   309   41
   310   42
   311   41
   312   42
   313   41
   314   42
   315   41
   316   42
   317   41
   318   42
   319   42
   320   41
   321   42
   322   41
   323   42
   324   41
   325   42
   326   41
   327   42
   328   40
   329   42
   330   41
   331   42
   332   41
   333   41
   334   41
   335   41
   336   42
   337   41
   338   42
   339   41
   340   42
   341   40
   342   42
   343   40
   344   42
   345   40
   346   41
   347   40
   348   41
   349   40
   350   41
   351   41
   352   40
   353   41
   354   40
   355   41
   356   40
   357   41
   358   40
   359   41
   360   40
   361   41
   362   40
   363   41
   364   40
   365   41
   366   40
   367   40
   368   40
   369   40
   370   41
   371   40
   372   41
   373   40
   374   41
   375   39
   376   41
   377   39
   378   41
   379   39
   380   41
   381   40
   382   40
   383   40
   384   40
   385   40
   386   40
   387   40
   388   39
   389   40
   390   38
   391   40
   392   39
   393   39
   394   38
   395   39
   396   37
   397   37
   398   37
   399   36
   400   36
   401   34
   402   34
   403   33
   404   32
   405   29
   406   29
   407   26
   408   26
   409   22
   410   22
   411   18
   412   17
   413   13
   414   11
   415   7
   416   4
   417   1
   418   -2
   419   -5
   420   -9
   421   -12
   422   -16
   423   -18
   424   -22
   425   -24
   426   -29
   427   -30
   428   -34
   429   -35
   430   -39
   431   -40
   432   -43
   433   -45
   434   -46
   435   -48
   436   -49
   437   -51
   438   -51
   439   -54
   440   -53
   441   -55
   442   -54
   443   -57
   444   -56
   445   -58
   446   -57
   447   -58
   448   -58
   449   -59
   450   -59
   451   -59
   452   -59
   453   -59
   454   -60
   455   -59
   456   -60
   457   -59
   458   -60
   459   -59
   460   -61
   461   -59
   462   -60
   463   -60
   464   -60
   465   -60
   466   -60
   467   -60
   468   -60
   469   -60
   470   -59
   471   -61
   472   -59
   473   -61
   474   -60
   475   -61
   476   -59
   477   -61
   478   -60
   479   -61
   480   -60
   481   -61
   482   -60
   483   -60
   484   -61
   485   -60
   486   -60
   487   -59
   488   -61
   489   -59
   490   -61
   491   -59
   492   -61
   493   -60
   494   -61
   495   -60
   496   -61
   497   -60
   498   -61
   499   -60
   500   -60
   501   -60
   502   -60
   503   -61
   504   -60
   505   -61
   506   -59
   507   -61
   508   -59
   509   -61
   510   -60
   511   -61
   512   -60
   513   -61
   514   -60
   515   -61
   516   -60
   517   -60
   518   -61
   519   -60
   520   -61
   521   -60
   522   -61
   523   -59
   524   -61
   525   -60
   526   -61
   527   -60
   528   -61
   529   -60
   530   -61
   531   -61
   532   -60
   533   -61
   534   -60
   535   -61
   536   -60
   537   -61
   538   -60
   539   -62
   540   -60
   541   -61
   542   -60
   543   -61
   544   -60
   545   -61
   546   -60
   547   -61
   548   -60
   549   -60
   550   -61
   551   -60
   552   -61
   553   -60
   554   -61
   555   -60
   556   -61
   557   -60
   558   -61
   559   -60
   560   -61
   561   -60
   562   -61
   563   -61
   564   -61
   565   -61
   566   -60
   567   -61
   568   -60
   569   -61
   570   -60
   571   -61
   572   -60
   573   -61
   574   -60
   575   -62
   576   -60
   577   -61
   578   -60
   579   -61
   580   -61
   581   -61
   582   -61
   583   -60
   584   -61
   585   -60
   586   -61
   587   -60
   588   -61
   589   -60
   590   -62
   591   -60
   592   -61
   593   -60
   594   -61
   595   -60
   596   -61
   597   -61
   598   -61
   599   -61
   600   -60
   601   -61
   602   -60
   603   -61
   604   -60
   605   -61
   606   -60
   607   -62
   608   -60
   609   -61
   610   -60
   611   -61
   612   -61
   613   -61
   614   -61
   615   -61
   616   -61
   617   -60
   618   -61
   619   -60
   620   -61
   621   -60
   622   -61
   623   -60
   624   -61
   625   -60
   626   -61
   627   -60
   628   -61
   629   -61
   630   -61
   631   -61
   632   -60
   633   -61
   634   -60
   635   -61
   636   -60
   637   -61
   638   -60
   639   -62
   640   -60
   641   -61
   642   -60
   643   -61
   644   -60
   645   -61
   646   -60
   647   -61
   648   -61
   649   -60
   650   -61
   651   -60
   652   -61
   653   -60
   654   -62
   655   -60
   656   -62
   657   -60
   658   -61
   659   -60
   660   -61
   661   -61
   662   -61
   663   -61
   664   -60
   665   -61
   666   -60
   667   -61
   668   -60
   669   -61
   670   -60
   671   -62
   672   -60
   673   -61
   674   -60
   675   -62
   676   -60
   677   -61
   678   -60
   679   -61
   680   -61
   681   -61
   682   -61
   683   -60
   684   -61
   685   -60
   686   -61
   687   -60
   688   -61
   689   -60
   690   -61
   691   -60
   692   -61
   693   -60
   694   -61
   695   -61
   696   -61
   697   -61
   698   -60
   699   -61
   700   -60
   701   -61
   702   -60
   703   -62
   704   -60
   705   -62
   706   -60
   707   -61
   708   -60
   709   -61
   710   -61
   711   -61
   712   -61
   713   -60
   714   -61
   715   -60
   716   -61
   717   -60
   718   -61
   719   -60
   720   -62
   721   -60
   722   -61
   723   -60
   724   -61
   725   -60
   726   -61
   727   -60
   728   -61
   729   -61
   730   -61
   731   -61
   732   -60
   733   -61
   734   -60
   735   -61
   736   -60
   737   -62
   738   -60
   739   -61
   740   -60
   741   -61
   742   -60
   743   -61
   744   -61
   745   -61
   746   -61
   747   -61
   748   -61
   749   -60
   750   -61
   751   -60
   752   -61
   753   -60
   754   -62
   755   -60
   756   -62
   757   -60
   758   -61
   759   -60
   760   -61
   761   -61
   762   -61
   763   -61
   764   -60
   765   -61
   766   -60
   767   -61
   768   -60
   769   -62
   770   -60
   771   -62
   772   -60
   773   -61
   774   -60
   775   -61
   776   -60
   777   -61
   778   -61
   779   -61
   780   -61
   781   -61
   782   -61
   783   -60
   784   -61
   785   -60
   786   -62
   787   -60
   788   -62
   789   -60
   790   -61
   791   -60
   792   -61
   793   -60
   794   -61
   795   -61
   796   -61
   797   -61
   798   -60
   799   -62
   800   -60
   801   -61
   802   -60
   803   -62
   804   -60
   805   -61
   806   -60
   807   -61
   808   -61
   809   -61
   810   -61
   811   -61
   812   -61
   813   -61
   814   -61
   815   -60
   816   -61
   817   -60
   818   -62
   819   -60
   820   -61
   821   -60
   822   -62
   823   -60
   824   -61
   825   -60
   826   -61
   827   -61
   828   -61
   829   -61
   830   -60
   831   -61
   832   -60
   833   -61
   834   -60
   835   -61
   836   -60
   837   -62
   838   -60
   839   -62
   840   -60
   841   -61
   842   -61
   843   -61
   844   -61
   845   -61
   846   -61
   847   -60
   848   -61
   849   -60
   850   -62
   851   -60
   852   -62
   853   -60
   854   -62
   855   -60
   856   -61
   857   -60
   858   -61
   859   -61
   860   -61
   861   -61
   862   -61
   863   -61
   864   -60
   865   -61
   866   -60
   867   -62
   868   -60
   869   -62
   870   -60
   871   -61
   872   -60
   873   -61
   874   -60
   875   -61
   876   -61
   877   -61
   878   -61
   879   -60
   880   -61
   881   -60
   882   -61
   883   -60
   884   -62
   885   -60
   886   -62
   887   -60
   888   -62
   889   -60
   890   -61
   891   -60
   892   -61
   893   -60
   894   -61
   895   -61
   896   -61
   897   -61
   898   -60
   899   -61
   900   -60
   901   -61
   902   -60
   903   -62
   904   -60
   905   -61
   906   -60
   907   -61
   908   -61
   909   -61
   910   -61
   911   -61
   912   -61
   913   -60
   914   -61
   915   -60
   916   -62
   917   -60
   918   -61
   919   -60
   920   -61
   921   -60
   922   -62
   923   -60
   924   -61
   925   -60
   926   -61
   927   -61
   928   -61
   929   -61
   930   -61
   931   -61
   932   -60
   933   -61
   934   -60
   935   -62
   936   -60
   937   -61
   938   -60
   939   -61
   940   -61
   941   -61
   942   -61
   943   -61
   944   -61
   945   -61
   946   -61
   947   -60
   948   -61
   949   -60
   950   -62
   951   -60
   952   -62
   953   -60
   954   -62
   955   -60
   956   -61
   957   -60
   958   -61
   959   -61
   960   -61
   961   -61
   962   -60
   963   -61
   964   -60
   965   -62
   966   -60
   967   -62
   968   -60
   969   -62
   970   -60
   971   -61
   972   -60
   973   -61
   974   -61
   975   -61
   976   -61
   977   -60
   978   -61
   979   -60
   980   -62
   981   -60
   982   -62
   983   -60
   984   -61
   985   -60
   986   -62
   987   -60
   988   -61
   989   -60
   990   -61
   991   -60
   992   -61
   993   -61
   994   -61
   995   -61
   996   -60
   997   -62
   998   -61
   999   -62
