   0   0
   1   -54
   2   -54
   3   -54
   4   -54
   5   -55
   6   -54
   7   -53
   8   -54
   9   -54
   10   -53
   11   -54
   12   -54
   13   -54
   14   -54
   15   -54
   16   -53
   17   -53
   18   -54
   19   -54
   20   -54
   21   -54
   22   -54
   23   -53
   24   -54
   25   -54
   26   -54
   27   -54
   28   -54
   29   -53
   30   -54
   31   -53
   32   -53
   33   -54
   34   -54
   35   -54
   36   -53
   37   -53
   38   -54
   39   -54
   40   -53
   41   -54
   42   -54
   43   -54
   44   -54
   45   -54
   46   -54
   47   -54
   48   -54
   49   -54
   50   -53
   51   -54
   52   -54
   53   -54
   54   -54
   55   -54
   56   -53
   57   -54
   58   -54
   59   -53
   60   -54
   61   -54
   62   -54
   63   -54
   64   -54
   65   -53
   66   -55
   67   -54
   68   -55
   69   -55
   70   -55
   71   -54
   72   -54
   73   -54
   74   -54
   75   -54
   76   -54
   77   -53
   78   -53
   79   -54
   80   -54
   81   -54
   82   -55
   83   -54
   84   -54
   85   -53
   86   -53
   87   -54
   88   -54
   89   -54
   90   -54
   91   -54
   92   -53
   93   -54
   94   -54
   95   -54
   96   -54
   97   -55
   98   -54
   99   -54
   100   -55
   101   -54
   102   -54
   103   -54
   104   -54
   105   -53
   106   -54
   107   -53
   108   -55
   109   -54
   110   -55
   111   -53
   112   -54
   113   -54
   114   -55
   115   -53
   116   -54
   117   -54
   118   -55
   119   -54
   120   -54
   121   -53
   122   -54
   123   -54
   124   -54
   125   -54
   126   -54
   127   -54
   128   -54
   129   -55
   130   -55
   131   -55
   132   -54
   133   -54
   134   -54
   135   -53
   136   -54
   137   -55
   138   -54
   139   -54
   140   -54
   141   -54
   142   -53
   143   -54
   144   -54
   145   -55
   146   -54
   147   -54
   148   -54
   149   -53
   150   -54
   151   -54
   152   -53
   153   -54
   154   -54
   155   -54
   156   -54
   157   -54
   158   -54
   159   -54
   160   -55
   161   -54
   162   -54
   163   -54
   164   -54
   165   -55
   166   -54
   167   -54
   168   -54
   169   -54
   170   -54
   171   -54
   172   -53
   173   -54
   174   -54
   175   -53
   176   -54
   177   -54
   178   -54
   179   -54
   180   -54
   181   -55
   182   -54
   183   -54
   184   -54
   185   -53
   186   -54
   187   -54
   188   -54
   189   -54
   190   -54
   191   -54
   192   -55
   193   -54
   194   -55
   195   -53
   196   -54
   197   -54
   198   -54
   199   -54
   200   -55
   201   -54
   202   -55
   203   -54
   204   -54
   205   -54
   206   -53
   207   -54
   208   -54
   209   -54
   210   -54
   211   -55
   212   -54
   213   -55
   214   -53
   215   -54
   216   -53
   217   -54
   218   -53
   219   -53
   220   -54
   221   -54
   222   -54
   223   -54
   224   -54
   225   -54
   226   -54
   227   -53
   228   -54
   229   -53
   230   -54
   231   -54
   232   -54
   233   -54
   234   -55
   235   -53
   236   -55
   237   -54
   238   -54
   239   -53
   240   -55
   241   -54
   242   -53
   243   -53
   244   -54
   245   -54
   246   -54
   247   -54
   248   -54
   249   -54
   250   -54
   251   -54
   252   -55
   253   -54
   254   -54
   255   -54
   256   -54
   257   -53
   258   -53
   259   -53
   260   -54
   261   -54
   262   -54
   263   -53
   264   -53
   265   -54
   266   -54
   267   -54
   268   -54
   269   -54
   270   -54
   271   -53
   272   -54
   273   -53
   274   -54
   275   -53
   276   -54
   277   -54
   278   -55
   279   -54
   280   -54
   281   -53
   282   -54
   283   -54
   284   -54
   285   -53
   286   -54
   287   -53
   288   -54
   289   -54
   290   -54
   291   -54
   292   -54
   293   -55
   294   -54
   295   -54
   296   -53
   297   -54
   298   -53
   299   -54
   300   -53
   301   -54
   302   -54
   303   -54
   304   -55
   305   -54
   306   -54
   307   -54
   308   -55
   309   -54
   310   -54
   311   -54
   312   -55
   313   -53
   314   -54
   315   -54
   316   -53
   317   -54
   318   -54
   319   -54
   320   -55
   321   -55
   322   -54
   323   -54
   324   -54
   325   -54
   326   -54
   327   -53
   328   -54
   329   -54
   330   -54
   331   -54
   332   -54
   333   -54
   334   -53
   335   -54
   336   -54
   337   -53
   338   -53
   339   -53
   340   -54
   341   -54
   342   -54
   343   -54
   344   -54
   345   -54
   346   -54
   347   -54
   348   -54
   349   -53
   350   -54
   351   -53
   352   -54
   353   -54
   354   -54
   355   -54
   356   -54
   357   -55
   358   -54
   359   -53
   360   -55
   361   -54
   362   -53
   363   -53
   364   -54
   365   -54
   366   -54
   367   -54
   368   -54
   369   -53
   370   -54
   371   -54
   372   -54
   373   -54
   374   -53
   375   -54
   376   -54
   377   -54
   378   -54
   379   -54
   380   -54
   381   -54
   382   -54
   383   -54
   384   -54
   385   -55
   386   -54
   387   -54
   388   -54
   389   -55
   390   -53
   391   -53
   392   -54
   393   -54
   394   -53
   395   -53
   396   -53
   397   -55
   398   -54
   399   -54
   400   -54
   401   -54
   402   -54
   403   -54
   404   -54
   405   -54
   406   -53
   407   -54
   408   -54
   409   -53
   410   -54
   411   -54
   412   -54
   413   -54
   414   -54
   415   -54
   416   -53
   417   -54
   418   -53
   419   -53
   420   -54
   421   -54
   422   -54
   423   -54
   424   -55
   425   -54
   426   -55
   427   -53
   428   -54
   429   -55
   430   -54
   431   -54
   432   -55
   433   -54
   434   -54
   435   -54
   436   -54
   437   -53
   438   -54
   439   -54
   440   -54
   441   -54
   442   -54
   443   -54
   444   -55
   445   -54
   446   -53
   447   -54
   448   -53
   449   -54
   450   -53
   451   -53
   452   -54
   453   -54
   454   -53
   455   -55
   456   -53
   457   -53
   458   -54
   459   -54
   460   -54
   461   -54
   462   -53
   463   -55
   464   -54
   465   -54
   466   -54
   467   -54
   468   -54
   469   -54
   470   -53
   471   -54
   472   -53
   473   -54
   474   -54
   475   -54
   476   -54
   477   -54
   478   -54
   479   -54
   480   -53
   481   -54
   482   -54
   483   -54
   484   -54
   485   -54
   486   -54
   487   -53
   488   -53
   489   -54
   490   -54
   491   -54
   492   -53
   493   -54
   494   -54
   495   -55
   496   -53
   497   -54
   498   -55
   499   -54
   500   -54
   501   -54
   502   -54
   503   -53
   504   -54
   505   -54
   506   -54
   507   -54
   508   -54
   509   -55
   510   -55
   511   -54
   512   -54
   513   -53
   514   -54
   515   -53
   516   -54
   517   -53
   518   -53
   519   -54
   520   -55
   521   -54
   522   -55
   523   -54
   524   -54
   525   -54
   526   -53
   527   -54
   528   -54
   529   -54
   530   -53
   531   -54
   532   -54
   533   -54
   534   -55
   535   -54
   536   -54
   537   -54
   538   -54
   539   -54
   540   -55
   541   -53
   542   -54
   543   -54
   544   -54
   545   -55
   546   -54
   547   -54
   548   -55
   549   -54
   550   -54
   551   -54
   552   -54
   553   -54
   554   -54
   555   -53
   556   -54
   557   -53
   558   -54
   559   -53
   560   -55
   561   -54
   562   -54
   563   -55
   564   -55
   565   -54
   566   -54
   567   -54
   568   -53
   569   -54
   570   -53
   571   -53
   572   -54
   573   -54
   574   -55
   575   -55
   576   -54
   577   -55
   578   -54
   579   -54
   580   -53
   581   -53
   582   -54
   583   -54
   584   -54
   585   -54
   586   -54
   587   -53
   588   -54
   589   -53
   590   -54
   591   -54
   592   -54
   593   -54
   594   -54
   595   -53
   596   -54
   597   -54
   598   -54
   599   -54
   600   -54
   601   -54
   602   -54
   603   -54
   604   -54
   605   -53
   606   -53
   607   -54
   608   -54
   609   -54
   610   -54
   611   -54
   612   -55
   613   -54
   614   -55
   615   -54
   616   -53
   617   -54
   618   -54
   619   -53
   620   -53
   621   -54
   622   -53
   623   -54
   624   -53
   625   -54
   626   -55
   627   -54
   628   -54
   629   -53
   630   -53
   631   -54
   632   -54
   633   -53
   634   -54
   635   -53
   636   -54
   637   -54
   638   -54
   639   -54
   640   -54
   641   -54
   642   -53
   643   -54
   644   -54
   645   -54
   646   -54
   647   -54
   648   -53
   649   -54
   650   -54
   651   -54
   652   -53
   653   -54
   654   -55
   655   -53
   656   -54
   657   -54
   658   -53
   659   -54
   660   -54
   661   -55
   662   -54
   663   -54
   664   -53
   665   -54
   666   -54
   667   -54
   668   -54
   669   -54
   670   -54
   671   -54
   672   -53
   673   -54
   674   -54
   675   -54
   676   -54
   677   -54
   678   -54
   679   -53
   680   -54
   681   -54
   682   -54
   683   -54
   684   -54
   685   -54
   686   -54
   687   -54
   688   -54
   689   -54
   690   -55
   691   -54
   692   -54
   693   -54
   694   -54
   695   -54
   696   -54
   697   -55
   698   -54
   699   -54
   700   -55
   701   -53
   702   -54
   703   -53
   704   -54
   705   -54
   706   -54
   707   -54
   708   -54
   709   -54
   710   -54
   711   -54
   712   -54
   713   -54
   714   -54
   715   -54
   716   -54
   717   -53
   718   -53
   719   -54
   720   -54
   721   -53
   722   -54
   723   -54
   724   -54
   725   -54
   726   -54
   727   -54
   728   -54
   729   -53
   730   -54
   731   -53
   732   -54
   733   -54
   734   -54
   735   -54
   736   -53
   737   -54
   738   -54
   739   -53
   740   -53
   741   -53
   742   -55
   743   -54
   744   -54
   745   -54
   746   -54
   747   -54
   748   -54
   749   -54
   750   -54
   751   -53
   752   -55
   753   -54
   754   -54
   755   -54
   756   -54
   757   -53
   758   -53
   759   -55
   760   -53
   761   -54
   762   -54
   763   -53
   764   -55
   765   -54
   766   -54
   767   -54
   768   -53
   769   -53
   770   -53
   771   -53
   772   -54
   773   -54
   774   -54
   775   -53
   776   -54
   777   -54
   778   -54
   779   -53
   780   -54
   781   -54
   782   -54
   783   -54
   784   -54
   785   -54
   786   -54
   787   -54
   788   -54
   789   -54
   790   -55
   791   -55
   792   -54
   793   -54
   794   -53
   795   -54
   796   -53
   797   -54
   798   -54
   799   -55
   800   -54
   801   -54
   802   -54
   803   -54
   804   -54
   805   -54
   806   -54
   807   -54
   808   -54
   809   -53
   810   -55
   811   -55
   812   -53
   813   -54
   814   -54
   815   -53
   816   -54
   817   -53
   818   -53
   819   -53
   820   -54
   821   -53
   822   -54
   823   -54
   824   -54
   825   -54
   826   -54
   827   -54
   828   -54
   829   -54
   830   -54
   831   -54
   832   -54
   833   -53
   834   -54
   835   -54
   836   -54
   837   -53
   838   -54
   839   -54
   840   -54
   841   -55
   842   -53
   843   -54
   844   -54
   845   -54
   846   -55
   847   -55
   848   -53
   849   -54
   850   -54
   851   -54
   852   -54
   853   -54
   854   -54
   855   -54
   856   -53
   857   -54
   858   -54
   859   -53
   860   -54
   861   -54
   862   -54
   863   -54
   864   -54
   865   -53
   866   -54
   867   -54
   868   -54
   869   -53
   870   -54
   871   -54
   872   -53
   873   -54
   874   -54
   875   -54
   876   -54
   877   -54
   878   -55
   879   -53
   880   -54
   881   -54
   882   -54
   883   -54
   884   -54
   885   -54
   886   -54
   887   -53
   888   -54
   889   -54
   890   -54
   891   -54
   892   -54
   893   -54
   894   -54
   895   -55
   896   -54
   897   -54
   898   -53
   899   -54
   900   -54
   901   -54
   902   -55
   903   -53
   904   -54
   905   -54
   906   -54
   907   -55
   908   -53
   909   -54
   910   -53
   911   -54
   912   -53
   913   -54
   914   -54
   915   -54
   916   -55
   917   -54
   918   -54
   919   -54
   920   -55
   921   -54
   922   -54
   923   -54
   924   -54
   925   -54
   926   -54
   927   -54
   928   -55
   929   -54
   930   -54
   931   -54
   932   -55
   933   -53
   934   -54
   935   -54
   936   -53
   937   -53
   938   -53
   939   -54
   940   -53
   941   -54
   942   -54
   943   -54
   944   -55
   945   -53
   946   -54
   947   -54
   948   -54
   949   -55
   950   -53
   951   -54
   952   -54
   953   -53
   954   -54
   955   -54
   956   -54
   957   -54
   958   -55
   959   -54
   960   -53
   961   -54
   962   -54
   963   -54
   964   -53
   965   -54
   966   -54
   967   -54
   968   -54
   969   -54
   970   -54
   971   -54
   972   -54
   973   -54
   974   -54
   975   -54
   976   -54
   977   -54
   978   -54
   979   -53
   980   -54
   981   -54
   982   -55
   983   -55
   984   -54
   985   -54
   986   -54
   987   -54
   988   -53
   989   -53
   990   -54
   991   -54
   992   -54
   993   -54
   994   -54
   995   -55
   996   -54
   997   -54
   998   -53
   999   -54
