   0   0
   1   -61
   2   -61
   3   -61
   4   -61
   5   -60
   6   -61
   7   -61
   8   -62
   9   -61
   10   -62
   11   -61
   12   -61
   13   -60
   14   -61
   15   -61
   16   -61
   17   -61
   18   -61
   19   -61
   20   -61
   21   -62
   22   -61
   23   -62
   24   -61
   25   -61
   26   -60
   27   -61
   28   -61
   29   -61
   30   -61
   31   -61
   32   -61
   33   -61
   34   -61
   35   -60
   36   -62
   37   -61
   38   -62
   39   -60
   40   -62
   41   -60
   42   -62
   43   -60
   44   -62
   45   -61
   46   -61
   47   -61
   48   -61
   49   -61
   50   -61
   51   -61
   52   -61
   53   -61
   54   -61
   55   -62
   56   -61
   57   -62
   58   -60
   59   -62
   60   -61
   61   -62
   62   -61
   63   -62
   64   -61
   65   -61
   66   -61
   67   -61
   68   -61
   69   -61
   70   -62
   71   -61
   72   -61
   73   -60
   74   -62
   75   -61
   76   -61
   77   -61
   78   -61
   79   -61
   80   -61
   81   -61
   82   -61
   83   -61
   84   -61
   85   -61
   86   -61
   87   -61
   88   -61
   89   -61
   90   -61
   91   -62
   92   -61
   93   -61
   94   -61
   95   -61
   96   -61
   97   -61
   98   -61
   99   -61
   100   -61
   101   -60
   102   -62
   103   -60
   104   -62
   105   -60
   106   -61
   107   -60
   108   -62
   109   -60
   110   -62
   111   -61
   112   -61
   113   -61
   114   -61
   115   -61
   116   -61
   117   -62
   118   -61
   119   -62
   120   -60
   121   -62
   122   -61
   123   -62
   124   -60
   125   -62
   126   -61
   127   -62
   128   -60
   129   -61
   130   -61
   131   -61
   132   -61
   133   -61
   134   -61
   135   -61
   136   -61
   137   -61
   138   -61
   139   -61
   140   -62
   141   -61
   142   -61
   143   -61
   144   -61
   145   -61
   146   -61
   147   -61
   148   -61
   149   -61
   150   -61
   151   -61
   152   -61
   153   -62
   154   -61
   155   -61
   156   -61
   157   -62
   158   -61
   159   -61
   160   -61
   161   -61
   162   -61
   163   -61
   164   -61
   165   -61
   166   -61
   167   -61
   168   -62
   169   -60
   170   -62
   171   -60
   172   -62
   173   -60
   174   -62
   175   -60
   176   -62
   177   -60
   178   -62
   179   -61
   180   -61
   181   -61
   182   -61
   183   -61
   184   -61
   185   -61
   186   -61
   187   -62
   188   -60
   189   -61
   190   -61
   191   -62
   192   -60
   193   -62
   194   -60
   195   -61
   196   -60
   197   -61
   198   -61
   199   -61
   200   -62
   201   -59
   202   -29
   203   34
   204   60
   205   61
   206   52
   207   48
   208   45
   209   47
   210   47
   211   48
   212   47
   213   47
   214   46
   215   47
   216   47
   217   47
   218   48
   219   47
   220   48
   221   46
   222   48
   223   47
   224   48
   225   46
   226   47
   227   47
   228   47
   229   47
   230   47
   231   47
   232   47
   233   47
   234   46
   235   47
   236   46
   237   47
   238   46
   239   48
   240   47
   241   48
   242   46
   243   47
   244   46
   245   47
   246   47
   247   47
   248   47
   249   47
   250   47
   251   47
   252   47
   253   47
   254   47
   255   46
   256   47
   257   46
   258   47
   259   46
   260   47
   261   46
   262   47
   263   47
   264   47
   265   46
   266   47
   267   46
   268   46
   269   47
   270   46
   271   47
   272   46
   273   47
   274   46
   275   47
   276   46
   277   46
   278   46
   279   47
   280   46
   281   46
   282   47
   283   46
   284   47
   285   46
   286   46
   287   46
   288   47
   289   46
   290   46
   291   46
   292   46
   293   46
   294   46
   295   46
   296   46
   297   46
   298   46
   299   46
   300   46
   301   46
   302   45
   303   46
   304   46
   305   47
   306   46
   307   47
   308   45
   309   46
   310   46
   311   46
   312   46
   313   46
   314   46
   315   46
   316   46
   317   46
   318   46
   319   46
   320   46
   321   45
   322   46
   323   46
   324   46
   325   45
   326   46
   327   46
   328   46
   329   46
   330   46
   331   45
   332   45
   333   46
   334   45
   335   45
   336   45
   337   46
   338   45
   339   46
   340   45
   341   46
   342   45
   343   45
   344   45
   345   45
   346   45
   347   45
   348   45
   349   45
   350   45
   351   45
   352   45
   353   45
   354   45
   355   44
   356   45
   357   44
   358   45
   359   44
   360   45
   361   45
   362   45
   363   45
   364   45
   365   45
   366   44
   367   45
   368   44
   369   45
   370   44
   371   45
   372   44
   373   45
   374   44
   375   45
   376   44
   377   45
   378   44
   379   45
   380   44
   381   44
   382   44
   383   44
   384   44
   385   44
   386   44
   387   44
   388   44
   389   44
   390   44
   391   44
   392   44
   393   43
   394   44
   395   43
   396   44
   397   44
   398   44
   399   44
   400   43
   401   43
   402   43
   403   43
   404   43
   405   43
   406   42
   407   42
   408   41
   409   41
   410   40
   411   40
   412   38
   413   37
   414   36
   415   34
   416   33
   417   30
   418   28
   419   25
   420   23
   421   19
   422   16
   423   12
   424   9
   425   4
   426   1
   427   -4
   428   -7
   429   -12
   430   -16
   431   -19
   432   -23
   433   -26
   434   -30
   435   -33
   436   -37
   437   -39
   438   -42
   439   -44
   440   -47
   441   -48
   442   -50
   443   -51
   444   -53
   445   -53
   446   -55
   447   -55
   448   -56
   449   -57
   450   -57
   451   -58
   452   -58
   453   -59
   454   -58
   455   -59
   456   -58
   457   -59
   458   -59
   459   -60
   460   -59
   461   -59
   462   -59
   463   -59
   464   -59
   465   -59
   466   -60
   467   -59
   468   -60
   469   -59
   470   -60
   471   -59
   472   -60
   473   -59
   474   -60
   475   -59
   476   -60
   477   -59
   478   -60
   479   -60
   480   -60
   481   -60
   482   -60
   483   -60
   484   -60
   485   -60
   486   -59
   487   -60
   488   -59
   489   -60
   490   -59
   491   -60
   492   -59
   493   -60
   494   -59
   495   -60
   496   -59
   497   -60
   498   -60
   499   -60
   500   -60
   501   -60
   502   -60
   503   -60
   504   -60
   505   -59
   506   -60
   507   -59
   508   -61
   509   -59
   510   -61
   511   -59
   512   -60
   513   -59
   514   -60
   515   -59
   516   -60
   517   -60
   518   -60
   519   -60
   520   -60
   521   -60
   522   -60
   523   -60
   524   -60
   525   -60
   526   -60
   527   -61
   528   -60
   529   -60
   530   -60
   531   -60
   532   -60
   533   -60
   534   -60
   535   -60
   536   -61
   537   -60
   538   -61
   539   -60
   540   -61
   541   -60
   542   -61
   543   -60
   544   -60
   545   -60
   546   -60
   547   -61
   548   -60
   549   -60
   550   -60
   551   -61
   552   -60
   553   -61
   554   -60
   555   -61
   556   -60
   557   -61
   558   -60
   559   -61
   560   -60
   561   -61
   562   -60
   563   -60
   564   -60
   565   -61
   566   -61
   567   -60
   568   -60
   569   -60
   570   -61
   571   -60
   572   -61
   573   -60
   574   -61
   575   -60
   576   -61
   577   -60
   578   -61
   579   -60
   580   -61
   581   -60
   582   -60
   583   -61
   584   -60
   585   -61
   586   -60
   587   -61
   588   -60
   589   -61
   590   -60
   591   -61
   592   -60
   593   -61
   594   -60
   595   -60
   596   -60
   597   -61
   598   -61
   599   -60
   600   -61
   601   -60
   602   -61
   603   -60
   604   -61
   605   -60
   606   -61
   607   -60
   608   -61
   609   -60
   610   -61
   611   -60
   612   -61
   613   -60
   614   -61
   615   -61
   616   -60
   617   -61
   618   -60
   619   -61
   620   -60
   621   -61
   622   -60
   623   -61
   624   -60
   625   -61
   626   -60
   627   -61
   628   -60
   629   -61
   630   -60
   631   -61
   632   -60
   633   -61
   634   -60
   635   -60
   636   -61
   637   -60
   638   -61
   639   -60
   640   -61
   641   -60
   642   -61
   643   -60
   644   -61
   645   -60
   646   -61
   647   -60
   648   -61
   649   -60
   650   -60
   651   -60
   652   -60
   653   -61
   654   -60
   655   -61
   656   -60
   657   -61
   658   -60
   659   -61
   660   -60
   661   -61
   662   -60
   663   -61
   664   -60
   665   -61
   666   -61
   667   -61
   668   -60
   669   -60
   670   -61
   671   -60
   672   -61
   673   -60
   674   -61
   675   -60
   676   -61
   677   -60
   678   -61
   679   -60
   680   -61
   681   -61
   682   -61
   683   -61
   684   -60
   685   -61
   686   -61
   687   -61
   688   -60
   689   -61
   690   -60
   691   -61
   692   -60
   693   -61
   694   -60
   695   -61
   696   -60
   697   -61
   698   -60
   699   -60
   700   -61
   701   -60
   702   -61
   703   -60
   704   -61
   705   -60
   706   -61
   707   -60
   708   -61
   709   -60
   710   -61
   711   -60
   712   -61
   713   -60
   714   -61
   715   -61
   716   -61
   717   -61
   718   -60
   719   -61
   720   -60
   721   -61
   722   -60
   723   -61
   724   -60
   725   -61
   726   -60
   727   -61
   728   -61
   729   -61
   730   -61
   731   -61
   732   -61
   733   -60
   734   -61
   735   -60
   736   -61
   737   -60
   738   -61
   739   -60
   740   -61
   741   -60
   742   -61
   743   -60
   744   -61
   745   -61
   746   -61
   747   -60
   748   -60
   749   -61
   750   -60
   751   -61
   752   -60
   753   -61
   754   -60
   755   -61
   756   -60
   757   -61
   758   -60
   759   -61
   760   -60
   761   -61
   762   -60
   763   -61
   764   -60
   765   -61
   766   -61
   767   -60
   768   -61
   769   -60
   770   -61
   771   -60
   772   -61
   773   -60
   774   -61
   775   -60
   776   -61
   777   -60
   778   -61
   779   -60
   780   -61
   781   -60
   782   -61
   783   -61
   784   -60
   785   -61
   786   -60
   787   -61
   788   -60
   789   -61
   790   -60
   791   -61
   792   -60
   793   -61
   794   -60
   795   -61
   796   -60
   797   -61
   798   -61
   799   -61
   800   -61
   801   -60
   802   -61
   803   -60
   804   -62
   805   -60
   806   -61
   807   -60
   808   -61
   809   -60
   810   -61
   811   -60
   812   -61
   813   -61
   814   -61
   815   -61
   816   -60
   817   -61
   818   -60
   819   -61
   820   -60
   821   -62
   822   -60
   823   -62
   824   -60
   825   -61
   826   -60
   827   -61
   828   -60
   829   -61
   830   -60
   831   -61
   832   -61
   833   -61
   834   -61
   835   -60
   836   -61
   837   -60
   838   -61
   839   -60
   840   -61
   841   -60
   842   -61
   843   -60
   844   -61
   845   -60
   846   -61
   847   -60
   848   -61
   849   -61
   850   -61
   851   -61
   852   -60
   853   -61
   854   -60
   855   -61
   856   -60
   857   -61
   858   -60
   859   -61
   860   -60
   861   -61
   862   -60
   863   -61
   864   -60
   865   -61
   866   -61
   867   -60
   868   -61
   869   -60
   870   -61
   871   -60
   872   -62
   873   -60
   874   -61
   875   -60
   876   -61
   877   -60
   878   -61
   879   -61
   880   -61
   881   -61
   882   -60
   883   -61
   884   -61
   885   -61
   886   -60
   887   -61
   888   -60
   889   -61
   890   -60
   891   -62
   892   -60
   893   -61
   894   -60
   895   -61
   896   -60
   897   -61
   898   -60
   899   -61
   900   -61
   901   -60
   902   -61
   903   -61
   904   -62
   905   -60
   906   -61
   907   -60
   908   -62
   909   -60
   910   -61
   911   -60
   912   -61
   913   -60
   914   -61
   915   -61
   916   -61
   917   -61
   918   -60
   919   -61
   920   -60
   921   -61
   922   -60
   923   -61
   924   -60
   925   -61
   926   -60
   927   -61
   928   -60
   929   -61
   930   -61
   931   -61
   932   -61
   933   -60
   934   -61
   935   -60
   936   -62
   937   -60
   938   -62
   939   -60
   940   -61
   941   -60
   942   -61
   943   -60
   944   -61
   945   -60
   946   -61
   947   -60
   948   -61
   949   -61
   950   -60
   951   -61
   952   -60
   953   -61
   954   -60
   955   -61
   956   -60
   957   -61
   958   -60
   959   -61
   960   -60
   961   -61
   962   -60
   963   -61
   964   -61
   965   -61
   966   -61
   967   -60
   968   -61
   969   -60
   970   -62
   971   -60
   972   -61
   973   -60
   974   -61
   975   -60
   976   -61
   977   -60
   978   -61
   979   -61
   980   -61
   981   -61
   982   -61
   983   -61
   984   -60
   985   -61
   986   -60
   987   -61
   988   -60
   989   -62
   990   -60
   991   -61
   992   -60
   993   -61
   994   -61
   995   -61
   996   -61
   997   -60
   998   -61
   999   -60
