   0   0
   1   -63
   2   -59
   3   -63
   4   -60
   5   -62
   6   -60
   7   -62
   8   -61
   9   -61
   10   -61
   11   -61
   12   -62
   13   -60
   14   -62
   15   -60
   16   -63
   17   -60
   18   -63
   19   -60
   20   -62
   21   -60
   22   -62
   23   -61
   24   -62
   25   -61
   26   -61
   27   -62
   28   -60
   29   -62
   30   -60
   31   -63
   32   -60
   33   -63
   34   -60
   35   -63
   36   -60
   37   -63
   38   -60
   39   -62
   40   -61
   41   -62
   42   -61
   43   -61
   44   -62
   45   -60
   46   -62
   47   -60
   48   -63
   49   -60
   50   -63
   51   -60
   52   -63
   53   -60
   54   -62
   55   -60
   56   -62
   57   -61
   58   -61
   59   -62
   60   -61
   61   -62
   62   -60
   63   -63
   64   -60
   65   -63
   66   -60
   67   -63
   68   -60
   69   -62
   70   -60
   71   -62
   72   -61
   73   -62
   74   -61
   75   -61
   76   -62
   77   -60
   78   -62
   79   -60
   80   -63
   81   -59
   82   -63
   83   -60
   84   -63
   85   -60
   86   -62
   87   -60
   88   -62
   89   -61
   90   -61
   91   -61
   92   -61
   93   -62
   94   -60
   95   -62
   96   -60
   97   -63
   98   -60
   99   -63
   100   -59
   101   -63
   102   -60
   103   -63
   104   -60
   105   -62
   106   -61
   107   -61
   108   -62
   109   -61
   110   -62
   111   -60
   112   -63
   113   -60
   114   -63
   115   -60
   116   -63
   117   -60
   118   -63
   119   -60
   120   -62
   121   -60
   122   -62
   123   -61
   124   -61
   125   -61
   126   -60
   127   -62
   128   -60
   129   -63
   130   -60
   131   -63
   132   -60
   133   -63
   134   -60
   135   -62
   136   -60
   137   -62
   138   -60
   139   -61
   140   -61
   141   -61
   142   -62
   143   -60
   144   -62
   145   -60
   146   -63
   147   -59
   148   -63
   149   -60
   150   -63
   151   -60
   152   -62
   153   -60
   154   -62
   155   -61
   156   -61
   157   -61
   158   -60
   159   -62
   160   -60
   161   -62
   162   -60
   163   -63
   164   -60
   165   -63
   166   -59
   167   -62
   168   -60
   169   -62
   170   -60
   171   -62
   172   -61
   173   -61
   174   -61
   175   -61
   176   -62
   177   -60
   178   -63
   179   -60
   180   -63
   181   -60
   182   -63
   183   -60
   184   -62
   185   -60
   186   -62
   187   -60
   188   -61
   189   -61
   190   -61
   191   -62
   192   -60
   193   -63
   194   -59
   195   -63
   196   -60
   197   -63
   198   -60
   199   -62
   200   -61
   201   -61
   202   -36
   203   16
   204   47
   205   52
   206   47
   207   43
   208   40
   209   42
   210   40
   211   44
   212   40
   213   43
   214   39
   215   43
   216   40
   217   43
   218   40
   219   42
   220   41
   221   41
   222   41
   223   41
   224   42
   225   40
   226   42
   227   39
   228   43
   229   39
   230   43
   231   39
   232   42
   233   39
   234   42
   235   39
   236   41
   237   40
   238   41
   239   41
   240   41
   241   42
   242   39
   243   41
   244   38
   245   42
   246   39
   247   42
   248   39
   249   42
   250   39
   251   41
   252   40
   253   41
   254   40
   255   40
   256   40
   257   39
   258   41
   259   39
   260   41
   261   38
   262   42
   263   38
   264   42
   265   38
   266   41
   267   38
   268   41
   269   39
   270   40
   271   40
   272   39
   273   40
   274   39
   275   40
   276   38
   277   41
   278   37
   279   41
   280   37
   281   41
   282   38
   283   40
   284   38
   285   40
   286   39
   287   39
   288   39
   289   38
   290   39
   291   38
   292   40
   293   37
   294   40
   295   37
   296   40
   297   37
   298   40
   299   37
   300   39
   301   37
   302   39
   303   38
   304   38
   305   39
   306   38
   307   39
   308   37
   309   40
   310   37
   311   40
   312   37
   313   40
   314   37
   315   39
   316   37
   317   39
   318   38
   319   38
   320   38
   321   38
   322   38
   323   37
   324   39
   325   36
   326   39
   327   36
   328   39
   329   36
   330   39
   331   36
   332   39
   333   36
   334   38
   335   37
   336   37
   337   37
   338   37
   339   38
   340   36
   341   38
   342   36
   343   39
   344   35
   345   38
   346   35
   347   38
   348   35
   349   38
   350   36
   351   37
   352   36
   353   36
   354   37
   355   36
   356   37
   357   35
   358   37
   359   34
   360   38
   361   34
   362   38
   363   34
   364   37
   365   35
   366   37
   367   35
   368   36
   369   36
   370   36
   371   36
   372   35
   373   36
   374   34
   375   37
   376   34
   377   37
   378   34
   379   37
   380   34
   381   36
   382   34
   383   36
   384   34
   385   35
   386   35
   387   34
   388   35
   389   33
   390   36
   391   33
   392   36
   393   33
   394   36
   395   33
   396   36
   397   32
   398   35
   399   32
   400   34
   401   33
   402   32
   403   32
   404   30
   405   31
   406   27
   407   27
   408   23
   409   23
   410   16
   411   16
   412   8
   413   6
   414   -2
   415   -6
   416   -12
   417   -17
   418   -23
   419   -29
   420   -33
   421   -39
   422   -40
   423   -47
   424   -47
   425   -52
   426   -51
   427   -56
   428   -54
   429   -58
   430   -56
   431   -59
   432   -58
   433   -60
   434   -59
   435   -59
   436   -60
   437   -59
   438   -61
   439   -58
   440   -61
   441   -58
   442   -62
   443   -58
   444   -62
   445   -58
   446   -61
   447   -58
   448   -61
   449   -59
   450   -60
   451   -60
   452   -60
   453   -61
   454   -59
   455   -61
   456   -59
   457   -62
   458   -58
   459   -62
   460   -58
   461   -62
   462   -58
   463   -62
   464   -59
   465   -61
   466   -60
   467   -61
   468   -60
   469   -60
   470   -61
   471   -59
   472   -62
   473   -59
   474   -62
   475   -58
   476   -62
   477   -59
   478   -62
   479   -59
   480   -61
   481   -59
   482   -61
   483   -60
   484   -60
   485   -61
   486   -60
   487   -62
   488   -59
   489   -61
   490   -59
   491   -62
   492   -59
   493   -62
   494   -59
   495   -62
   496   -59
   497   -61
   498   -60
   499   -61
   500   -60
   501   -60
   502   -61
   503   -59
   504   -61
   505   -59
   506   -62
   507   -59
   508   -62
   509   -59
   510   -62
   511   -59
   512   -62
   513   -60
   514   -62
   515   -60
   516   -61
   517   -61
   518   -60
   519   -61
   520   -60
   521   -62
   522   -59
   523   -62
   524   -59
   525   -62
   526   -59
   527   -62
   528   -59
   529   -62
   530   -60
   531   -61
   532   -60
   533   -61
   534   -61
   535   -60
   536   -62
   537   -60
   538   -62
   539   -59
   540   -63
   541   -59
   542   -62
   543   -59
   544   -62
   545   -59
   546   -62
   547   -60
   548   -61
   549   -60
   550   -61
   551   -61
   552   -60
   553   -61
   554   -60
   555   -62
   556   -59
   557   -62
   558   -59
   559   -62
   560   -60
   561   -62
   562   -59
   563   -61
   564   -60
   565   -61
   566   -61
   567   -60
   568   -61
   569   -60
   570   -62
   571   -59
   572   -62
   573   -59
   574   -63
   575   -59
   576   -62
   577   -59
   578   -62
   579   -60
   580   -61
   581   -60
   582   -61
   583   -61
   584   -60
   585   -62
   586   -60
   587   -62
   588   -59
   589   -62
   590   -59
   591   -63
   592   -59
   593   -62
   594   -60
   595   -62
   596   -60
   597   -61
   598   -61
   599   -61
   600   -61
   601   -60
   602   -62
   603   -60
   604   -62
   605   -59
   606   -62
   607   -59
   608   -62
   609   -59
   610   -62
   611   -60
   612   -62
   613   -60
   614   -61
   615   -61
   616   -61
   617   -62
   618   -60
   619   -62
   620   -60
   621   -62
   622   -59
   623   -62
   624   -59
   625   -63
   626   -59
   627   -62
   628   -60
   629   -62
   630   -60
   631   -61
   632   -61
   633   -61
   634   -61
   635   -60
   636   -62
   637   -60
   638   -62
   639   -59
   640   -62
   641   -59
   642   -63
   643   -60
   644   -62
   645   -60
   646   -61
   647   -61
   648   -61
   649   -61
   650   -60
   651   -62
   652   -60
   653   -62
   654   -59
   655   -63
   656   -59
   657   -62
   658   -59
   659   -62
   660   -60
   661   -62
   662   -60
   663   -61
   664   -61
   665   -61
   666   -62
   667   -60
   668   -62
   669   -59
   670   -62
   671   -59
   672   -63
   673   -59
   674   -63
   675   -59
   676   -62
   677   -60
   678   -62
   679   -60
   680   -61
   681   -61
   682   -60
   683   -62
   684   -60
   685   -62
   686   -59
   687   -62
   688   -59
   689   -62
   690   -59
   691   -63
   692   -59
   693   -62
   694   -60
   695   -62
   696   -60
   697   -61
   698   -61
   699   -61
   700   -62
   701   -60
   702   -62
   703   -59
   704   -62
   705   -60
   706   -62
   707   -59
   708   -62
   709   -60
   710   -62
   711   -60
   712   -61
   713   -61
   714   -61
   715   -61
   716   -60
   717   -62
   718   -60
   719   -62
   720   -60
   721   -63
   722   -59
   723   -62
   724   -59
   725   -62
   726   -60
   727   -62
   728   -60
   729   -61
   730   -61
   731   -60
   732   -61
   733   -60
   734   -62
   735   -60
   736   -63
   737   -59
   738   -63
   739   -59
   740   -62
   741   -59
   742   -62
   743   -60
   744   -62
   745   -60
   746   -61
   747   -61
   748   -61
   749   -62
   750   -60
   751   -62
   752   -59
   753   -62
   754   -59
   755   -62
   756   -60
   757   -63
   758   -60
   759   -62
   760   -60
   761   -61
   762   -61
   763   -61
   764   -62
   765   -60
   766   -62
   767   -60
   768   -62
   769   -60
   770   -63
   771   -59
   772   -62
   773   -59
   774   -62
   775   -60
   776   -62
   777   -60
   778   -61
   779   -61
   780   -61
   781   -62
   782   -60
   783   -62
   784   -60
   785   -63
   786   -59
   787   -63
   788   -60
   789   -62
   790   -59
   791   -62
   792   -60
   793   -62
   794   -61
   795   -61
   796   -61
   797   -61
   798   -62
   799   -60
   800   -62
   801   -60
   802   -63
   803   -59
   804   -62
   805   -59
   806   -62
   807   -60
   808   -62
   809   -60
   810   -62
   811   -61
   812   -61
   813   -61
   814   -60
   815   -62
   816   -60
   817   -62
   818   -60
   819   -62
   820   -59
   821   -63
   822   -59
   823   -62
   824   -60
   825   -62
   826   -60
   827   -61
   828   -61
   829   -61
   830   -62
   831   -60
   832   -62
   833   -60
   834   -63
   835   -60
   836   -62
   837   -59
   838   -62
   839   -60
   840   -62
   841   -60
   842   -62
   843   -61
   844   -61
   845   -61
   846   -60
   847   -62
   848   -60
   849   -62
   850   -59
   851   -62
   852   -60
   853   -63
   854   -60
   855   -62
   856   -60
   857   -62
   858   -60
   859   -62
   860   -61
   861   -61
   862   -62
   863   -60
   864   -62
   865   -60
   866   -62
   867   -60
   868   -63
   869   -60
   870   -63
   871   -59
   872   -63
   873   -60
   874   -62
   875   -60
   876   -61
   877   -61
   878   -61
   879   -61
   880   -60
   881   -62
   882   -60
   883   -63
   884   -60
   885   -63
   886   -59
   887   -62
   888   -60
   889   -62
   890   -60
   891   -62
   892   -61
   893   -61
   894   -61
   895   -60
   896   -62
   897   -60
   898   -62
   899   -60
   900   -62
   901   -59
   902   -63
   903   -60
   904   -62
   905   -60
   906   -62
   907   -60
   908   -61
   909   -61
   910   -61
   911   -61
   912   -61
   913   -62
   914   -60
   915   -62
   916   -60
   917   -62
   918   -59
   919   -63
   920   -60
   921   -62
   922   -60
   923   -62
   924   -60
   925   -62
   926   -61
   927   -61
   928   -61
   929   -61
   930   -62
   931   -60
   932   -62
   933   -60
   934   -62
   935   -59
   936   -62
   937   -60
   938   -62
   939   -60
   940   -62
   941   -60
   942   -61
   943   -61
   944   -61
   945   -62
   946   -60
   947   -62
   948   -60
   949   -62
   950   -60
   951   -62
   952   -60
   953   -62
   954   -60
   955   -62
   956   -60
   957   -61
   958   -61
   959   -61
   960   -61
   961   -60
   962   -62
   963   -60
   964   -62
   965   -59
   966   -62
   967   -59
   968   -63
   969   -60
   970   -63
   971   -60
   972   -62
   973   -60
   974   -62
   975   -61
   976   -61
   977   -61
   978   -60
   979   -62
   980   -60
   981   -62
   982   -60
   983   -62
   984   -60
   985   -62
   986   -60
   987   -62
   988   -60
   989   -62
   990   -60
   991   -61
   992   -61
   993   -61
   994   -62
   995   -60
   996   -62
   997   -60
   998   -62
   999   -60
