   0   0
   1   -68
   2   -68
   3   -68
   4   -67
   5   -67
   6   -67
   7   -66
   8   -67
   9   -67
   10   -67
   11   -67
   12   -67
   13   -68
   14   -68
   15   -68
   16   -68
   17   -68
   18   -68
   19   -68
   20   -67
   21   -67
   22   -67
   23   -67
   24   -67
   25   -67
   26   -67
   27   -67
   28   -67
   29   -68
   30   -68
   31   -68
   32   -68
   33   -69
   34   -68
   35   -68
   36   -67
   37   -67
   38   -67
   39   -67
   40   -66
   41   -67
   42   -67
   43   -67
   44   -67
   45   -67
   46   -68
   47   -68
   48   -68
   49   -68
   50   -68
   51   -68
   52   -68
   53   -67
   54   -67
   55   -67
   56   -67
   57   -67
   58   -67
   59   -67
   60   -67
   61   -67
   62   -68
   63   -68
   64   -68
   65   -69
   66   -68
   67   -68
   68   -68
   69   -67
   70   -67
   71   -67
   72   -67
   73   -66
   74   -67
   75   -67
   76   -67
   77   -67
   78   -68
   79   -68
   80   -68
   81   -68
   82   -68
   83   -68
   84   -68
   85   -67
   86   -67
   87   -67
   88   -67
   89   -67
   90   -66
   91   -67
   92   -67
   93   -67
   94   -67
   95   -68
   96   -68
   97   -68
   98   -68
   99   -68
   100   -68
   101   -68
   102   -67
   103   -67
   104   -67
   105   -67
   106   -66
   107   -67
   108   -67
   109   -67
   110   -68
   111   -68
   112   -68
   113   -68
   114   -68
   115   -68
   116   -67
   117   -68
   118   -68
   119   -67
   120   -67
   121   -67
   122   -67
   123   -67
   124   -67
   125   -68
   126   -67
   127   -68
   128   -68
   129   -68
   130   -68
   131   -68
   132   -68
   133   -68
   134   -67
   135   -67
   136   -67
   137   -67
   138   -66
   139   -66
   140   -67
   141   -67
   142   -67
   143   -67
   144   -68
   145   -69
   146   -68
   147   -68
   148   -68
   149   -68
   150   -68
   151   -67
   152   -67
   153   -66
   154   -67
   155   -67
   156   -66
   157   -67
   158   -67
   159   -67
   160   -68
   161   -68
   162   -68
   163   -69
   164   -68
   165   -68
   166   -68
   167   -68
   168   -67
   169   -67
   170   -67
   171   -66
   172   -66
   173   -67
   174   -67
   175   -67
   176   -68
   177   -68
   178   -68
   179   -68
   180   -68
   181   -68
   182   -68
   183   -67
   184   -67
   185   -67
   186   -66
   187   -67
   188   -67
   189   -67
   190   -67
   191   -67
   192   -67
   193   -68
   194   -68
   195   -68
   196   -68
   197   -68
   198   -68
   199   -68
   200   -68
   201   -43
   202   12
   203   -36
   204   -39
   205   -33
   206   -33
   207   -34
   208   -33
   209   -33
   210   -34
   211   -34
   212   -33
   213   -34
   214   -33
   215   -32
   216   -32
   217   -32
   218   -32
   219   -31
   220   -30
   221   -31
   222   -32
   223   -31
   224   -32
   225   -33
   226   -32
   227   -32
   228   -34
   229   -33
   230   -33
   231   -32
   232   -32
   233   -31
   234   -31
   235   -31
   236   -31
   237   -31
   238   -31
   239   -32
   240   -32
   241   -32
   242   -33
   243   -33
   244   -33
   245   -34
   246   -34
   247   -32
   248   -32
   249   -32
   250   -32
   251   -32
   252   -31
   253   -32
   254   -32
   255   -32
   256   -32
   257   -33
   258   -33
   259   -34
   260   -34
   261   -34
   262   -34
   263   -34
   264   -33
   265   -33
   266   -33
   267   -33
   268   -32
   269   -32
   270   -32
   271   -33
   272   -33
   273   -33
   274   -34
   275   -34
   276   -34
   277   -35
   278   -34
   279   -35
   280   -34
   281   -34
   282   -33
   283   -33
   284   -33
   285   -33
   286   -33
   287   -33
   288   -33
   289   -34
   290   -34
   291   -35
   292   -35
   293   -35
   294   -35
   295   -35
   296   -35
   297   -35
   298   -35
   299   -34
   300   -34
   301   -34
   302   -33
   303   -34
   304   -33
   305   -34
   306   -35
   307   -35
   308   -35
   309   -36
   310   -36
   311   -36
   312   -36
   313   -35
   314   -36
   315   -35
   316   -35
   317   -34
   318   -34
   319   -34
   320   -35
   321   -35
   322   -36
   323   -36
   324   -36
   325   -37
   326   -37
   327   -37
   328   -37
   329   -36
   330   -36
   331   -36
   332   -36
   333   -35
   334   -35
   335   -35
   336   -35
   337   -36
   338   -36
   339   -37
   340   -37
   341   -37
   342   -37
   343   -38
   344   -37
   345   -38
   346   -37
   347   -37
   348   -37
   349   -36
   350   -36
   351   -36
   352   -36
   353   -36
   354   -37
   355   -37
   356   -38
   357   -38
   358   -38
   359   -38
   360   -38
   361   -38
   362   -38
   363   -38
   364   -37
   365   -37
   366   -37
   367   -37
   368   -37
   369   -37
   370   -37
   371   -38
   372   -38
   373   -39
   374   -38
   375   -39
   376   -39
   377   -39
   378   -39
   379   -38
   380   -38
   381   -37
   382   -38
   383   -37
   384   -37
   385   -37
   386   -38
   387   -39
   388   -38
   389   -39
   390   -39
   391   -40
   392   -40
   393   -40
   394   -40
   395   -40
   396   -39
   397   -39
   398   -39
   399   -39
   400   -39
   401   -39
   402   -39
   403   -40
   404   -40
   405   -41
   406   -42
   407   -42
   408   -43
   409   -42
   410   -43
   411   -42
   412   -43
   413   -43
   414   -43
   415   -43
   416   -43
   417   -44
   418   -44
   419   -45
   420   -46
   421   -46
   422   -48
   423   -48
   424   -49
   425   -50
   426   -49
   427   -50
   428   -51
   429   -50
   430   -51
   431   -51
   432   -51
   433   -52
   434   -53
   435   -53
   436   -54
   437   -55
   438   -56
   439   -57
   440   -58
   441   -58
   442   -59
   443   -59
   444   -59
   445   -59
   446   -59
   447   -59
   448   -60
   449   -60
   450   -60
   451   -61
   452   -62
   453   -62
   454   -63
   455   -64
   456   -64
   457   -65
   458   -65
   459   -65
   460   -65
   461   -65
   462   -65
   463   -65
   464   -65
   465   -65
   466   -65
   467   -65
   468   -65
   469   -66
   470   -66
   471   -67
   472   -67
   473   -67
   474   -67
   475   -68
   476   -67
   477   -67
   478   -66
   479   -67
   480   -66
   481   -66
   482   -66
   483   -66
   484   -66
   485   -67
   486   -67
   487   -67
   488   -67
   489   -68
   490   -68
   491   -68
   492   -68
   493   -68
   494   -67
   495   -67
   496   -67
   497   -66
   498   -66
   499   -67
   500   -66
   501   -67
   502   -67
   503   -67
   504   -68
   505   -68
   506   -68
   507   -68
   508   -68
   509   -67
   510   -67
   511   -67
   512   -67
   513   -66
   514   -66
   515   -66
   516   -66
   517   -66
   518   -66
   519   -67
   520   -67
   521   -68
   522   -68
   523   -68
   524   -68
   525   -68
   526   -68
   527   -68
   528   -67
   529   -66
   530   -66
   531   -66
   532   -66
   533   -66
   534   -67
   535   -68
   536   -67
   537   -67
   538   -68
   539   -68
   540   -68
   541   -68
   542   -68
   543   -68
   544   -67
   545   -67
   546   -66
   547   -66
   548   -66
   549   -66
   550   -67
   551   -67
   552   -67
   553   -67
   554   -68
   555   -68
   556   -68
   557   -68
   558   -68
   559   -68
   560   -67
   561   -67
   562   -67
   563   -66
   564   -66
   565   -66
   566   -67
   567   -67
   568   -67
   569   -68
   570   -68
   571   -68
   572   -68
   573   -68
   574   -68
   575   -68
   576   -67
   577   -67
   578   -67
   579   -66
   580   -66
   581   -66
   582   -67
   583   -67
   584   -67
   585   -67
   586   -68
   587   -68
   588   -68
   589   -68
   590   -68
   591   -68
   592   -67
   593   -67
   594   -67
   595   -67
   596   -66
   597   -67
   598   -67
   599   -67
   600   -67
   601   -67
   602   -68
   603   -67
   604   -68
   605   -68
   606   -68
   607   -68
   608   -67
   609   -67
   610   -67
   611   -67
   612   -66
   613   -66
   614   -67
   615   -67
   616   -67
   617   -67
   618   -68
   619   -68
   620   -68
   621   -68
   622   -68
   623   -68
   624   -68
   625   -67
   626   -67
   627   -67
   628   -66
   629   -66
   630   -66
   631   -67
   632   -67
   633   -67
   634   -68
   635   -68
   636   -68
   637   -67
   638   -68
   639   -68
   640   -68
   641   -67
   642   -67
   643   -67
   644   -66
   645   -67
   646   -66
   647   -66
   648   -66
   649   -67
   650   -67
   651   -68
   652   -68
   653   -68
   654   -68
   655   -68
   656   -68
   657   -68
   658   -67
   659   -67
   660   -67
   661   -67
   662   -66
   663   -66
   664   -67
   665   -67
   666   -67
   667   -68
   668   -68
   669   -68
   670   -68
   671   -68
   672   -68
   673   -67
   674   -67
   675   -67
   676   -67
   677   -66
   678   -66
   679   -66
   680   -67
   681   -67
   682   -67
   683   -68
   684   -68
   685   -68
   686   -68
   687   -68
   688   -68
   689   -68
   690   -68
   691   -67
   692   -67
   693   -67
   694   -67
   695   -67
   696   -67
   697   -67
   698   -67
   699   -68
   700   -68
   701   -68
   702   -68
   703   -68
   704   -68
   705   -68
   706   -68
   707   -67
   708   -67
   709   -67
   710   -67
   711   -67
   712   -67
   713   -67
   714   -67
   715   -67
   716   -68
   717   -68
   718   -68
   719   -68
   720   -68
   721   -68
   722   -68
   723   -67
   724   -67
   725   -67
   726   -67
   727   -66
   728   -67
   729   -67
   730   -67
   731   -67
   732   -68
   733   -68
   734   -68
   735   -68
   736   -69
   737   -68
   738   -68
   739   -67
   740   -67
   741   -67
   742   -66
   743   -67
   744   -66
   745   -67
   746   -66
   747   -67
   748   -67
   749   -68
   750   -68
   751   -68
   752   -68
   753   -68
   754   -68
   755   -67
   756   -67
   757   -67
   758   -67
   759   -67
   760   -67
   761   -67
   762   -67
   763   -67
   764   -67
   765   -68
   766   -68
   767   -68
   768   -68
   769   -68
   770   -68
   771   -68
   772   -67
   773   -67
   774   -67
   775   -67
   776   -67
   777   -67
   778   -67
   779   -67
   780   -67
   781   -67
   782   -67
   783   -68
   784   -68
   785   -67
   786   -68
   787   -68
   788   -67
   789   -67
   790   -67
   791   -66
   792   -66
   793   -66
   794   -67
   795   -67
   796   -67
   797   -68
   798   -67
   799   -68
   800   -68
   801   -68
   802   -69
   803   -68
   804   -67
   805   -68
   806   -67
   807   -67
   808   -67
   809   -66
   810   -67
   811   -67
   812   -67
   813   -67
   814   -68
   815   -68
   816   -68
   817   -68
   818   -68
   819   -68
   820   -68
   821   -67
   822   -67
   823   -67
   824   -67
   825   -67
   826   -66
   827   -67
   828   -67
   829   -67
   830   -67
   831   -68
   832   -68
   833   -68
   834   -68
   835   -68
   836   -68
   837   -67
   838   -67
   839   -67
   840   -67
   841   -66
   842   -66
   843   -66
   844   -66
   845   -67
   846   -67
   847   -68
   848   -68
   849   -68
   850   -68
   851   -68
   852   -68
   853   -67
   854   -67
   855   -67
   856   -67
   857   -67
   858   -66
   859   -67
   860   -66
   861   -67
   862   -67
   863   -67
   864   -68
   865   -68
   866   -68
   867   -68
   868   -68
   869   -68
   870   -67
   871   -67
   872   -67
   873   -67
   874   -67
   875   -66
   876   -67
   877   -67
   878   -67
   879   -67
   880   -68
   881   -68
   882   -68
   883   -68
   884   -68
   885   -68
   886   -67
   887   -67
   888   -67
   889   -67
   890   -66
   891   -66
   892   -66
   893   -67
   894   -67
   895   -67
   896   -68
   897   -68
   898   -68
   899   -68
   900   -68
   901   -68
   902   -68
   903   -67
   904   -67
   905   -67
   906   -66
   907   -66
   908   -67
   909   -67
   910   -67
   911   -67
   912   -67
   913   -68
   914   -68
   915   -68
   916   -68
   917   -68
   918   -68
   919   -67
   920   -67
   921   -67
   922   -67
   923   -66
   924   -66
   925   -66
   926   -67
   927   -67
   928   -67
   929   -68
   930   -68
   931   -68
   932   -68
   933   -68
   934   -68
   935   -67
   936   -67
   937   -67
   938   -67
   939   -67
   940   -66
   941   -67
   942   -67
   943   -67
   944   -67
   945   -67
   946   -68
   947   -68
   948   -68
   949   -68
   950   -68
   951   -67
   952   -67
   953   -67
   954   -67
   955   -66
   956   -66
   957   -66
   958   -66
   959   -66
   960   -67
   961   -67
   962   -67
   963   -68
   964   -68
   965   -68
   966   -68
   967   -67
   968   -67
   969   -67
   970   -67
   971   -66
   972   -67
   973   -66
   974   -67
   975   -67
   976   -67
   977   -67
   978   -68
   979   -68
   980   -68
   981   -68
   982   -68
   983   -68
   984   -67
   985   -67
   986   -66
   987   -66
   988   -66
   989   -66
   990   -66
   991   -67
   992   -67
   993   -67
   994   -68
   995   -68
   996   -68
   997   -68
   998   -68
   999   -68
