   0   0
   1   -66
   2   -66
   3   -66
   4   -66
   5   -66
   6   -67
   7   -67
   8   -68
   9   -68
   10   -69
   11   -69
   12   -68
   13   -68
   14   -68
   15   -68
   16   -67
   17   -67
   18   -67
   19   -66
   20   -66
   21   -67
   22   -68
   23   -67
   24   -68
   25   -69
   26   -69
   27   -69
   28   -69
   29   -68
   30   -68
   31   -67
   32   -67
   33   -67
   34   -66
   35   -66
   36   -66
   37   -66
   38   -67
   39   -67
   40   -67
   41   -68
   42   -68
   43   -68
   44   -68
   45   -68
   46   -68
   47   -68
   48   -67
   49   -67
   50   -67
   51   -67
   52   -66
   53   -66
   54   -67
   55   -68
   56   -67
   57   -68
   58   -69
   59   -69
   60   -69
   61   -69
   62   -69
   63   -68
   64   -68
   65   -68
   66   -67
   67   -66
   68   -66
   69   -66
   70   -67
   71   -66
   72   -67
   73   -68
   74   -68
   75   -68
   76   -69
   77   -68
   78   -68
   79   -68
   80   -68
   81   -67
   82   -67
   83   -67
   84   -66
   85   -66
   86   -66
   87   -67
   88   -67
   89   -68
   90   -68
   91   -68
   92   -69
   93   -69
   94   -69
   95   -69
   96   -68
   97   -68
   98   -67
   99   -67
   100   -67
   101   -66
   102   -66
   103   -67
   104   -67
   105   -67
   106   -68
   107   -68
   108   -68
   109   -68
   110   -69
   111   -68
   112   -68
   113   -68
   114   -67
   115   -67
   116   -66
   117   -66
   118   -67
   119   -66
   120   -66
   121   -67
   122   -67
   123   -68
   124   -69
   125   -69
   126   -68
   127   -69
   128   -69
   129   -68
   130   -68
   131   -67
   132   -67
   133   -67
   134   -67
   135   -67
   136   -67
   137   -67
   138   -67
   139   -68
   140   -68
   141   -68
   142   -68
   143   -69
   144   -68
   145   -67
   146   -67
   147   -67
   148   -66
   149   -66
   150   -66
   151   -66
   152   -66
   153   -67
   154   -67
   155   -67
   156   -68
   157   -68
   158   -69
   159   -69
   160   -69
   161   -68
   162   -68
   163   -68
   164   -67
   165   -67
   166   -67
   167   -66
   168   -67
   169   -67
   170   -67
   171   -67
   172   -68
   173   -68
   174   -69
   175   -69
   176   -69
   177   -68
   178   -68
   179   -67
   180   -67
   181   -67
   182   -67
   183   -66
   184   -66
   185   -66
   186   -67
   187   -67
   188   -68
   189   -68
   190   -69
   191   -69
   192   -69
   193   -68
   194   -68
   195   -68
   196   -67
   197   -67
   198   -66
   199   -67
   200   -67
   201   -41
   202   51
   203   30
   204   24
   205   28
   206   30
   207   29
   208   31
   209   32
   210   32
   211   32
   212   35
   213   34
   214   35
   215   36
   216   36
   217   36
   218   36
   219   36
   220   37
   221   36
   222   34
   223   35
   224   35
   225   34
   226   35
   227   35
   228   35
   229   36
   230   36
   231   36
   232   37
   233   36
   234   36
   235   36
   236   35
   237   35
   238   34
   239   33
   240   33
   241   33
   242   33
   243   33
   244   34
   245   34
   246   34
   247   35
   248   35
   249   35
   250   34
   251   34
   252   34
   253   33
   254   32
   255   32
   256   32
   257   32
   258   31
   259   32
   260   32
   261   32
   262   32
   263   32
   264   33
   265   33
   266   33
   267   32
   268   32
   269   31
   270   31
   271   30
   272   30
   273   30
   274   29
   275   29
   276   30
   277   30
   278   30
   279   30
   280   31
   281   31
   282   30
   283   30
   284   30
   285   29
   286   28
   287   28
   288   28
   289   27
   290   27
   291   27
   292   27
   293   27
   294   28
   295   28
   296   28
   297   29
   298   28
   299   29
   300   28
   301   28
   302   27
   303   27
   304   26
   305   26
   306   26
   307   25
   308   25
   309   26
   310   26
   311   26
   312   26
   313   27
   314   27
   315   27
   316   26
   317   26
   318   25
   319   25
   320   24
   321   23
   322   22
   323   22
   324   21
   325   20
   326   20
   327   19
   328   17
   329   16
   330   14
   331   11
   332   9
   333   6
   334   3
   335   -1
   336   -4
   337   -8
   338   -11
   339   -16
   340   -19
   341   -22
   342   -26
   343   -29
   344   -32
   345   -35
   346   -38
   347   -41
   348   -44
   349   -46
   350   -49
   351   -52
   352   -54
   353   -57
   354   -58
   355   -60
   356   -61
   357   -62
   358   -63
   359   -64
   360   -64
   361   -64
   362   -65
   363   -65
   364   -65
   365   -64
   366   -65
   367   -66
   368   -66
   369   -67
   370   -67
   371   -67
   372   -68
   373   -68
   374   -68
   375   -67
   376   -67
   377   -66
   378   -66
   379   -65
   380   -66
   381   -66
   382   -65
   383   -66
   384   -67
   385   -67
   386   -67
   387   -67
   388   -68
   389   -68
   390   -68
   391   -67
   392   -67
   393   -67
   394   -67
   395   -66
   396   -66
   397   -66
   398   -66
   399   -66
   400   -66
   401   -67
   402   -67
   403   -68
   404   -68
   405   -68
   406   -68
   407   -67
   408   -67
   409   -67
   410   -66
   411   -66
   412   -65
   413   -65
   414   -66
   415   -66
   416   -66
   417   -67
   418   -67
   419   -67
   420   -68
   421   -68
   422   -68
   423   -68
   424   -67
   425   -67
   426   -66
   427   -66
   428   -66
   429   -66
   430   -66
   431   -66
   432   -66
   433   -67
   434   -67
   435   -68
   436   -67
   437   -68
   438   -68
   439   -68
   440   -68
   441   -67
   442   -67
   443   -66
   444   -66
   445   -66
   446   -66
   447   -66
   448   -66
   449   -66
   450   -67
   451   -67
   452   -67
   453   -68
   454   -68
   455   -68
   456   -68
   457   -68
   458   -67
   459   -67
   460   -66
   461   -66
   462   -66
   463   -66
   464   -66
   465   -66
   466   -67
   467   -67
   468   -68
   469   -68
   470   -68
   471   -68
   472   -68
   473   -68
   474   -67
   475   -66
   476   -67
   477   -66
   478   -66
   479   -66
   480   -66
   481   -66
   482   -67
   483   -67
   484   -67
   485   -67
   486   -68
   487   -68
   488   -68
   489   -67
   490   -67
   491   -67
   492   -66
   493   -66
   494   -66
   495   -66
   496   -66
   497   -66
   498   -66
   499   -67
   500   -67
   501   -68
   502   -68
   503   -68
   504   -69
   505   -68
   506   -68
   507   -67
   508   -67
   509   -66
   510   -66
   511   -66
   512   -66
   513   -66
   514   -66
   515   -67
   516   -67
   517   -67
   518   -68
   519   -68
   520   -68
   521   -68
   522   -68
   523   -67
   524   -67
   525   -66
   526   -66
   527   -66
   528   -66
   529   -66
   530   -66
   531   -67
   532   -67
   533   -67
   534   -68
   535   -68
   536   -68
   537   -68
   538   -68
   539   -68
   540   -67
   541   -67
   542   -66
   543   -66
   544   -67
   545   -66
   546   -66
   547   -67
   548   -67
   549   -67
   550   -68
   551   -68
   552   -68
   553   -68
   554   -68
   555   -67
   556   -67
   557   -67
   558   -66
   559   -66
   560   -66
   561   -66
   562   -65
   563   -66
   564   -67
   565   -67
   566   -67
   567   -68
   568   -68
   569   -68
   570   -68
   571   -68
   572   -68
   573   -67
   574   -67
   575   -66
   576   -66
   577   -66
   578   -66
   579   -67
   580   -67
   581   -67
   582   -67
   583   -68
   584   -68
   585   -68
   586   -68
   587   -68
   588   -68
   589   -67
   590   -67
   591   -66
   592   -66
   593   -66
   594   -66
   595   -66
   596   -66
   597   -67
   598   -67
   599   -68
   600   -68
   601   -68
   602   -68
   603   -68
   604   -68
   605   -67
   606   -67
   607   -67
   608   -66
   609   -66
   610   -66
   611   -66
   612   -67
   613   -67
   614   -67
   615   -67
   616   -68
   617   -68
   618   -68
   619   -68
   620   -68
   621   -68
   622   -67
   623   -67
   624   -66
   625   -66
   626   -66
   627   -66
   628   -66
   629   -66
   630   -67
   631   -67
   632   -68
   633   -68
   634   -68
   635   -68
   636   -68
   637   -68
   638   -67
   639   -67
   640   -66
   641   -66
   642   -66
   643   -66
   644   -66
   645   -66
   646   -67
   647   -67
   648   -67
   649   -68
   650   -68
   651   -68
   652   -68
   653   -68
   654   -67
   655   -67
   656   -67
   657   -66
   658   -66
   659   -66
   660   -66
   661   -66
   662   -67
   663   -67
   664   -68
   665   -68
   666   -68
   667   -68
   668   -68
   669   -68
   670   -67
   671   -67
   672   -67
   673   -66
   674   -66
   675   -66
   676   -66
   677   -66
   678   -67
   679   -67
   680   -67
   681   -68
   682   -68
   683   -68
   684   -69
   685   -68
   686   -68
   687   -67
   688   -67
   689   -67
   690   -66
   691   -66
   692   -66
   693   -66
   694   -66
   695   -67
   696   -67
   697   -67
   698   -68
   699   -68
   700   -68
   701   -68
   702   -68
   703   -68
   704   -67
   705   -66
   706   -66
   707   -66
   708   -66
   709   -66
   710   -66
   711   -66
   712   -67
   713   -67
   714   -68
   715   -68
   716   -68
   717   -68
   718   -68
   719   -68
   720   -67
   721   -67
   722   -66
   723   -66
   724   -66
   725   -66
   726   -66
   727   -66
   728   -66
   729   -67
   730   -68
   731   -68
   732   -68
   733   -68
   734   -68
   735   -68
   736   -67
   737   -67
   738   -67
   739   -66
   740   -66
   741   -65
   742   -66
   743   -66
   744   -66
   745   -67
   746   -67
   747   -68
   748   -68
   749   -68
   750   -68
   751   -68
   752   -67
   753   -67
   754   -67
   755   -66
   756   -66
   757   -66
   758   -66
   759   -66
   760   -66
   761   -67
   762   -67
   763   -68
   764   -68
   765   -69
   766   -68
   767   -68
   768   -68
   769   -67
   770   -67
   771   -67
   772   -66
   773   -66
   774   -66
   775   -66
   776   -66
   777   -67
   778   -67
   779   -68
   780   -68
   781   -68
   782   -68
   783   -68
   784   -68
   785   -67
   786   -67
   787   -67
   788   -66
   789   -66
   790   -66
   791   -66
   792   -66
   793   -67
   794   -67
   795   -67
   796   -68
   797   -68
   798   -68
   799   -68
   800   -68
   801   -68
   802   -68
   803   -67
   804   -66
   805   -66
   806   -66
   807   -66
   808   -66
   809   -66
   810   -67
   811   -67
   812   -68
   813   -68
   814   -69
   815   -68
   816   -68
   817   -68
   818   -67
   819   -67
   820   -66
   821   -66
   822   -66
   823   -65
   824   -65
   825   -66
   826   -67
   827   -67
   828   -67
   829   -68
   830   -69
   831   -68
   832   -68
   833   -68
   834   -68
   835   -68
   836   -67
   837   -66
   838   -66
   839   -66
   840   -66
   841   -66
   842   -66
   843   -67
   844   -67
   845   -68
   846   -68
   847   -68
   848   -68
   849   -68
   850   -68
   851   -67
   852   -67
   853   -66
   854   -66
   855   -66
   856   -66
   857   -66
   858   -66
   859   -67
   860   -67
   861   -67
   862   -68
   863   -68
   864   -68
   865   -68
   866   -68
   867   -67
   868   -67
   869   -66
   870   -66
   871   -66
   872   -66
   873   -66
   874   -66
   875   -67
   876   -67
   877   -68
   878   -68
   879   -68
   880   -68
   881   -68
   882   -68
   883   -68
   884   -67
   885   -67
   886   -66
   887   -66
   888   -66
   889   -66
   890   -66
   891   -66
   892   -67
   893   -67
   894   -68
   895   -68
   896   -68
   897   -68
   898   -68
   899   -68
   900   -67
   901   -67
   902   -66
   903   -66
   904   -66
   905   -66
   906   -66
   907   -66
   908   -66
   909   -67
   910   -68
   911   -68
   912   -68
   913   -69
   914   -69
   915   -68
   916   -67
   917   -67
   918   -66
   919   -66
   920   -66
   921   -66
   922   -66
   923   -67
   924   -66
   925   -67
   926   -67
   927   -68
   928   -68
   929   -69
   930   -68
   931   -68
   932   -67
   933   -67
   934   -67
   935   -66
   936   -66
   937   -65
   938   -66
   939   -66
   940   -66
   941   -67
   942   -67
   943   -68
   944   -68
   945   -68
   946   -68
   947   -68
   948   -69
   949   -68
   950   -67
   951   -66
   952   -66
   953   -66
   954   -66
   955   -66
   956   -66
   957   -66
   958   -67
   959   -68
   960   -68
   961   -68
   962   -69
   963   -68
   964   -68
   965   -68
   966   -67
   967   -67
   968   -66
   969   -66
   970   -65
   971   -66
   972   -66
   973   -66
   974   -67
   975   -67
   976   -68
   977   -68
   978   -68
   979   -68
   980   -68
   981   -68
   982   -67
   983   -67
   984   -66
   985   -66
   986   -66
   987   -66
   988   -66
   989   -66
   990   -67
   991   -67
   992   -68
   993   -68
   994   -68
   995   -69
   996   -68
   997   -68
   998   -67
   999   -67
