   0   0
   1   -61
   2   -61
   3   -61
   4   -61
   5   -61
   6   -61
   7   -61
   8   -61
   9   -61
   10   -61
   11   -61
   12   -61
   13   -62
   14   -61
   15   -62
   16   -61
   17   -61
   18   -61
   19   -61
   20   -61
   21   -61
   22   -61
   23   -61
   24   -61
   25   -61
   26   -61
   27   -61
   28   -61
   29   -61
   30   -62
   31   -61
   32   -62
   33   -61
   34   -61
   35   -60
   36   -61
   37   -61
   38   -61
   39   -61
   40   -61
   41   -61
   42   -61
   43   -61
   44   -61
   45   -61
   46   -60
   47   -61
   48   -61
   49   -61
   50   -61
   51   -61
   52   -61
   53   -62
   54   -61
   55   -61
   56   -61
   57   -61
   58   -61
   59   -61
   60   -61
   61   -60
   62   -61
   63   -61
   64   -61
   65   -61
   66   -61
   67   -61
   68   -62
   69   -61
   70   -61
   71   -61
   72   -61
   73   -61
   74   -61
   75   -61
   76   -61
   77   -61
   78   -61
   79   -62
   80   -61
   81   -61
   82   -61
   83   -62
   84   -61
   85   -61
   86   -61
   87   -61
   88   -61
   89   -61
   90   -61
   91   -61
   92   -61
   93   -61
   94   -61
   95   -61
   96   -61
   97   -61
   98   -62
   99   -61
   100   -61
   101   -61
   102   -62
   103   -61
   104   -61
   105   -61
   106   -61
   107   -61
   108   -61
   109   -61
   110   -61
   111   -61
   112   -61
   113   -62
   114   -61
   115   -61
   116   -61
   117   -61
   118   -61
   119   -61
   120   -61
   121   -61
   122   -61
   123   -61
   124   -61
   125   -61
   126   -61
   127   -61
   128   -61
   129   -61
   130   -61
   131   -61
   132   -62
   133   -61
   134   -61
   135   -61
   136   -61
   137   -61
   138   -61
   139   -61
   140   -61
   141   -61
   142   -61
   143   -61
   144   -61
   145   -61
   146   -61
   147   -62
   148   -61
   149   -61
   150   -61
   151   -61
   152   -61
   153   -61
   154   -61
   155   -61
   156   -61
   157   -61
   158   -61
   159   -61
   160   -61
   161   -61
   162   -62
   163   -61
   164   -61
   165   -61
   166   -62
   167   -61
   168   -61
   169   -61
   170   -62
   171   -61
   172   -61
   173   -61
   174   -61
   175   -61
   176   -61
   177   -61
   178   -61
   179   -61
   180   -61
   181   -61
   182   -61
   183   -61
   184   -61
   185   -61
   186   -61
   187   -61
   188   -61
   189   -61
   190   -61
   191   -61
   192   -61
   193   -61
   194   -61
   195   -60
   196   -61
   197   -60
   198   -61
   199   -60
   200   -62
   201   -58
   202   -20
   203   31
   204   31
   205   21
   206   12
   207   12
   208   13
   209   15
   210   16
   211   17
   212   17
   213   17
   214   17
   215   18
   216   19
   217   19
   218   19
   219   19
   220   19
   221   19
   222   19
   223   20
   224   20
   225   20
   226   19
   227   20
   228   20
   229   21
   230   20
   231   21
   232   20
   233   21
   234   20
   235   20
   236   20
   237   20
   238   21
   239   21
   240   21
   241   21
   242   21
   243   20
   244   21
   245   20
   246   22
   247   21
   248   21
   249   20
   250   21
   251   21
   252   21
   253   21
   254   21
   255   21
   256   21
   257   22
   258   21
   259   22
   260   20
   261   21
   262   21
   263   22
   264   21
   265   21
   266   20
   267   21
   268   21
   269   21
   270   21
   271   21
   272   21
   273   21
   274   22
   275   21
   276   22
   277   20
   278   22
   279   20
   280   22
   281   21
   282   22
   283   21
   284   21
   285   20
   286   21
   287   21
   288   21
   289   21
   290   20
   291   21
   292   20
   293   21
   294   20
   295   22
   296   20
   297   22
   298   20
   299   21
   300   20
   301   21
   302   21
   303   21
   304   21
   305   21
   306   21
   307   21
   308   21
   309   20
   310   21
   311   21
   312   21
   313   20
   314   21
   315   20
   316   21
   317   21
   318   21
   319   21
   320   21
   321   21
   322   20
   323   21
   324   20
   325   21
   326   20
   327   21
   328   20
   329   21
   330   20
   331   21
   332   20
   333   21
   334   20
   335   20
   336   20
   337   20
   338   21
   339   20
   340   21
   341   20
   342   21
   343   20
   344   21
   345   20
   346   21
   347   19
   348   21
   349   20
   350   21
   351   20
   352   20
   353   20
   354   20
   355   20
   356   20
   357   20
   358   19
   359   20
   360   20
   361   20
   362   19
   363   20
   364   19
   365   20
   366   19
   367   20
   368   19
   369   19
   370   19
   371   19
   372   18
   373   18
   374   18
   375   17
   376   17
   377   16
   378   15
   379   14
   380   14
   381   12
   382   11
   383   10
   384   8
   385   7
   386   5
   387   4
   388   1
   389   -1
   390   -3
   391   -5
   392   -8
   393   -9
   394   -13
   395   -14
   396   -17
   397   -19
   398   -22
   399   -24
   400   -27
   401   -29
   402   -31
   403   -33
   404   -35
   405   -37
   406   -39
   407   -41
   408   -42
   409   -45
   410   -46
   411   -48
   412   -48
   413   -50
   414   -51
   415   -53
   416   -53
   417   -54
   418   -55
   419   -55
   420   -56
   421   -57
   422   -57
   423   -58
   424   -58
   425   -58
   426   -59
   427   -58
   428   -59
   429   -59
   430   -60
   431   -59
   432   -60
   433   -60
   434   -60
   435   -60
   436   -60
   437   -60
   438   -60
   439   -60
   440   -60
   441   -61
   442   -60
   443   -61
   444   -60
   445   -61
   446   -60
   447   -61
   448   -60
   449   -60
   450   -60
   451   -60
   452   -61
   453   -60
   454   -61
   455   -60
   456   -61
   457   -60
   458   -61
   459   -60
   460   -61
   461   -60
   462   -61
   463   -60
   464   -61
   465   -60
   466   -61
   467   -60
   468   -61
   469   -60
   470   -60
   471   -61
   472   -60
   473   -61
   474   -60
   475   -61
   476   -60
   477   -61
   478   -60
   479   -61
   480   -60
   481   -61
   482   -60
   483   -61
   484   -61
   485   -61
   486   -61
   487   -60
   488   -61
   489   -60
   490   -61
   491   -60
   492   -61
   493   -60
   494   -61
   495   -60
   496   -61
   497   -60
   498   -61
   499   -61
   500   -61
   501   -61
   502   -60
   503   -61
   504   -61
   505   -61
   506   -60
   507   -61
   508   -60
   509   -61
   510   -60
   511   -61
   512   -60
   513   -61
   514   -60
   515   -61
   516   -61
   517   -61
   518   -61
   519   -60
   520   -61
   521   -60
   522   -61
   523   -60
   524   -61
   525   -60
   526   -62
   527   -60
   528   -62
   529   -60
   530   -61
   531   -60
   532   -61
   533   -61
   534   -61
   535   -61
   536   -61
   537   -61
   538   -60
   539   -61
   540   -60
   541   -61
   542   -60
   543   -61
   544   -60
   545   -62
   546   -60
   547   -61
   548   -60
   549   -61
   550   -61
   551   -61
   552   -61
   553   -61
   554   -61
   555   -60
   556   -61
   557   -60
   558   -61
   559   -60
   560   -61
   561   -60
   562   -61
   563   -61
   564   -61
   565   -61
   566   -61
   567   -61
   568   -61
   569   -61
   570   -61
   571   -61
   572   -60
   573   -61
   574   -60
   575   -62
   576   -60
   577   -61
   578   -60
   579   -61
   580   -60
   581   -61
   582   -61
   583   -61
   584   -61
   585   -61
   586   -61
   587   -60
   588   -61
   589   -60
   590   -62
   591   -60
   592   -62
   593   -60
   594   -62
   595   -60
   596   -61
   597   -60
   598   -61
   599   -60
   600   -61
   601   -61
   602   -61
   603   -61
   604   -61
   605   -61
   606   -60
   607   -61
   608   -61
   609   -61
   610   -60
   611   -61
   612   -60
   613   -61
   614   -60
   615   -61
   616   -61
   617   -61
   618   -61
   619   -60
   620   -61
   621   -61
   622   -61
   623   -60
   624   -61
   625   -60
   626   -61
   627   -61
   628   -61
   629   -61
   630   -61
   631   -61
   632   -61
   633   -61
   634   -61
   635   -61
   636   -60
   637   -61
   638   -60
   639   -61
   640   -60
   641   -61
   642   -60
   643   -61
   644   -60
   645   -61
   646   -61
   647   -61
   648   -61
   649   -61
   650   -61
   651   -61
   652   -61
   653   -60
   654   -61
   655   -60
   656   -62
   657   -60
   658   -61
   659   -60
   660   -61
   661   -60
   662   -61
   663   -61
   664   -61
   665   -61
   666   -61
   667   -61
   668   -61
   669   -61
   670   -60
   671   -61
   672   -61
   673   -61
   674   -60
   675   -61
   676   -60
   677   -61
   678   -61
   679   -61
   680   -61
   681   -61
   682   -61
   683   -61
   684   -61
   685   -60
   686   -61
   687   -60
   688   -61
   689   -60
   690   -61
   691   -60
   692   -61
   693   -60
   694   -61
   695   -61
   696   -61
   697   -61
   698   -61
   699   -61
   700   -60
   701   -61
   702   -60
   703   -61
   704   -60
   705   -62
   706   -60
   707   -62
   708   -60
   709   -61
   710   -60
   711   -61
   712   -61
   713   -61
   714   -61
   715   -61
   716   -61
   717   -60
   718   -61
   719   -60
   720   -61
   721   -60
   722   -62
   723   -60
   724   -62
   725   -60
   726   -62
   727   -60
   728   -61
   729   -61
   730   -61
   731   -61
   732   -61
   733   -61
   734   -60
   735   -61
   736   -60
   737   -61
   738   -60
   739   -61
   740   -60
   741   -61
   742   -60
   743   -61
   744   -61
   745   -61
   746   -61
   747   -61
   748   -61
   749   -60
   750   -61
   751   -61
   752   -62
   753   -60
   754   -62
   755   -60
   756   -62
   757   -60
   758   -62
   759   -60
   760   -61
   761   -60
   762   -61
   763   -61
   764   -61
   765   -61
   766   -61
   767   -61
   768   -60
   769   -61
   770   -60
   771   -62
   772   -60
   773   -62
   774   -60
   775   -62
   776   -60
   777   -61
   778   -61
   779   -61
   780   -61
   781   -61
   782   -61
   783   -60
   784   -61
   785   -60
   786   -62
   787   -60
   788   -61
   789   -60
   790   -62
   791   -60
   792   -62
   793   -60
   794   -61
   795   -61
   796   -61
   797   -61
   798   -61
   799   -61
   800   -61
   801   -61
   802   -60
   803   -61
   804   -60
   805   -61
   806   -60
   807   -61
   808   -60
   809   -61
   810   -60
   811   -61
   812   -61
   813   -61
   814   -61
   815   -61
   816   -61
   817   -60
   818   -61
   819   -60
   820   -62
   821   -60
   822   -61
   823   -60
   824   -61
   825   -60
   826   -61
   827   -61
   828   -61
   829   -61
   830   -61
   831   -61
   832   -61
   833   -61
   834   -61
   835   -61
   836   -60
   837   -62
   838   -60
   839   -62
   840   -60
   841   -61
   842   -60
   843   -61
   844   -60
   845   -61
   846   -61
   847   -61
   848   -61
   849   -61
   850   -61
   851   -60
   852   -62
   853   -60
   854   -62
   855   -60
   856   -61
   857   -60
   858   -61
   859   -60
   860   -61
   861   -61
   862   -61
   863   -61
   864   -61
   865   -61
   866   -61
   867   -61
   868   -61
   869   -61
   870   -60
   871   -61
   872   -60
   873   -61
   874   -60
   875   -61
   876   -61
   877   -61
   878   -61
   879   -61
   880   -61
   881   -61
   882   -61
   883   -61
   884   -61
   885   -60
   886   -61
   887   -61
   888   -62
   889   -60
   890   -61
   891   -61
   892   -61
   893   -60
   894   -61
   895   -61
   896   -61
   897   -61
   898   -60
   899   -61
   900   -60
   901   -61
   902   -60
   903   -62
   904   -60
   905   -61
   906   -60
   907   -61
   908   -60
   909   -61
   910   -61
   911   -61
   912   -61
   913   -61
   914   -61
   915   -61
   916   -61
   917   -60
   918   -61
   919   -60
   920   -62
   921   -60
   922   -61
   923   -60
   924   -61
   925   -61
   926   -61
   927   -61
   928   -61
   929   -61
   930   -61
   931   -61
   932   -60
   933   -61
   934   -60
   935   -61
   936   -61
   937   -62
   938   -60
   939   -61
   940   -61
   941   -61
   942   -61
   943   -61
   944   -61
   945   -61
   946   -61
   947   -60
   948   -61
   949   -60
   950   -62
   951   -60
   952   -62
   953   -60
   954   -61
   955   -60
   956   -62
   957   -61
   958   -61
   959   -61
   960   -61
   961   -61
   962   -61
   963   -61
   964   -60
   965   -62
   966   -60
   967   -62
   968   -60
   969   -62
   970   -60
   971   -62
   972   -60
   973   -61
   974   -61
   975   -61
   976   -61
   977   -61
   978   -61
   979   -61
   980   -61
   981   -61
   982   -62
   983   -60
   984   -62
   985   -60
   986   -62
   987   -60
   988   -62
   989   -60
   990   -61
   991   -60
   992   -61
   993   -61
   994   -61
   995   -61
   996   -61
   997   -61
   998   -60
   999   -61
