   0   0
   1   -61
   2   -61
   3   -61
   4   -61
   5   -61
   6   -61
   7   -61
   8   -61
   9   -60
   10   -62
   11   -61
   12   -62
   13   -60
   14   -62
   15   -61
   16   -61
   17   -60
   18   -61
   19   -61
   20   -61
   21   -61
   22   -60
   23   -62
   24   -61
   25   -62
   26   -60
   27   -62
   28   -61
   29   -62
   30   -60
   31   -62
   32   -60
   33   -62
   34   -60
   35   -62
   36   -61
   37   -61
   38   -61
   39   -61
   40   -61
   41   -61
   42   -61
   43   -60
   44   -62
   45   -60
   46   -62
   47   -60
   48   -62
   49   -61
   50   -62
   51   -61
   52   -61
   53   -61
   54   -61
   55   -61
   56   -61
   57   -61
   58   -61
   59   -61
   60   -61
   61   -62
   62   -60
   63   -62
   64   -60
   65   -62
   66   -60
   67   -62
   68   -61
   69   -61
   70   -61
   71   -61
   72   -61
   73   -61
   74   -62
   75   -61
   76   -62
   77   -60
   78   -62
   79   -60
   80   -62
   81   -60
   82   -62
   83   -61
   84   -61
   85   -61
   86   -61
   87   -61
   88   -61
   89   -61
   90   -60
   91   -62
   92   -60
   93   -62
   94   -60
   95   -62
   96   -60
   97   -62
   98   -60
   99   -62
   100   -61
   101   -61
   102   -61
   103   -61
   104   -61
   105   -61
   106   -61
   107   -61
   108   -61
   109   -60
   110   -61
   111   -60
   112   -62
   113   -61
   114   -62
   115   -61
   116   -62
   117   -61
   118   -61
   119   -61
   120   -61
   121   -61
   122   -61
   123   -61
   124   -60
   125   -62
   126   -60
   127   -62
   128   -61
   129   -62
   130   -60
   131   -61
   132   -61
   133   -61
   134   -61
   135   -61
   136   -61
   137   -61
   138   -61
   139   -61
   140   -62
   141   -61
   142   -62
   143   -60
   144   -62
   145   -60
   146   -62
   147   -60
   148   -61
   149   -61
   150   -61
   151   -61
   152   -61
   153   -61
   154   -61
   155   -61
   156   -61
   157   -62
   158   -60
   159   -62
   160   -60
   161   -62
   162   -60
   163   -62
   164   -60
   165   -62
   166   -61
   167   -61
   168   -61
   169   -61
   170   -61
   171   -61
   172   -61
   173   -61
   174   -62
   175   -61
   176   -62
   177   -60
   178   -62
   179   -61
   180   -62
   181   -60
   182   -62
   183   -61
   184   -61
   185   -61
   186   -61
   187   -61
   188   -60
   189   -61
   190   -61
   191   -62
   192   -61
   193   -62
   194   -60
   195   -61
   196   -60
   197   -61
   198   -61
   199   -61
   200   -62
   201   -60
   202   -33
   203   24
   204   51
   205   56
   206   50
   207   47
   208   43
   209   45
   210   44
   211   47
   212   45
   213   46
   214   44
   215   46
   216   46
   217   46
   218   46
   219   45
   220   46
   221   44
   222   46
   223   45
   224   47
   225   44
   226   46
   227   44
   228   46
   229   45
   230   46
   231   45
   232   45
   233   45
   234   45
   235   45
   236   45
   237   45
   238   45
   239   46
   240   45
   241   46
   242   44
   243   45
   244   44
   245   45
   246   45
   247   45
   248   45
   249   45
   250   45
   251   45
   252   45
   253   45
   254   45
   255   44
   256   45
   257   44
   258   45
   259   44
   260   45
   261   44
   262   45
   263   44
   264   45
   265   44
   266   44
   267   44
   268   44
   269   44
   270   44
   271   45
   272   43
   273   44
   274   43
   275   45
   276   43
   277   44
   278   43
   279   44
   280   43
   281   44
   282   44
   283   44
   284   43
   285   43
   286   44
   287   43
   288   44
   289   43
   290   44
   291   43
   292   44
   293   42
   294   44
   295   43
   296   44
   297   43
   298   44
   299   43
   300   43
   301   43
   302   43
   303   43
   304   43
   305   44
   306   42
   307   43
   308   42
   309   43
   310   42
   311   43
   312   42
   313   43
   314   42
   315   43
   316   42
   317   43
   318   43
   319   42
   320   43
   321   42
   322   43
   323   42
   324   43
   325   41
   326   43
   327   42
   328   43
   329   41
   330   42
   331   41
   332   42
   333   42
   334   42
   335   42
   336   41
   337   42
   338   41
   339   42
   340   41
   341   42
   342   40
   343   42
   344   41
   345   42
   346   41
   347   41
   348   41
   349   41
   350   41
   351   41
   352   41
   353   40
   354   41
   355   40
   356   41
   357   40
   358   41
   359   40
   360   41
   361   40
   362   41
   363   40
   364   40
   365   40
   366   40
   367   40
   368   40
   369   40
   370   39
   371   40
   372   39
   373   40
   374   39
   375   40
   376   39
   377   40
   378   39
   379   40
   380   39
   381   39
   382   39
   383   38
   384   39
   385   38
   386   38
   387   36
   388   37
   389   34
   390   34
   391   31
   392   30
   393   27
   394   25
   395   20
   396   17
   397   12
   398   7
   399   2
   400   -4
   401   -9
   402   -14
   403   -19
   404   -26
   405   -29
   406   -35
   407   -38
   408   -43
   409   -45
   410   -49
   411   -50
   412   -53
   413   -53
   414   -55
   415   -56
   416   -57
   417   -58
   418   -58
   419   -59
   420   -58
   421   -60
   422   -58
   423   -60
   424   -59
   425   -60
   426   -59
   427   -61
   428   -59
   429   -60
   430   -59
   431   -60
   432   -60
   433   -60
   434   -60
   435   -60
   436   -60
   437   -60
   438   -60
   439   -60
   440   -60
   441   -60
   442   -61
   443   -60
   444   -60
   445   -60
   446   -60
   447   -60
   448   -60
   449   -60
   450   -60
   451   -60
   452   -59
   453   -61
   454   -60
   455   -61
   456   -60
   457   -61
   458   -59
   459   -61
   460   -59
   461   -60
   462   -60
   463   -60
   464   -60
   465   -60
   466   -60
   467   -60
   468   -60
   469   -60
   470   -61
   471   -60
   472   -61
   473   -60
   474   -61
   475   -60
   476   -61
   477   -60
   478   -61
   479   -60
   480   -60
   481   -60
   482   -60
   483   -60
   484   -60
   485   -61
   486   -60
   487   -61
   488   -60
   489   -61
   490   -59
   491   -61
   492   -60
   493   -61
   494   -60
   495   -61
   496   -60
   497   -60
   498   -60
   499   -60
   500   -60
   501   -60
   502   -61
   503   -60
   504   -61
   505   -60
   506   -61
   507   -60
   508   -61
   509   -60
   510   -61
   511   -60
   512   -61
   513   -61
   514   -61
   515   -61
   516   -60
   517   -61
   518   -60
   519   -61
   520   -60
   521   -61
   522   -60
   523   -61
   524   -60
   525   -61
   526   -60
   527   -61
   528   -60
   529   -61
   530   -61
   531   -60
   532   -61
   533   -60
   534   -61
   535   -60
   536   -61
   537   -60
   538   -61
   539   -60
   540   -61
   541   -60
   542   -61
   543   -60
   544   -61
   545   -61
   546   -61
   547   -60
   548   -61
   549   -61
   550   -60
   551   -61
   552   -60
   553   -61
   554   -60
   555   -61
   556   -60
   557   -61
   558   -60
   559   -61
   560   -60
   561   -61
   562   -60
   563   -61
   564   -61
   565   -61
   566   -61
   567   -60
   568   -61
   569   -60
   570   -61
   571   -60
   572   -61
   573   -60
   574   -61
   575   -60
   576   -61
   577   -60
   578   -61
   579   -61
   580   -60
   581   -61
   582   -60
   583   -61
   584   -60
   585   -61
   586   -60
   587   -61
   588   -60
   589   -61
   590   -60
   591   -61
   592   -60
   593   -61
   594   -61
   595   -61
   596   -61
   597   -61
   598   -61
   599   -60
   600   -61
   601   -60
   602   -61
   603   -60
   604   -62
   605   -60
   606   -61
   607   -60
   608   -61
   609   -60
   610   -61
   611   -61
   612   -61
   613   -61
   614   -60
   615   -61
   616   -60
   617   -61
   618   -60
   619   -61
   620   -60
   621   -61
   622   -60
   623   -61
   624   -61
   625   -61
   626   -60
   627   -61
   628   -60
   629   -61
   630   -61
   631   -61
   632   -61
   633   -60
   634   -61
   635   -60
   636   -61
   637   -60
   638   -61
   639   -60
   640   -61
   641   -60
   642   -61
   643   -61
   644   -61
   645   -61
   646   -60
   647   -61
   648   -61
   649   -61
   650   -60
   651   -62
   652   -60
   653   -61
   654   -60
   655   -62
   656   -60
   657   -61
   658   -60
   659   -61
   660   -60
   661   -61
   662   -61
   663   -61
   664   -61
   665   -60
   666   -61
   667   -60
   668   -61
   669   -60
   670   -61
   671   -60
   672   -61
   673   -60
   674   -61
   675   -60
   676   -61
   677   -61
   678   -61
   679   -61
   680   -60
   681   -61
   682   -60
   683   -61
   684   -60
   685   -62
   686   -60
   687   -61
   688   -60
   689   -61
   690   -61
   691   -61
   692   -60
   693   -61
   694   -61
   695   -61
   696   -61
   697   -60
   698   -61
   699   -61
   700   -61
   701   -61
   702   -61
   703   -60
   704   -61
   705   -61
   706   -62
   707   -61
   708   -61
   709   -61
   710   -61
   711   -61
   712   -60
   713   -61
   714   -60
   715   -62
   716   -60
   717   -62
   718   -60
   719   -62
   720   -60
   721   -62
   722   -60
   723   -61
   724   -60
   725   -61
   726   -61
   727   -61
   728   -61
   729   -61
   730   -61
   731   -60
   732   -61
   733   -60
   734   -61
   735   -60
   736   -62
   737   -60
   738   -61
   739   -60
   740   -61
   741   -60
   742   -61
   743   -61
   744   -61
   745   -61
   746   -61
   747   -61
   748   -60
   749   -61
   750   -60
   751   -61
   752   -60
   753   -61
   754   -61
   755   -61
   756   -61
   757   -61
   758   -60
   759   -61
   760   -61
   761   -61
   762   -61
   763   -60
   764   -61
   765   -60
   766   -62
   767   -60
   768   -61
   769   -60
   770   -61
   771   -60
   772   -61
   773   -61
   774   -61
   775   -61
   776   -61
   777   -61
   778   -60
   779   -61
   780   -61
   781   -62
   782   -60
   783   -62
   784   -60
   785   -62
   786   -60
   787   -62
   788   -60
   789   -61
   790   -60
   791   -61
   792   -61
   793   -61
   794   -61
   795   -61
   796   -61
   797   -60
   798   -61
   799   -60
   800   -61
   801   -60
   802   -61
   803   -60
   804   -61
   805   -60
   806   -61
   807   -60
   808   -61
   809   -61
   810   -61
   811   -61
   812   -61
   813   -61
   814   -60
   815   -61
   816   -60
   817   -61
   818   -60
   819   -61
   820   -60
   821   -61
   822   -61
   823   -61
   824   -61
   825   -61
   826   -61
   827   -61
   828   -61
   829   -60
   830   -61
   831   -60
   832   -61
   833   -60
   834   -62
   835   -60
   836   -61
   837   -60
   838   -61
   839   -61
   840   -61
   841   -61
   842   -61
   843   -61
   844   -61
   845   -61
   846   -60
   847   -61
   848   -60
   849   -62
   850   -60
   851   -61
   852   -60
   853   -61
   854   -60
   855   -61
   856   -60
   857   -61
   858   -61
   859   -61
   860   -61
   861   -60
   862   -61
   863   -60
   864   -61
   865   -60
   866   -61
   867   -60
   868   -61
   869   -60
   870   -61
   871   -60
   872   -61
   873   -61
   874   -61
   875   -61
   876   -61
   877   -61
   878   -61
   879   -61
   880   -60
   881   -61
   882   -60
   883   -61
   884   -60
   885   -61
   886   -60
   887   -61
   888   -61
   889   -61
   890   -61
   891   -61
   892   -61
   893   -61
   894   -61
   895   -60
   896   -62
   897   -60
   898   -61
   899   -60
   900   -61
   901   -60
   902   -61
   903   -60
   904   -61
   905   -61
   906   -61
   907   -61
   908   -61
   909   -61
   910   -61
   911   -61
   912   -60
   913   -61
   914   -60
   915   -62
   916   -60
   917   -61
   918   -60
   919   -62
   920   -60
   921   -61
   922   -60
   923   -61
   924   -61
   925   -61
   926   -61
   927   -61
   928   -61
   929   -60
   930   -61
   931   -60
   932   -61
   933   -60
   934   -61
   935   -60
   936   -61
   937   -60
   938   -61
   939   -61
   940   -61
   941   -61
   942   -60
   943   -61
   944   -60
   945   -61
   946   -60
   947   -61
   948   -60
   949   -62
   950   -60
   951   -61
   952   -60
   953   -61
   954   -61
   955   -61
   956   -61
   957   -61
   958   -61
   959   -61
   960   -61
   961   -60
   962   -62
   963   -60
   964   -61
   965   -60
   966   -62
   967   -60
   968   -61
   969   -60
   970   -61
   971   -61
   972   -61
   973   -61
   974   -61
   975   -61
   976   -60
   977   -61
   978   -60
   979   -61
   980   -60
   981   -62
   982   -60
   983   -62
   984   -60
   985   -61
   986   -60
   987   -61
   988   -61
   989   -61
   990   -61
   991   -61
   992   -61
   993   -61
   994   -61
   995   -60
   996   -61
   997   -60
   998   -61
   999   -60
