   0   0
   1   -61
   2   -62
   3   -60
   4   -62
   5   -60
   6   -62
   7   -61
   8   -62
   9   -61
   10   -62
   11   -61
   12   -61
   13   -61
   14   -61
   15   -62
   16   -61
   17   -62
   18   -60
   19   -62
   20   -61
   21   -62
   22   -60
   23   -62
   24   -61
   25   -62
   26   -61
   27   -61
   28   -61
   29   -61
   30   -62
   31   -61
   32   -62
   33   -61
   34   -62
   35   -60
   36   -62
   37   -60
   38   -62
   39   -60
   40   -62
   41   -61
   42   -62
   43   -61
   44   -61
   45   -61
   46   -61
   47   -62
   48   -61
   49   -62
   50   -61
   51   -62
   52   -60
   53   -62
   54   -60
   55   -62
   56   -61
   57   -62
   58   -61
   59   -62
   60   -61
   61   -62
   62   -61
   63   -61
   64   -61
   65   -61
   66   -62
   67   -61
   68   -62
   69   -60
   70   -62
   71   -60
   72   -62
   73   -61
   74   -62
   75   -61
   76   -62
   77   -61
   78   -61
   79   -61
   80   -61
   81   -62
   82   -61
   83   -62
   84   -61
   85   -62
   86   -60
   87   -62
   88   -61
   89   -62
   90   -61
   91   -61
   92   -61
   93   -61
   94   -61
   95   -61
   96   -62
   97   -60
   98   -62
   99   -61
   100   -62
   101   -60
   102   -62
   103   -60
   104   -62
   105   -60
   106   -62
   107   -60
   108   -62
   109   -61
   110   -62
   111   -61
   112   -61
   113   -62
   114   -61
   115   -61
   116   -61
   117   -62
   118   -61
   119   -62
   120   -61
   121   -62
   122   -60
   123   -62
   124   -61
   125   -62
   126   -61
   127   -61
   128   -61
   129   -61
   130   -62
   131   -61
   132   -62
   133   -61
   134   -62
   135   -61
   136   -62
   137   -61
   138   -62
   139   -61
   140   -62
   141   -61
   142   -61
   143   -62
   144   -61
   145   -62
   146   -61
   147   -62
   148   -61
   149   -62
   150   -60
   151   -62
   152   -60
   153   -62
   154   -61
   155   -62
   156   -61
   157   -62
   158   -61
   159   -61
   160   -61
   161   -61
   162   -62
   163   -61
   164   -62
   165   -61
   166   -62
   167   -60
   168   -62
   169   -60
   170   -62
   171   -60
   172   -62
   173   -60
   174   -62
   175   -61
   176   -61
   177   -61
   178   -61
   179   -62
   180   -61
   181   -62
   182   -61
   183   -62
   184   -61
   185   -62
   186   -61
   187   -62
   188   -60
   189   -61
   190   -60
   191   -61
   192   -61
   193   -62
   194   -60
   195   -61
   196   -61
   197   -61
   198   -62
   199   -60
   200   -63
   201   -60
   202   -36
   203   20
   204   47
   205   53
   206   47
   207   44
   208   41
   209   42
   210   42
   211   43
   212   43
   213   42
   214   43
   215   42
   216   44
   217   42
   218   43
   219   41
   220   43
   221   41
   222   43
   223   42
   224   43
   225   42
   226   42
   227   42
   228   42
   229   42
   230   42
   231   43
   232   41
   233   42
   234   41
   235   43
   236   41
   237   42
   238   41
   239   43
   240   42
   241   42
   242   41
   243   41
   244   41
   245   41
   246   42
   247   41
   248   42
   249   41
   250   42
   251   40
   252   42
   253   41
   254   42
   255   40
   256   41
   257   41
   258   41
   259   41
   260   40
   261   41
   262   41
   263   42
   264   40
   265   41
   266   40
   267   41
   268   40
   269   41
   270   40
   271   41
   272   40
   273   41
   274   41
   275   41
   276   41
   277   40
   278   41
   279   39
   280   41
   281   39
   282   41
   283   39
   284   41
   285   39
   286   41
   287   39
   288   40
   289   39
   290   40
   291   39
   292   40
   293   40
   294   39
   295   40
   296   39
   297   40
   298   39
   299   40
   300   38
   301   40
   302   38
   303   40
   304   39
   305   40
   306   39
   307   39
   308   39
   309   39
   310   39
   311   38
   312   39
   313   39
   314   40
   315   38
   316   39
   317   38
   318   39
   319   38
   320   39
   321   38
   322   39
   323   38
   324   38
   325   38
   326   38
   327   39
   328   38
   329   39
   330   37
   331   39
   332   37
   333   39
   334   37
   335   38
   336   37
   337   38
   338   37
   339   38
   340   38
   341   38
   342   38
   343   37
   344   38
   345   37
   346   38
   347   37
   348   38
   349   36
   350   38
   351   36
   352   38
   353   37
   354   38
   355   36
   356   37
   357   36
   358   36
   359   37
   360   37
   361   37
   362   36
   363   37
   364   36
   365   37
   366   36
   367   37
   368   35
   369   37
   370   36
   371   36
   372   35
   373   36
   374   36
   375   36
   376   36
   377   35
   378   36
   379   35
   380   36
   381   35
   382   36
   383   34
   384   36
   385   35
   386   36
   387   35
   388   35
   389   34
   390   35
   391   35
   392   34
   393   34
   394   33
   395   34
   396   32
   397   33
   398   30
   399   30
   400   27
   401   26
   402   22
   403   19
   404   15
   405   11
   406   5
   407   0
   408   -6
   409   -12
   410   -17
   411   -24
   412   -28
   413   -35
   414   -38
   415   -43
   416   -45
   417   -50
   418   -51
   419   -54
   420   -54
   421   -57
   422   -57
   423   -58
   424   -58
   425   -59
   426   -59
   427   -59
   428   -60
   429   -59
   430   -60
   431   -59
   432   -61
   433   -59
   434   -61
   435   -59
   436   -60
   437   -59
   438   -60
   439   -60
   440   -60
   441   -60
   442   -60
   443   -60
   444   -60
   445   -60
   446   -59
   447   -61
   448   -59
   449   -61
   450   -60
   451   -61
   452   -60
   453   -61
   454   -60
   455   -60
   456   -60
   457   -60
   458   -60
   459   -60
   460   -61
   461   -60
   462   -61
   463   -59
   464   -61
   465   -60
   466   -61
   467   -60
   468   -61
   469   -60
   470   -61
   471   -60
   472   -60
   473   -60
   474   -60
   475   -61
   476   -60
   477   -61
   478   -60
   479   -61
   480   -60
   481   -61
   482   -60
   483   -61
   484   -60
   485   -61
   486   -60
   487   -61
   488   -60
   489   -60
   490   -60
   491   -61
   492   -60
   493   -60
   494   -61
   495   -60
   496   -61
   497   -60
   498   -61
   499   -60
   500   -61
   501   -60
   502   -61
   503   -60
   504   -61
   505   -61
   506   -61
   507   -60
   508   -60
   509   -61
   510   -60
   511   -61
   512   -60
   513   -61
   514   -60
   515   -61
   516   -60
   517   -61
   518   -61
   519   -61
   520   -61
   521   -61
   522   -61
   523   -61
   524   -61
   525   -61
   526   -61
   527   -60
   528   -61
   529   -60
   530   -62
   531   -60
   532   -61
   533   -60
   534   -61
   535   -61
   536   -61
   537   -60
   538   -61
   539   -60
   540   -61
   541   -61
   542   -61
   543   -61
   544   -60
   545   -61
   546   -60
   547   -61
   548   -60
   549   -62
   550   -60
   551   -61
   552   -60
   553   -61
   554   -61
   555   -61
   556   -61
   557   -61
   558   -61
   559   -61
   560   -61
   561   -60
   562   -61
   563   -60
   564   -61
   565   -60
   566   -61
   567   -60
   568   -61
   569   -61
   570   -61
   571   -61
   572   -61
   573   -61
   574   -61
   575   -61
   576   -61
   577   -61
   578   -60
   579   -61
   580   -60
   581   -61
   582   -61
   583   -61
   584   -60
   585   -61
   586   -61
   587   -61
   588   -61
   589   -60
   590   -61
   591   -61
   592   -61
   593   -60
   594   -61
   595   -60
   596   -61
   597   -60
   598   -61
   599   -60
   600   -61
   601   -61
   602   -61
   603   -60
   604   -61
   605   -61
   606   -61
   607   -61
   608   -61
   609   -61
   610   -60
   611   -61
   612   -60
   613   -61
   614   -60
   615   -61
   616   -60
   617   -62
   618   -60
   619   -61
   620   -60
   621   -61
   622   -61
   623   -61
   624   -61
   625   -60
   626   -61
   627   -60
   628   -61
   629   -60
   630   -61
   631   -61
   632   -62
   633   -61
   634   -61
   635   -61
   636   -61
   637   -61
   638   -61
   639   -61
   640   -61
   641   -61
   642   -61
   643   -61
   644   -60
   645   -61
   646   -60
   647   -61
   648   -61
   649   -61
   650   -61
   651   -61
   652   -61
   653   -61
   654   -61
   655   -61
   656   -61
   657   -61
   658   -61
   659   -60
   660   -61
   661   -61
   662   -61
   663   -60
   664   -61
   665   -61
   666   -61
   667   -61
   668   -61
   669   -60
   670   -61
   671   -61
   672   -61
   673   -61
   674   -61
   675   -61
   676   -60
   677   -61
   678   -60
   679   -61
   680   -60
   681   -62
   682   -61
   683   -61
   684   -61
   685   -61
   686   -61
   687   -61
   688   -61
   689   -61
   690   -61
   691   -61
   692   -61
   693   -61
   694   -61
   695   -61
   696   -61
   697   -61
   698   -61
   699   -61
   700   -61
   701   -61
   702   -61
   703   -61
   704   -61
   705   -61
   706   -61
   707   -61
   708   -60
   709   -61
   710   -60
   711   -61
   712   -60
   713   -61
   714   -61
   715   -62
   716   -61
   717   -61
   718   -61
   719   -61
   720   -61
   721   -61
   722   -62
   723   -61
   724   -61
   725   -61
   726   -61
   727   -60
   728   -61
   729   -60
   730   -61
   731   -61
   732   -61
   733   -61
   734   -61
   735   -61
   736   -61
   737   -61
   738   -61
   739   -61
   740   -61
   741   -61
   742   -61
   743   -61
   744   -60
   745   -61
   746   -60
   747   -62
   748   -61
   749   -61
   750   -61
   751   -62
   752   -61
   753   -61
   754   -61
   755   -61
   756   -61
   757   -61
   758   -61
   759   -60
   760   -61
   761   -61
   762   -61
   763   -61
   764   -61
   765   -61
   766   -62
   767   -61
   768   -61
   769   -61
   770   -61
   771   -61
   772   -61
   773   -61
   774   -61
   775   -61
   776   -61
   777   -61
   778   -60
   779   -61
   780   -61
   781   -61
   782   -60
   783   -61
   784   -61
   785   -61
   786   -61
   787   -61
   788   -61
   789   -61
   790   -61
   791   -61
   792   -61
   793   -60
   794   -62
   795   -61
   796   -61
   797   -60
   798   -61
   799   -61
   800   -62
   801   -60
   802   -61
   803   -60
   804   -61
   805   -61
   806   -61
   807   -61
   808   -61
   809   -61
   810   -61
   811   -61
   812   -60
   813   -61
   814   -60
   815   -61
   816   -60
   817   -61
   818   -61
   819   -61
   820   -61
   821   -61
   822   -61
   823   -61
   824   -61
   825   -61
   826   -61
   827   -61
   828   -61
   829   -61
   830   -61
   831   -61
   832   -61
   833   -61
   834   -61
   835   -61
   836   -61
   837   -61
   838   -61
   839   -61
   840   -61
   841   -61
   842   -61
   843   -61
   844   -61
   845   -62
   846   -60
   847   -61
   848   -61
   849   -61
   850   -61
   851   -61
   852   -61
   853   -61
   854   -61
   855   -61
   856   -61
   857   -61
   858   -61
   859   -60
   860   -61
   861   -61
   862   -61
   863   -60
   864   -61
   865   -61
   866   -62
   867   -61
   868   -61
   869   -61
   870   -61
   871   -61
   872   -61
   873   -61
   874   -61
   875   -61
   876   -61
   877   -61
   878   -60
   879   -62
   880   -61
   881   -61
   882   -60
   883   -61
   884   -61
   885   -61
   886   -61
   887   -61
   888   -61
   889   -61
   890   -61
   891   -61
   892   -61
   893   -61
   894   -61
   895   -61
   896   -61
   897   -61
   898   -61
   899   -61
   900   -61
   901   -61
   902   -61
   903   -61
   904   -61
   905   -61
   906   -61
   907   -61
   908   -61
   909   -61
   910   -61
   911   -61
   912   -61
   913   -61
   914   -61
   915   -61
   916   -61
   917   -61
   918   -61
   919   -61
   920   -61
   921   -61
   922   -61
   923   -61
   924   -62
   925   -61
   926   -61
   927   -61
   928   -61
   929   -61
   930   -61
   931   -61
   932   -61
   933   -61
   934   -61
   935   -61
   936   -61
   937   -61
   938   -61
   939   -61
   940   -61
   941   -61
   942   -61
   943   -61
   944   -61
   945   -61
   946   -61
   947   -61
   948   -61
   949   -61
   950   -61
   951   -61
   952   -61
   953   -61
   954   -61
   955   -61
   956   -61
   957   -61
   958   -61
   959   -61
   960   -61
   961   -61
   962   -61
   963   -61
   964   -61
   965   -61
   966   -61
   967   -61
   968   -61
   969   -61
   970   -61
   971   -61
   972   -61
   973   -62
   974   -61
   975   -62
   976   -61
   977   -61
   978   -61
   979   -61
   980   -61
   981   -61
   982   -61
   983   -61
   984   -61
   985   -61
   986   -61
   987   -61
   988   -61
   989   -61
   990   -61
   991   -61
   992   -61
   993   -61
   994   -61
   995   -61
   996   -61
   997   -61
   998   -61
   999   -60
