   0   0
   1   -62
   2   -60
   3   -62
   4   -59
   5   -62
   6   -60
   7   -62
   8   -60
   9   -62
   10   -61
   11   -61
   12   -61
   13   -61
   14   -61
   15   -60
   16   -62
   17   -60
   18   -63
   19   -60
   20   -63
   21   -60
   22   -62
   23   -60
   24   -62
   25   -61
   26   -61
   27   -61
   28   -61
   29   -61
   30   -61
   31   -62
   32   -60
   33   -63
   34   -60
   35   -62
   36   -59
   37   -63
   38   -60
   39   -62
   40   -60
   41   -62
   42   -61
   43   -61
   44   -61
   45   -61
   46   -62
   47   -60
   48   -62
   49   -60
   50   -62
   51   -60
   52   -62
   53   -60
   54   -62
   55   -60
   56   -62
   57   -60
   58   -61
   59   -61
   60   -62
   61   -62
   62   -61
   63   -62
   64   -60
   65   -62
   66   -60
   67   -63
   68   -60
   69   -62
   70   -60
   71   -62
   72   -60
   73   -62
   74   -60
   75   -62
   76   -61
   77   -61
   78   -61
   79   -61
   80   -62
   81   -60
   82   -62
   83   -60
   84   -62
   85   -60
   86   -62
   87   -60
   88   -62
   89   -60
   90   -62
   91   -60
   92   -61
   93   -61
   94   -61
   95   -61
   96   -60
   97   -62
   98   -60
   99   -62
   100   -60
   101   -63
   102   -60
   103   -63
   104   -60
   105   -62
   106   -60
   107   -62
   108   -61
   109   -61
   110   -61
   111   -61
   112   -61
   113   -60
   114   -62
   115   -60
   116   -63
   117   -60
   118   -62
   119   -60
   120   -63
   121   -60
   122   -62
   123   -61
   124   -62
   125   -61
   126   -61
   127   -61
   128   -61
   129   -62
   130   -60
   131   -62
   132   -60
   133   -63
   134   -59
   135   -63
   136   -60
   137   -62
   138   -60
   139   -62
   140   -60
   141   -62
   142   -61
   143   -61
   144   -61
   145   -60
   146   -62
   147   -60
   148   -62
   149   -60
   150   -62
   151   -60
   152   -62
   153   -60
   154   -62
   155   -61
   156   -62
   157   -60
   158   -61
   159   -61
   160   -61
   161   -62
   162   -60
   163   -62
   164   -60
   165   -62
   166   -60
   167   -63
   168   -60
   169   -62
   170   -60
   171   -62
   172   -60
   173   -62
   174   -60
   175   -62
   176   -61
   177   -61
   178   -61
   179   -60
   180   -62
   181   -60
   182   -62
   183   -60
   184   -62
   185   -60
   186   -63
   187   -60
   188   -62
   189   -60
   190   -62
   191   -61
   192   -61
   193   -62
   194   -60
   195   -61
   196   -60
   197   -62
   198   -60
   199   -61
   200   -61
   201   -62
   202   -41
   203   2
   204   29
   205   31
   206   28
   207   24
   208   22
   209   23
   210   22
   211   24
   212   22
   213   24
   214   21
   215   24
   216   22
   217   24
   218   22
   219   24
   220   22
   221   23
   222   23
   223   23
   224   23
   225   22
   226   23
   227   22
   228   24
   229   22
   230   24
   231   22
   232   24
   233   21
   234   24
   235   21
   236   24
   237   21
   238   23
   239   22
   240   23
   241   23
   242   22
   243   22
   244   21
   245   23
   246   21
   247   24
   248   21
   249   23
   250   21
   251   23
   252   21
   253   23
   254   22
   255   22
   256   21
   257   22
   258   22
   259   22
   260   23
   261   21
   262   23
   263   21
   264   23
   265   21
   266   23
   267   21
   268   22
   269   21
   270   22
   271   21
   272   22
   273   21
   274   22
   275   22
   276   21
   277   22
   278   20
   279   22
   280   20
   281   23
   282   20
   283   23
   284   20
   285   22
   286   21
   287   22
   288   21
   289   21
   290   21
   291   20
   292   21
   293   21
   294   22
   295   20
   296   22
   297   20
   298   22
   299   20
   300   22
   301   19
   302   22
   303   20
   304   22
   305   21
   306   21
   307   21
   308   21
   309   21
   310   20
   311   22
   312   20
   313   22
   314   19
   315   22
   316   20
   317   22
   318   20
   319   21
   320   20
   321   21
   322   21
   323   20
   324   21
   325   20
   326   21
   327   19
   328   21
   329   19
   330   22
   331   19
   332   21
   333   19
   334   21
   335   19
   336   21
   337   20
   338   20
   339   20
   340   19
   341   20
   342   19
   343   21
   344   19
   345   21
   346   19
   347   21
   348   18
   349   21
   350   19
   351   20
   352   18
   353   20
   354   19
   355   20
   356   19
   357   19
   358   20
   359   19
   360   20
   361   18
   362   21
   363   18
   364   21
   365   17
   366   20
   367   18
   368   20
   369   18
   370   19
   371   19
   372   19
   373   19
   374   18
   375   19
   376   18
   377   20
   378   18
   379   20
   380   17
   381   19
   382   17
   383   19
   384   17
   385   19
   386   18
   387   19
   388   18
   389   18
   390   18
   391   18
   392   19
   393   17
   394   19
   395   17
   396   19
   397   17
   398   19
   399   17
   400   18
   401   17
   402   18
   403   17
   404   18
   405   16
   406   16
   407   16
   408   15
   409   15
   410   12
   411   12
   412   9
   413   9
   414   5
   415   4
   416   -1
   417   -3
   418   -8
   419   -10
   420   -15
   421   -19
   422   -23
   423   -28
   424   -31
   425   -36
   426   -38
   427   -43
   428   -44
   429   -49
   430   -49
   431   -53
   432   -52
   433   -56
   434   -55
   435   -58
   436   -57
   437   -58
   438   -58
   439   -59
   440   -59
   441   -59
   442   -60
   443   -59
   444   -61
   445   -59
   446   -60
   447   -59
   448   -61
   449   -59
   450   -60
   451   -59
   452   -61
   453   -60
   454   -60
   455   -60
   456   -60
   457   -60
   458   -59
   459   -61
   460   -59
   461   -61
   462   -59
   463   -61
   464   -59
   465   -61
   466   -59
   467   -61
   468   -59
   469   -60
   470   -60
   471   -60
   472   -61
   473   -60
   474   -61
   475   -59
   476   -61
   477   -60
   478   -61
   479   -59
   480   -61
   481   -59
   482   -61
   483   -60
   484   -61
   485   -60
   486   -60
   487   -60
   488   -60
   489   -61
   490   -60
   491   -61
   492   -60
   493   -61
   494   -59
   495   -61
   496   -59
   497   -61
   498   -60
   499   -61
   500   -60
   501   -61
   502   -60
   503   -60
   504   -60
   505   -60
   506   -61
   507   -60
   508   -61
   509   -60
   510   -61
   511   -59
   512   -61
   513   -59
   514   -61
   515   -60
   516   -61
   517   -60
   518   -60
   519   -60
   520   -61
   521   -61
   522   -60
   523   -61
   524   -60
   525   -61
   526   -59
   527   -62
   528   -60
   529   -62
   530   -60
   531   -61
   532   -60
   533   -61
   534   -60
   535   -61
   536   -61
   537   -60
   538   -61
   539   -60
   540   -61
   541   -60
   542   -61
   543   -59
   544   -61
   545   -60
   546   -62
   547   -60
   548   -61
   549   -60
   550   -61
   551   -61
   552   -60
   553   -61
   554   -60
   555   -61
   556   -60
   557   -61
   558   -60
   559   -62
   560   -60
   561   -62
   562   -60
   563   -62
   564   -60
   565   -62
   566   -60
   567   -61
   568   -61
   569   -61
   570   -61
   571   -61
   572   -61
   573   -60
   574   -61
   575   -60
   576   -61
   577   -60
   578   -62
   579   -60
   580   -61
   581   -60
   582   -61
   583   -60
   584   -61
   585   -61
   586   -61
   587   -61
   588   -60
   589   -61
   590   -60
   591   -62
   592   -60
   593   -62
   594   -60
   595   -62
   596   -60
   597   -62
   598   -60
   599   -61
   600   -60
   601   -61
   602   -61
   603   -61
   604   -61
   605   -60
   606   -62
   607   -60
   608   -62
   609   -60
   610   -61
   611   -60
   612   -62
   613   -60
   614   -61
   615   -60
   616   -61
   617   -61
   618   -61
   619   -61
   620   -60
   621   -61
   622   -60
   623   -62
   624   -60
   625   -61
   626   -60
   627   -61
   628   -60
   629   -62
   630   -60
   631   -62
   632   -60
   633   -61
   634   -60
   635   -61
   636   -61
   637   -60
   638   -61
   639   -60
   640   -61
   641   -60
   642   -61
   643   -60
   644   -61
   645   -60
   646   -62
   647   -60
   648   -61
   649   -61
   650   -61
   651   -61
   652   -61
   653   -61
   654   -60
   655   -61
   656   -60
   657   -62
   658   -60
   659   -61
   660   -60
   661   -61
   662   -61
   663   -61
   664   -60
   665   -61
   666   -61
   667   -61
   668   -61
   669   -60
   670   -61
   671   -60
   672   -61
   673   -60
   674   -61
   675   -60
   676   -62
   677   -60
   678   -62
   679   -60
   680   -61
   681   -60
   682   -61
   683   -61
   684   -61
   685   -61
   686   -60
   687   -62
   688   -60
   689   -61
   690   -60
   691   -61
   692   -60
   693   -62
   694   -60
   695   -62
   696   -60
   697   -61
   698   -61
   699   -61
   700   -61
   701   -61
   702   -61
   703   -61
   704   -62
   705   -60
   706   -61
   707   -60
   708   -61
   709   -60
   710   -62
   711   -60
   712   -62
   713   -60
   714   -61
   715   -60
   716   -61
   717   -61
   718   -61
   719   -61
   720   -60
   721   -62
   722   -60
   723   -61
   724   -60
   725   -61
   726   -60
   727   -62
   728   -61
   729   -61
   730   -61
   731   -61
   732   -61
   733   -60
   734   -61
   735   -60
   736   -62
   737   -60
   738   -62
   739   -60
   740   -62
   741   -60
   742   -61
   743   -60
   744   -62
   745   -60
   746   -61
   747   -61
   748   -61
   749   -61
   750   -61
   751   -61
   752   -60
   753   -62
   754   -60
   755   -61
   756   -60
   757   -61
   758   -60
   759   -62
   760   -61
   761   -61
   762   -60
   763   -61
   764   -61
   765   -61
   766   -61
   767   -61
   768   -61
   769   -60
   770   -61
   771   -60
   772   -62
   773   -60
   774   -62
   775   -60
   776   -61
   777   -60
   778   -61
   779   -61
   780   -61
   781   -61
   782   -61
   783   -61
   784   -60
   785   -61
   786   -60
   787   -62
   788   -60
   789   -62
   790   -60
   791   -62
   792   -60
   793   -61
   794   -61
   795   -61
   796   -61
   797   -61
   798   -61
   799   -61
   800   -62
   801   -60
   802   -61
   803   -60
   804   -62
   805   -60
   806   -62
   807   -60
   808   -61
   809   -60
   810   -61
   811   -61
   812   -61
   813   -60
   814   -61
   815   -61
   816   -61
   817   -61
   818   -60
   819   -61
   820   -60
   821   -62
   822   -60
   823   -61
   824   -60
   825   -62
   826   -61
   827   -61
   828   -61
   829   -61
   830   -61
   831   -61
   832   -61
   833   -61
   834   -61
   835   -61
   836   -61
   837   -60
   838   -61
   839   -61
   840   -62
   841   -61
   842   -61
   843   -60
   844   -61
   845   -61
   846   -61
   847   -61
   848   -60
   849   -61
   850   -60
   851   -61
   852   -60
   853   -62
   854   -60
   855   -61
   856   -60
   857   -62
   858   -60
   859   -62
   860   -61
   861   -61
   862   -61
   863   -61
   864   -61
   865   -61
   866   -61
   867   -60
   868   -61
   869   -60
   870   -62
   871   -60
   872   -62
   873   -60
   874   -62
   875   -60
   876   -61
   877   -61
   878   -62
   879   -61
   880   -61
   881   -61
   882   -61
   883   -61
   884   -60
   885   -61
   886   -61
   887   -62
   888   -60
   889   -61
   890   -60
   891   -61
   892   -61
   893   -61
   894   -61
   895   -61
   896   -61
   897   -61
   898   -61
   899   -61
   900   -61
   901   -60
   902   -61
   903   -60
   904   -61
   905   -60
   906   -61
   907   -60
   908   -61
   909   -61
   910   -61
   911   -61
   912   -61
   913   -61
   914   -61
   915   -62
   916   -61
   917   -61
   918   -60
   919   -61
   920   -61
   921   -61
   922   -60
   923   -62
   924   -61
   925   -62
   926   -61
   927   -61
   928   -61
   929   -61
   930   -61
   931   -61
   932   -61
   933   -61
   934   -61
   935   -60
   936   -61
   937   -60
   938   -61
   939   -60
   940   -61
   941   -61
   942   -61
   943   -61
   944   -61
   945   -61
   946   -61
   947   -61
   948   -61
   949   -61
   950   -61
   951   -61
   952   -61
   953   -61
   954   -61
   955   -61
   956   -61
   957   -61
   958   -61
   959   -61
   960   -61
   961   -60
   962   -61
   963   -61
   964   -61
   965   -60
   966   -61
   967   -60
   968   -61
   969   -60
   970   -61
   971   -61
   972   -61
   973   -61
   974   -61
   975   -61
   976   -61
   977   -61
   978   -60
   979   -61
   980   -60
   981   -61
   982   -60
   983   -61
   984   -60
   985   -62
   986   -60
   987   -62
   988   -61
   989   -61
   990   -60
   991   -61
   992   -61
   993   -61
   994   -61
   995   -61
   996   -61
   997   -61
   998   -61
   999   -60
