   0   0
   1   -69
   2   -69
   3   -69
   4   -68
   5   -68
   6   -67
   7   -67
   8   -67
   9   -66
   10   -66
   11   -67
   12   -67
   13   -67
   14   -68
   15   -68
   16   -69
   17   -69
   18   -69
   19   -69
   20   -68
   21   -68
   22   -68
   23   -67
   24   -66
   25   -66
   26   -66
   27   -66
   28   -67
   29   -67
   30   -67
   31   -69
   32   -69
   33   -69
   34   -69
   35   -68
   36   -69
   37   -68
   38   -68
   39   -67
   40   -66
   41   -66
   42   -67
   43   -66
   44   -67
   45   -67
   46   -68
   47   -69
   48   -69
   49   -69
   50   -69
   51   -69
   52   -69
   53   -68
   54   -68
   55   -67
   56   -67
   57   -66
   58   -66
   59   -66
   60   -66
   61   -67
   62   -67
   63   -68
   64   -69
   65   -69
   66   -69
   67   -70
   68   -70
   69   -69
   70   -69
   71   -68
   72   -67
   73   -67
   74   -66
   75   -66
   76   -66
   77   -66
   78   -67
   79   -67
   80   -68
   81   -69
   82   -69
   83   -69
   84   -69
   85   -69
   86   -68
   87   -68
   88   -67
   89   -67
   90   -66
   91   -66
   92   -66
   93   -66
   94   -67
   95   -68
   96   -68
   97   -69
   98   -69
   99   -69
   100   -69
   101   -69
   102   -69
   103   -68
   104   -67
   105   -66
   106   -66
   107   -66
   108   -66
   109   -66
   110   -67
   111   -67
   112   -68
   113   -68
   114   -69
   115   -69
   116   -69
   117   -70
   118   -69
   119   -68
   120   -68
   121   -67
   122   -66
   123   -65
   124   -66
   125   -66
   126   -66
   127   -66
   128   -67
   129   -68
   130   -69
   131   -69
   132   -69
   133   -69
   134   -69
   135   -68
   136   -68
   137   -67
   138   -67
   139   -66
   140   -66
   141   -66
   142   -66
   143   -67
   144   -67
   145   -68
   146   -69
   147   -69
   148   -69
   149   -70
   150   -69
   151   -69
   152   -68
   153   -67
   154   -67
   155   -66
   156   -66
   157   -66
   158   -66
   159   -66
   160   -67
   161   -67
   162   -68
   163   -69
   164   -70
   165   -70
   166   -69
   167   -69
   168   -68
   169   -68
   170   -67
   171   -66
   172   -66
   173   -66
   174   -65
   175   -66
   176   -66
   177   -67
   178   -68
   179   -69
   180   -69
   181   -69
   182   -70
   183   -69
   184   -69
   185   -68
   186   -68
   187   -67
   188   -66
   189   -65
   190   -66
   191   -65
   192   -66
   193   -67
   194   -67
   195   -68
   196   -69
   197   -69
   198   -69
   199   -70
   200   -70
   201   -45
   202   9
   203   -42
   204   -44
   205   -38
   206   -36
   207   -38
   208   -37
   209   -37
   210   -38
   211   -38
   212   -38
   213   -40
   214   -40
   215   -39
   216   -40
   217   -38
   218   -38
   219   -37
   220   -35
   221   -35
   222   -36
   223   -35
   224   -35
   225   -36
   226   -36
   227   -36
   228   -38
   229   -39
   230   -39
   231   -39
   232   -39
   233   -39
   234   -38
   235   -37
   236   -36
   237   -36
   238   -35
   239   -35
   240   -35
   241   -36
   242   -36
   243   -38
   244   -38
   245   -40
   246   -40
   247   -40
   248   -40
   249   -39
   250   -39
   251   -39
   252   -37
   253   -36
   254   -36
   255   -35
   256   -36
   257   -36
   258   -37
   259   -37
   260   -38
   261   -39
   262   -40
   263   -40
   264   -40
   265   -40
   266   -40
   267   -39
   268   -38
   269   -38
   270   -37
   271   -37
   272   -36
   273   -37
   274   -37
   275   -38
   276   -39
   277   -40
   278   -41
   279   -41
   280   -41
   281   -42
   282   -41
   283   -41
   284   -40
   285   -39
   286   -37
   287   -38
   288   -37
   289   -37
   290   -37
   291   -38
   292   -38
   293   -40
   294   -41
   295   -42
   296   -42
   297   -42
   298   -41
   299   -41
   300   -41
   301   -40
   302   -39
   303   -38
   304   -38
   305   -37
   306   -38
   307   -39
   308   -39
   309   -40
   310   -42
   311   -42
   312   -43
   313   -43
   314   -43
   315   -42
   316   -42
   317   -41
   318   -41
   319   -39
   320   -38
   321   -38
   322   -38
   323   -39
   324   -39
   325   -40
   326   -41
   327   -42
   328   -43
   329   -43
   330   -43
   331   -43
   332   -43
   333   -42
   334   -41
   335   -40
   336   -39
   337   -39
   338   -38
   339   -39
   340   -40
   341   -41
   342   -42
   343   -43
   344   -43
   345   -44
   346   -45
   347   -45
   348   -44
   349   -43
   350   -42
   351   -41
   352   -41
   353   -40
   354   -40
   355   -40
   356   -40
   357   -41
   358   -42
   359   -43
   360   -45
   361   -44
   362   -45
   363   -45
   364   -45
   365   -44
   366   -43
   367   -42
   368   -41
   369   -40
   370   -40
   371   -40
   372   -40
   373   -41
   374   -43
   375   -43
   376   -44
   377   -45
   378   -46
   379   -46
   380   -46
   381   -45
   382   -45
   383   -44
   384   -43
   385   -42
   386   -41
   387   -41
   388   -42
   389   -42
   390   -42
   391   -43
   392   -45
   393   -45
   394   -47
   395   -46
   396   -46
   397   -46
   398   -45
   399   -44
   400   -44
   401   -43
   402   -42
   403   -42
   404   -42
   405   -42
   406   -43
   407   -44
   408   -44
   409   -46
   410   -47
   411   -47
   412   -47
   413   -47
   414   -47
   415   -46
   416   -45
   417   -44
   418   -43
   419   -43
   420   -43
   421   -43
   422   -44
   423   -44
   424   -45
   425   -47
   426   -48
   427   -48
   428   -49
   429   -48
   430   -48
   431   -47
   432   -46
   433   -45
   434   -45
   435   -44
   436   -44
   437   -44
   438   -44
   439   -45
   440   -47
   441   -47
   442   -49
   443   -51
   444   -51
   445   -51
   446   -51
   447   -51
   448   -51
   449   -50
   450   -49
   451   -49
   452   -48
   453   -49
   454   -49
   455   -50
   456   -51
   457   -52
   458   -54
   459   -55
   460   -56
   461   -57
   462   -57
   463   -57
   464   -56
   465   -56
   466   -55
   467   -55
   468   -54
   469   -54
   470   -55
   471   -56
   472   -57
   473   -58
   474   -59
   475   -60
   476   -62
   477   -62
   478   -63
   479   -63
   480   -63
   481   -62
   482   -62
   483   -61
   484   -61
   485   -60
   486   -60
   487   -60
   488   -62
   489   -63
   490   -64
   491   -65
   492   -66
   493   -67
   494   -67
   495   -68
   496   -67
   497   -66
   498   -65
   499   -65
   500   -63
   501   -63
   502   -63
   503   -63
   504   -64
   505   -65
   506   -65
   507   -67
   508   -68
   509   -68
   510   -69
   511   -69
   512   -70
   513   -69
   514   -68
   515   -67
   516   -66
   517   -65
   518   -64
   519   -64
   520   -64
   521   -66
   522   -65
   523   -68
   524   -69
   525   -69
   526   -70
   527   -70
   528   -70
   529   -69
   530   -68
   531   -67
   532   -67
   533   -65
   534   -65
   535   -64
   536   -64
   537   -65
   538   -66
   539   -67
   540   -67
   541   -68
   542   -69
   543   -70
   544   -70
   545   -70
   546   -69
   547   -68
   548   -67
   549   -66
   550   -65
   551   -64
   552   -65
   553   -65
   554   -65
   555   -67
   556   -67
   557   -69
   558   -71
   559   -70
   560   -70
   561   -70
   562   -69
   563   -69
   564   -67
   565   -66
   566   -66
   567   -64
   568   -64
   569   -65
   570   -65
   571   -65
   572   -67
   573   -68
   574   -69
   575   -69
   576   -70
   577   -70
   578   -70
   579   -69
   580   -68
   581   -67
   582   -66
   583   -65
   584   -64
   585   -65
   586   -65
   587   -66
   588   -67
   589   -68
   590   -69
   591   -69
   592   -70
   593   -70
   594   -70
   595   -69
   596   -68
   597   -67
   598   -66
   599   -66
   600   -65
   601   -65
   602   -65
   603   -65
   604   -66
   605   -67
   606   -68
   607   -69
   608   -70
   609   -70
   610   -70
   611   -69
   612   -69
   613   -68
   614   -66
   615   -66
   616   -66
   617   -65
   618   -65
   619   -65
   620   -66
   621   -67
   622   -68
   623   -69
   624   -70
   625   -70
   626   -70
   627   -70
   628   -70
   629   -69
   630   -67
   631   -66
   632   -66
   633   -65
   634   -65
   635   -65
   636   -65
   637   -66
   638   -67
   639   -68
   640   -69
   641   -69
   642   -70
   643   -70
   644   -69
   645   -69
   646   -68
   647   -67
   648   -65
   649   -65
   650   -65
   651   -65
   652   -65
   653   -66
   654   -67
   655   -68
   656   -69
   657   -69
   658   -70
   659   -70
   660   -70
   661   -69
   662   -69
   663   -67
   664   -66
   665   -65
   666   -65
   667   -65
   668   -65
   669   -66
   670   -66
   671   -68
   672   -68
   673   -69
   674   -69
   675   -70
   676   -70
   677   -69
   678   -68
   679   -67
   680   -67
   681   -65
   682   -65
   683   -65
   684   -65
   685   -65
   686   -66
   687   -67
   688   -68
   689   -69
   690   -70
   691   -70
   692   -70
   693   -70
   694   -69
   695   -68
   696   -67
   697   -66
   698   -65
   699   -65
   700   -65
   701   -65
   702   -65
   703   -66
   704   -67
   705   -68
   706   -69
   707   -69
   708   -70
   709   -69
   710   -69
   711   -68
   712   -67
   713   -67
   714   -66
   715   -65
   716   -65
   717   -65
   718   -66
   719   -66
   720   -67
   721   -68
   722   -69
   723   -70
   724   -70
   725   -70
   726   -70
   727   -69
   728   -68
   729   -67
   730   -66
   731   -66
   732   -65
   733   -65
   734   -65
   735   -66
   736   -67
   737   -68
   738   -69
   739   -69
   740   -69
   741   -70
   742   -69
   743   -69
   744   -68
   745   -67
   746   -66
   747   -65
   748   -65
   749   -65
   750   -65
   751   -65
   752   -66
   753   -67
   754   -68
   755   -69
   756   -69
   757   -70
   758   -70
   759   -69
   760   -69
   761   -68
   762   -67
   763   -66
   764   -66
   765   -66
   766   -66
   767   -65
   768   -66
   769   -67
   770   -67
   771   -69
   772   -69
   773   -69
   774   -69
   775   -69
   776   -68
   777   -68
   778   -67
   779   -66
   780   -65
   781   -65
   782   -65
   783   -65
   784   -66
   785   -67
   786   -68
   787   -68
   788   -68
   789   -70
   790   -70
   791   -70
   792   -69
   793   -68
   794   -68
   795   -67
   796   -66
   797   -65
   798   -66
   799   -66
   800   -66
   801   -67
   802   -67
   803   -68
   804   -69
   805   -69
   806   -69
   807   -69
   808   -69
   809   -68
   810   -68
   811   -67
   812   -66
   813   -65
   814   -65
   815   -65
   816   -65
   817   -66
   818   -67
   819   -67
   820   -68
   821   -69
   822   -70
   823   -69
   824   -69
   825   -69
   826   -69
   827   -68
   828   -67
   829   -67
   830   -66
   831   -66
   832   -66
   833   -66
   834   -67
   835   -67
   836   -68
   837   -68
   838   -69
   839   -70
   840   -69
   841   -69
   842   -68
   843   -67
   844   -67
   845   -66
   846   -66
   847   -65
   848   -66
   849   -65
   850   -66
   851   -67
   852   -67
   853   -68
   854   -69
   855   -69
   856   -69
   857   -69
   858   -69
   859   -69
   860   -68
   861   -67
   862   -66
   863   -67
   864   -66
   865   -65
   866   -67
   867   -67
   868   -68
   869   -69
   870   -69
   871   -70
   872   -69
   873   -69
   874   -69
   875   -68
   876   -68
   877   -67
   878   -66
   879   -65
   880   -65
   881   -65
   882   -66
   883   -66
   884   -67
   885   -67
   886   -68
   887   -69
   888   -69
   889   -69
   890   -69
   891   -68
   892   -68
   893   -67
   894   -67
   895   -67
   896   -66
   897   -66
   898   -66
   899   -67
   900   -67
   901   -68
   902   -68
   903   -69
   904   -69
   905   -69
   906   -69
   907   -69
   908   -68
   909   -67
   910   -67
   911   -66
   912   -66
   913   -66
   914   -65
   915   -66
   916   -66
   917   -67
   918   -67
   919   -68
   920   -69
   921   -69
   922   -69
   923   -68
   924   -68
   925   -68
   926   -67
   927   -67
   928   -66
   929   -66
   930   -66
   931   -66
   932   -66
   933   -67
   934   -68
   935   -68
   936   -69
   937   -69
   938   -69
   939   -69
   940   -69
   941   -68
   942   -68
   943   -67
   944   -66
   945   -66
   946   -65
   947   -66
   948   -66
   949   -66
   950   -67
   951   -67
   952   -68
   953   -68
   954   -68
   955   -68
   956   -68
   957   -68
   958   -68
   959   -67
   960   -66
   961   -66
   962   -66
   963   -66
   964   -67
   965   -67
   966   -68
   967   -68
   968   -68
   969   -69
   970   -69
   971   -69
   972   -69
   973   -68
   974   -68
   975   -68
   976   -67
   977   -66
   978   -66
   979   -66
   980   -66
   981   -67
   982   -67
   983   -67
   984   -68
   985   -68
   986   -68
   987   -68
   988   -68
   989   -68
   990   -67
   991   -68
   992   -67
   993   -66
   994   -67
   995   -66
   996   -66
   997   -66
   998   -67
   999   -67
