   0   0
   1   -61
   2   -61
   3   -61
   4   -61
   5   -62
   6   -60
   7   -62
   8   -61
   9   -62
   10   -60
   11   -62
   12   -61
   13   -62
   14   -61
   15   -61
   16   -61
   17   -61
   18   -62
   19   -61
   20   -62
   21   -61
   22   -61
   23   -61
   24   -62
   25   -61
   26   -61
   27   -61
   28   -61
   29   -61
   30   -61
   31   -61
   32   -61
   33   -62
   34   -61
   35   -62
   36   -61
   37   -62
   38   -60
   39   -62
   40   -61
   41   -62
   42   -61
   43   -61
   44   -61
   45   -61
   46   -61
   47   -61
   48   -61
   49   -61
   50   -62
   51   -60
   52   -62
   53   -60
   54   -62
   55   -60
   56   -62
   57   -60
   58   -62
   59   -60
   60   -62
   61   -61
   62   -62
   63   -61
   64   -61
   65   -61
   66   -61
   67   -62
   68   -61
   69   -62
   70   -61
   71   -62
   72   -60
   73   -62
   74   -60
   75   -62
   76   -60
   77   -62
   78   -61
   79   -61
   80   -61
   81   -61
   82   -61
   83   -61
   84   -61
   85   -61
   86   -61
   87   -61
   88   -62
   89   -61
   90   -62
   91   -61
   92   -61
   93   -61
   94   -61
   95   -61
   96   -61
   97   -62
   98   -61
   99   -61
   100   -60
   101   -61
   102   -61
   103   -62
   104   -60
   105   -62
   106   -61
   107   -62
   108   -61
   109   -62
   110   -61
   111   -61
   112   -61
   113   -61
   114   -61
   115   -61
   116   -62
   117   -60
   118   -62
   119   -60
   120   -62
   121   -60
   122   -62
   123   -60
   124   -62
   125   -61
   126   -62
   127   -61
   128   -61
   129   -61
   130   -62
   131   -61
   132   -61
   133   -62
   134   -61
   135   -61
   136   -61
   137   -62
   138   -60
   139   -61
   140   -61
   141   -62
   142   -61
   143   -62
   144   -61
   145   -61
   146   -61
   147   -61
   148   -62
   149   -61
   150   -62
   151   -61
   152   -62
   153   -61
   154   -61
   155   -61
   156   -62
   157   -61
   158   -61
   159   -61
   160   -61
   161   -62
   162   -61
   163   -61
   164   -60
   165   -62
   166   -60
   167   -62
   168   -60
   169   -62
   170   -60
   171   -62
   172   -60
   173   -62
   174   -61
   175   -62
   176   -61
   177   -61
   178   -61
   179   -61
   180   -61
   181   -61
   182   -62
   183   -60
   184   -62
   185   -60
   186   -63
   187   -60
   188   -62
   189   -60
   190   -62
   191   -60
   192   -62
   193   -61
   194   -61
   195   -61
   196   -61
   197   -61
   198   -61
   199   -61
   200   -62
   201   -61
   202   -41
   203   1
   204   25
   205   28
   206   25
   207   21
   208   19
   209   20
   210   21
   211   21
   212   20
   213   21
   214   19
   215   22
   216   20
   217   22
   218   20
   219   21
   220   20
   221   21
   222   20
   223   22
   224   21
   225   20
   226   20
   227   21
   228   21
   229   20
   230   21
   231   20
   232   22
   233   20
   234   22
   235   19
   236   21
   237   19
   238   21
   239   20
   240   22
   241   20
   242   21
   243   20
   244   20
   245   20
   246   20
   247   21
   248   20
   249   21
   250   19
   251   21
   252   20
   253   22
   254   20
   255   21
   256   19
   257   21
   258   20
   259   20
   260   20
   261   20
   262   20
   263   20
   264   21
   265   20
   266   20
   267   19
   268   20
   269   20
   270   20
   271   19
   272   20
   273   20
   274   20
   275   20
   276   20
   277   20
   278   19
   279   20
   280   19
   281   21
   282   19
   283   21
   284   19
   285   20
   286   19
   287   20
   288   19
   289   20
   290   19
   291   19
   292   19
   293   19
   294   20
   295   19
   296   21
   297   19
   298   20
   299   18
   300   20
   301   18
   302   20
   303   18
   304   20
   305   19
   306   20
   307   19
   308   20
   309   19
   310   19
   311   20
   312   19
   313   19
   314   19
   315   20
   316   18
   317   20
   318   19
   319   20
   320   18
   321   19
   322   18
   323   19
   324   19
   325   19
   326   19
   327   19
   328   19
   329   19
   330   19
   331   18
   332   19
   333   18
   334   19
   335   18
   336   19
   337   18
   338   19
   339   18
   340   18
   341   19
   342   18
   343   19
   344   18
   345   19
   346   17
   347   19
   348   17
   349   19
   350   18
   351   19
   352   17
   353   19
   354   18
   355   18
   356   18
   357   18
   358   18
   359   18
   360   18
   361   17
   362   19
   363   17
   364   18
   365   17
   366   19
   367   17
   368   19
   369   17
   370   19
   371   17
   372   18
   373   17
   374   18
   375   18
   376   17
   377   18
   378   17
   379   18
   380   17
   381   18
   382   16
   383   18
   384   17
   385   18
   386   17
   387   17
   388   17
   389   17
   390   17
   391   17
   392   17
   393   17
   394   18
   395   17
   396   17
   397   16
   398   18
   399   16
   400   17
   401   17
   402   17
   403   16
   404   16
   405   17
   406   16
   407   17
   408   16
   409   17
   410   15
   411   17
   412   14
   413   16
   414   13
   415   14
   416   12
   417   12
   418   9
   419   8
   420   5
   421   4
   422   1
   423   -2
   424   -4
   425   -8
   426   -11
   427   -16
   428   -18
   429   -24
   430   -25
   431   -31
   432   -33
   433   -38
   434   -39
   435   -44
   436   -44
   437   -48
   438   -49
   439   -52
   440   -53
   441   -54
   442   -55
   443   -56
   444   -57
   445   -57
   446   -58
   447   -58
   448   -59
   449   -58
   450   -60
   451   -59
   452   -60
   453   -59
   454   -59
   455   -60
   456   -60
   457   -60
   458   -59
   459   -60
   460   -59
   461   -60
   462   -59
   463   -61
   464   -59
   465   -60
   466   -59
   467   -60
   468   -59
   469   -60
   470   -60
   471   -60
   472   -60
   473   -60
   474   -60
   475   -60
   476   -60
   477   -59
   478   -60
   479   -59
   480   -61
   481   -59
   482   -61
   483   -59
   484   -61
   485   -59
   486   -60
   487   -60
   488   -60
   489   -60
   490   -60
   491   -60
   492   -60
   493   -61
   494   -59
   495   -61
   496   -59
   497   -61
   498   -60
   499   -61
   500   -60
   501   -61
   502   -59
   503   -60
   504   -60
   505   -60
   506   -60
   507   -60
   508   -61
   509   -60
   510   -60
   511   -60
   512   -60
   513   -60
   514   -61
   515   -59
   516   -61
   517   -60
   518   -60
   519   -60
   520   -60
   521   -61
   522   -60
   523   -61
   524   -60
   525   -61
   526   -60
   527   -61
   528   -60
   529   -61
   530   -59
   531   -61
   532   -60
   533   -61
   534   -60
   535   -61
   536   -60
   537   -60
   538   -60
   539   -60
   540   -61
   541   -60
   542   -61
   543   -60
   544   -61
   545   -60
   546   -61
   547   -59
   548   -61
   549   -60
   550   -61
   551   -60
   552   -61
   553   -60
   554   -61
   555   -60
   556   -60
   557   -61
   558   -60
   559   -61
   560   -60
   561   -61
   562   -60
   563   -61
   564   -60
   565   -61
   566   -60
   567   -61
   568   -60
   569   -61
   570   -60
   571   -61
   572   -60
   573   -60
   574   -61
   575   -60
   576   -61
   577   -60
   578   -61
   579   -60
   580   -61
   581   -60
   582   -61
   583   -60
   584   -61
   585   -61
   586   -60
   587   -61
   588   -60
   589   -61
   590   -60
   591   -61
   592   -60
   593   -62
   594   -60
   595   -61
   596   -60
   597   -61
   598   -60
   599   -61
   600   -60
   601   -61
   602   -61
   603   -61
   604   -61
   605   -60
   606   -61
   607   -60
   608   -61
   609   -60
   610   -61
   611   -59
   612   -61
   613   -60
   614   -61
   615   -60
   616   -62
   617   -60
   618   -61
   619   -60
   620   -61
   621   -61
   622   -60
   623   -61
   624   -60
   625   -61
   626   -60
   627   -61
   628   -60
   629   -61
   630   -60
   631   -61
   632   -60
   633   -61
   634   -61
   635   -61
   636   -60
   637   -61
   638   -61
   639   -60
   640   -61
   641   -60
   642   -61
   643   -60
   644   -61
   645   -60
   646   -61
   647   -60
   648   -61
   649   -60
   650   -61
   651   -61
   652   -60
   653   -61
   654   -60
   655   -61
   656   -60
   657   -62
   658   -60
   659   -61
   660   -60
   661   -62
   662   -60
   663   -62
   664   -60
   665   -61
   666   -60
   667   -60
   668   -61
   669   -60
   670   -61
   671   -60
   672   -61
   673   -60
   674   -61
   675   -60
   676   -61
   677   -60
   678   -62
   679   -60
   680   -61
   681   -60
   682   -61
   683   -60
   684   -61
   685   -61
   686   -61
   687   -61
   688   -61
   689   -61
   690   -60
   691   -62
   692   -60
   693   -61
   694   -60
   695   -61
   696   -60
   697   -61
   698   -60
   699   -61
   700   -61
   701   -61
   702   -61
   703   -60
   704   -61
   705   -60
   706   -61
   707   -60
   708   -62
   709   -60
   710   -62
   711   -60
   712   -61
   713   -60
   714   -61
   715   -61
   716   -61
   717   -61
   718   -61
   719   -61
   720   -60
   721   -61
   722   -60
   723   -61
   724   -60
   725   -62
   726   -60
   727   -62
   728   -60
   729   -62
   730   -60
   731   -61
   732   -60
   733   -61
   734   -61
   735   -61
   736   -61
   737   -60
   738   -61
   739   -60
   740   -61
   741   -60
   742   -62
   743   -60
   744   -62
   745   -60
   746   -62
   747   -60
   748   -61
   749   -61
   750   -61
   751   -61
   752   -60
   753   -61
   754   -61
   755   -61
   756   -60
   757   -61
   758   -60
   759   -61
   760   -60
   761   -62
   762   -61
   763   -61
   764   -60
   765   -61
   766   -61
   767   -61
   768   -61
   769   -61
   770   -61
   771   -60
   772   -61
   773   -60
   774   -61
   775   -60
   776   -61
   777   -60
   778   -61
   779   -61
   780   -61
   781   -61
   782   -61
   783   -61
   784   -60
   785   -61
   786   -60
   787   -62
   788   -60
   789   -62
   790   -60
   791   -62
   792   -60
   793   -62
   794   -60
   795   -61
   796   -60
   797   -61
   798   -60
   799   -61
   800   -61
   801   -60
   802   -61
   803   -61
   804   -62
   805   -60
   806   -61
   807   -60
   808   -62
   809   -60
   810   -61
   811   -60
   812   -61
   813   -61
   814   -61
   815   -60
   816   -61
   817   -61
   818   -61
   819   -61
   820   -60
   821   -61
   822   -60
   823   -62
   824   -60
   825   -61
   826   -60
   827   -61
   828   -61
   829   -61
   830   -61
   831   -61
   832   -61
   833   -61
   834   -61
   835   -60
   836   -61
   837   -60
   838   -62
   839   -60
   840   -62
   841   -60
   842   -62
   843   -60
   844   -61
   845   -61
   846   -61
   847   -61
   848   -61
   849   -61
   850   -60
   851   -62
   852   -60
   853   -62
   854   -60
   855   -62
   856   -60
   857   -62
   858   -60
   859   -62
   860   -60
   861   -62
   862   -60
   863   -61
   864   -60
   865   -61
   866   -61
   867   -60
   868   -61
   869   -60
   870   -62
   871   -60
   872   -62
   873   -60
   874   -62
   875   -61
   876   -61
   877   -60
   878   -61
   879   -61
   880   -61
   881   -61
   882   -61
   883   -61
   884   -61
   885   -61
   886   -60
   887   -62
   888   -60
   889   -61
   890   -60
   891   -61
   892   -61
   893   -61
   894   -60
   895   -61
   896   -61
   897   -61
   898   -61
   899   -60
   900   -61
   901   -60
   902   -61
   903   -60
   904   -62
   905   -60
   906   -62
   907   -60
   908   -61
   909   -60
   910   -61
   911   -61
   912   -61
   913   -61
   914   -61
   915   -62
   916   -60
   917   -61
   918   -60
   919   -62
   920   -60
   921   -62
   922   -60
   923   -62
   924   -60
   925   -62
   926   -60
   927   -62
   928   -60
   929   -61
   930   -61
   931   -61
   932   -61
   933   -61
   934   -62
   935   -60
   936   -62
   937   -60
   938   -62
   939   -60
   940   -62
   941   -60
   942   -61
   943   -60
   944   -61
   945   -60
   946   -61
   947   -61
   948   -61
   949   -61
   950   -60
   951   -62
   952   -60
   953   -62
   954   -60
   955   -62
   956   -60
   957   -62
   958   -60
   959   -61
   960   -61
   961   -61
   962   -61
   963   -61
   964   -61
   965   -60
   966   -61
   967   -60
   968   -62
   969   -60
   970   -62
   971   -60
   972   -62
   973   -61
   974   -62
   975   -60
   976   -61
   977   -60
   978   -61
   979   -61
   980   -61
   981   -61
   982   -60
   983   -62
   984   -60
   985   -62
   986   -60
   987   -62
   988   -60
   989   -62
   990   -60
   991   -61
   992   -60
   993   -61
   994   -61
   995   -61
   996   -61
   997   -61
   998   -61
   999   -61
