   0   0
   1   -61
   2   -60
   3   -62
   4   -60
   5   -62
   6   -60
   7   -62
   8   -61
   9   -62
   10   -60
   11   -61
   12   -61
   13   -61
   14   -61
   15   -61
   16   -62
   17   -61
   18   -62
   19   -61
   20   -62
   21   -60
   22   -62
   23   -60
   24   -62
   25   -60
   26   -62
   27   -61
   28   -62
   29   -61
   30   -61
   31   -61
   32   -61
   33   -61
   34   -61
   35   -62
   36   -61
   37   -61
   38   -61
   39   -62
   40   -61
   41   -62
   42   -61
   43   -61
   44   -61
   45   -61
   46   -61
   47   -61
   48   -61
   49   -61
   50   -61
   51   -60
   52   -62
   53   -61
   54   -62
   55   -61
   56   -61
   57   -60
   58   -62
   59   -61
   60   -61
   61   -61
   62   -61
   63   -61
   64   -61
   65   -62
   66   -61
   67   -62
   68   -61
   69   -62
   70   -60
   71   -62
   72   -60
   73   -62
   74   -60
   75   -62
   76   -61
   77   -61
   78   -61
   79   -61
   80   -61
   81   -61
   82   -61
   83   -61
   84   -61
   85   -61
   86   -62
   87   -60
   88   -62
   89   -60
   90   -62
   91   -61
   92   -61
   93   -60
   94   -61
   95   -61
   96   -61
   97   -61
   98   -61
   99   -61
   100   -61
   101   -62
   102   -61
   103   -61
   104   -61
   105   -62
   106   -60
   107   -61
   108   -61
   109   -62
   110   -61
   111   -61
   112   -61
   113   -61
   114   -61
   115   -61
   116   -61
   117   -60
   118   -61
   119   -60
   120   -62
   121   -61
   122   -62
   123   -61
   124   -61
   125   -61
   126   -61
   127   -61
   128   -61
   129   -61
   130   -61
   131   -61
   132   -61
   133   -62
   134   -60
   135   -62
   136   -60
   137   -62
   138   -60
   139   -62
   140   -61
   141   -62
   142   -61
   143   -61
   144   -61
   145   -61
   146   -61
   147   -61
   148   -61
   149   -61
   150   -62
   151   -61
   152   -62
   153   -60
   154   -61
   155   -60
   156   -61
   157   -61
   158   -61
   159   -61
   160   -61
   161   -61
   162   -61
   163   -61
   164   -61
   165   -61
   166   -61
   167   -62
   168   -61
   169   -61
   170   -61
   171   -61
   172   -61
   173   -61
   174   -61
   175   -61
   176   -61
   177   -61
   178   -61
   179   -61
   180   -61
   181   -61
   182   -62
   183   -61
   184   -62
   185   -60
   186   -62
   187   -60
   188   -61
   189   -60
   190   -62
   191   -61
   192   -61
   193   -61
   194   -60
   195   -61
   196   -61
   197   -61
   198   -61
   199   -61
   200   -61
   201   -59
   202   -25
   203   26
   204   44
   205   43
   206   39
   207   38
   208   38
   209   39
   210   40
   211   43
   212   41
   213   43
   214   42
   215   44
   216   43
   217   44
   218   43
   219   45
   220   44
   221   45
   222   44
   223   46
   224   45
   225   45
   226   45
   227   45
   228   45
   229   45
   230   46
   231   45
   232   45
   233   45
   234   46
   235   45
   236   46
   237   45
   238   46
   239   46
   240   46
   241   46
   242   46
   243   45
   244   45
   245   46
   246   45
   247   46
   248   45
   249   46
   250   44
   251   46
   252   45
   253   46
   254   45
   255   45
   256   45
   257   46
   258   45
   259   45
   260   45
   261   45
   262   45
   263   45
   264   46
   265   44
   266   45
   267   44
   268   45
   269   44
   270   46
   271   44
   272   45
   273   44
   274   45
   275   44
   276   45
   277   44
   278   44
   279   44
   280   44
   281   45
   282   44
   283   45
   284   43
   285   44
   286   43
   287   45
   288   44
   289   44
   290   43
   291   44
   292   44
   293   44
   294   44
   295   43
   296   44
   297   43
   298   44
   299   43
   300   44
   301   43
   302   44
   303   43
   304   43
   305   43
   306   43
   307   43
   308   43
   309   43
   310   43
   311   43
   312   43
   313   43
   314   42
   315   43
   316   42
   317   43
   318   42
   319   43
   320   42
   321   43
   322   42
   323   43
   324   42
   325   42
   326   42
   327   42
   328   42
   329   41
   330   42
   331   41
   332   42
   333   41
   334   42
   335   41
   336   42
   337   41
   338   42
   339   41
   340   42
   341   41
   342   41
   343   41
   344   41
   345   41
   346   41
   347   41
   348   40
   349   41
   350   40
   351   41
   352   40
   353   41
   354   40
   355   41
   356   40
   357   40
   358   40
   359   40
   360   40
   361   39
   362   40
   363   39
   364   40
   365   39
   366   40
   367   39
   368   40
   369   39
   370   40
   371   39
   372   39
   373   39
   374   39
   375   39
   376   39
   377   39
   378   39
   379   39
   380   38
   381   39
   382   38
   383   39
   384   37
   385   38
   386   36
   387   37
   388   35
   389   35
   390   33
   391   32
   392   31
   393   29
   394   27
   395   25
   396   23
   397   19
   398   17
   399   13
   400   11
   401   7
   402   5
   403   0
   404   -2
   405   -7
   406   -10
   407   -14
   408   -17
   409   -20
   410   -24
   411   -27
   412   -31
   413   -33
   414   -36
   415   -38
   416   -42
   417   -43
   418   -46
   419   -47
   420   -49
   421   -51
   422   -52
   423   -53
   424   -54
   425   -55
   426   -56
   427   -57
   428   -57
   429   -58
   430   -58
   431   -59
   432   -58
   433   -60
   434   -59
   435   -60
   436   -59
   437   -60
   438   -60
   439   -60
   440   -60
   441   -60
   442   -60
   443   -60
   444   -60
   445   -60
   446   -60
   447   -59
   448   -61
   449   -59
   450   -61
   451   -60
   452   -61
   453   -60
   454   -61
   455   -59
   456   -60
   457   -60
   458   -60
   459   -60
   460   -60
   461   -60
   462   -60
   463   -61
   464   -60
   465   -60
   466   -60
   467   -61
   468   -60
   469   -61
   470   -60
   471   -61
   472   -60
   473   -60
   474   -60
   475   -60
   476   -60
   477   -60
   478   -60
   479   -60
   480   -61
   481   -60
   482   -61
   483   -60
   484   -60
   485   -60
   486   -61
   487   -60
   488   -60
   489   -60
   490   -60
   491   -61
   492   -60
   493   -61
   494   -60
   495   -61
   496   -60
   497   -61
   498   -60
   499   -61
   500   -60
   501   -61
   502   -60
   503   -61
   504   -60
   505   -60
   506   -60
   507   -61
   508   -61
   509   -60
   510   -61
   511   -60
   512   -61
   513   -60
   514   -61
   515   -60
   516   -61
   517   -60
   518   -61
   519   -60
   520   -61
   521   -60
   522   -61
   523   -60
   524   -61
   525   -61
   526   -60
   527   -61
   528   -60
   529   -61
   530   -60
   531   -61
   532   -60
   533   -61
   534   -60
   535   -61
   536   -60
   537   -61
   538   -60
   539   -61
   540   -61
   541   -61
   542   -61
   543   -60
   544   -61
   545   -60
   546   -61
   547   -60
   548   -61
   549   -60
   550   -61
   551   -60
   552   -61
   553   -60
   554   -61
   555   -60
   556   -61
   557   -61
   558   -60
   559   -61
   560   -60
   561   -61
   562   -60
   563   -61
   564   -60
   565   -61
   566   -60
   567   -61
   568   -60
   569   -61
   570   -60
   571   -61
   572   -61
   573   -61
   574   -60
   575   -60
   576   -61
   577   -60
   578   -61
   579   -60
   580   -61
   581   -60
   582   -61
   583   -60
   584   -61
   585   -60
   586   -61
   587   -60
   588   -61
   589   -60
   590   -61
   591   -61
   592   -61
   593   -61
   594   -60
   595   -61
   596   -60
   597   -61
   598   -60
   599   -61
   600   -60
   601   -61
   602   -60
   603   -61
   604   -61
   605   -61
   606   -61
   607   -61
   608   -61
   609   -61
   610   -61
   611   -61
   612   -61
   613   -60
   614   -61
   615   -60
   616   -61
   617   -60
   618   -61
   619   -60
   620   -61
   621   -61
   622   -61
   623   -61
   624   -61
   625   -61
   626   -60
   627   -61
   628   -60
   629   -61
   630   -60
   631   -61
   632   -60
   633   -61
   634   -60
   635   -61
   636   -60
   637   -61
   638   -61
   639   -61
   640   -61
   641   -61
   642   -61
   643   -61
   644   -61
   645   -60
   646   -61
   647   -60
   648   -61
   649   -60
   650   -61
   651   -60
   652   -61
   653   -60
   654   -61
   655   -61
   656   -61
   657   -61
   658   -61
   659   -61
   660   -61
   661   -61
   662   -60
   663   -61
   664   -60
   665   -61
   666   -60
   667   -61
   668   -60
   669   -61
   670   -61
   671   -61
   672   -61
   673   -61
   674   -61
   675   -60
   676   -61
   677   -60
   678   -61
   679   -60
   680   -61
   681   -60
   682   -61
   683   -60
   684   -61
   685   -60
   686   -61
   687   -60
   688   -61
   689   -61
   690   -61
   691   -61
   692   -61
   693   -61
   694   -60
   695   -61
   696   -60
   697   -62
   698   -60
   699   -61
   700   -60
   701   -61
   702   -61
   703   -61
   704   -61
   705   -61
   706   -61
   707   -61
   708   -61
   709   -60
   710   -61
   711   -60
   712   -61
   713   -60
   714   -61
   715   -60
   716   -61
   717   -60
   718   -61
   719   -61
   720   -61
   721   -61
   722   -61
   723   -61
   724   -61
   725   -61
   726   -60
   727   -61
   728   -60
   729   -61
   730   -60
   731   -61
   732   -60
   733   -61
   734   -60
   735   -61
   736   -61
   737   -61
   738   -61
   739   -61
   740   -61
   741   -61
   742   -61
   743   -60
   744   -61
   745   -60
   746   -61
   747   -60
   748   -61
   749   -61
   750   -61
   751   -60
   752   -61
   753   -61
   754   -61
   755   -61
   756   -60
   757   -61
   758   -60
   759   -61
   760   -60
   761   -61
   762   -60
   763   -61
   764   -61
   765   -61
   766   -60
   767   -61
   768   -60
   769   -61
   770   -61
   771   -61
   772   -61
   773   -61
   774   -61
   775   -60
   776   -61
   777   -60
   778   -61
   779   -60
   780   -61
   781   -60
   782   -61
   783   -60
   784   -61
   785   -60
   786   -61
   787   -61
   788   -61
   789   -61
   790   -61
   791   -61
   792   -60
   793   -61
   794   -60
   795   -61
   796   -60
   797   -61
   798   -60
   799   -61
   800   -60
   801   -61
   802   -61
   803   -61
   804   -61
   805   -61
   806   -61
   807   -60
   808   -61
   809   -60
   810   -61
   811   -60
   812   -61
   813   -60
   814   -61
   815   -61
   816   -61
   817   -60
   818   -61
   819   -61
   820   -61
   821   -61
   822   -61
   823   -61
   824   -60
   825   -61
   826   -60
   827   -61
   828   -60
   829   -61
   830   -60
   831   -61
   832   -60
   833   -61
   834   -60
   835   -61
   836   -61
   837   -61
   838   -61
   839   -61
   840   -61
   841   -61
   842   -61
   843   -60
   844   -61
   845   -60
   846   -61
   847   -60
   848   -61
   849   -60
   850   -61
   851   -60
   852   -61
   853   -61
   854   -61
   855   -61
   856   -61
   857   -61
   858   -60
   859   -61
   860   -60
   861   -61
   862   -60
   863   -61
   864   -60
   865   -61
   866   -61
   867   -61
   868   -61
   869   -61
   870   -61
   871   -61
   872   -61
   873   -61
   874   -61
   875   -60
   876   -61
   877   -60
   878   -61
   879   -61
   880   -61
   881   -61
   882   -61
   883   -61
   884   -61
   885   -61
   886   -61
   887   -61
   888   -61
   889   -61
   890   -61
   891   -61
   892   -60
   893   -61
   894   -60
   895   -61
   896   -60
   897   -61
   898   -61
   899   -61
   900   -60
   901   -61
   902   -61
   903   -61
   904   -61
   905   -61
   906   -61
   907   -60
   908   -61
   909   -60
   910   -61
   911   -60
   912   -61
   913   -60
   914   -61
   915   -61
   916   -61
   917   -61
   918   -61
   919   -61
   920   -61
   921   -61
   922   -61
   923   -61
   924   -61
   925   -61
   926   -61
   927   -61
   928   -60
   929   -61
   930   -60
   931   -61
   932   -61
   933   -61
   934   -61
   935   -61
   936   -61
   937   -61
   938   -61
   939   -61
   940   -61
   941   -60
   942   -61
   943   -60
   944   -61
   945   -60
   946   -61
   947   -61
   948   -61
   949   -60
   950   -61
   951   -61
   952   -61
   953   -61
   954   -61
   955   -61
   956   -61
   957   -61
   958   -60
   959   -61
   960   -60
   961   -61
   962   -60
   963   -61
   964   -60
   965   -61
   966   -61
   967   -61
   968   -61
   969   -61
   970   -61
   971   -61
   972   -61
   973   -60
   974   -61
   975   -61
   976   -61
   977   -60
   978   -61
   979   -60
   980   -61
   981   -61
   982   -61
   983   -61
   984   -61
   985   -61
   986   -61
   987   -61
   988   -61
   989   -61
   990   -60
   991   -61
   992   -60
   993   -61
   994   -60
   995   -61
   996   -61
   997   -61
   998   -61
   999   -61
