   0   0
   1   -61
   2   -61
   3   -62
   4   -60
   5   -63
   6   -59
   7   -63
   8   -59
   9   -63
   10   -60
   11   -63
   12   -60
   13   -62
   14   -60
   15   -62
   16   -61
   17   -61
   18   -62
   19   -61
   20   -62
   21   -60
   22   -63
   23   -60
   24   -63
   25   -59
   26   -63
   27   -60
   28   -62
   29   -60
   30   -62
   31   -61
   32   -61
   33   -61
   34   -61
   35   -62
   36   -60
   37   -62
   38   -59
   39   -63
   40   -59
   41   -63
   42   -59
   43   -63
   44   -60
   45   -62
   46   -60
   47   -62
   48   -61
   49   -62
   50   -61
   51   -61
   52   -62
   53   -60
   54   -63
   55   -59
   56   -63
   57   -59
   58   -64
   59   -59
   60   -63
   61   -59
   62   -63
   63   -60
   64   -62
   65   -61
   66   -61
   67   -61
   68   -61
   69   -62
   70   -60
   71   -62
   72   -60
   73   -62
   74   -60
   75   -63
   76   -60
   77   -63
   78   -60
   79   -62
   80   -61
   81   -62
   82   -61
   83   -61
   84   -62
   85   -60
   86   -62
   87   -60
   88   -63
   89   -60
   90   -63
   91   -60
   92   -63
   93   -60
   94   -63
   95   -61
   96   -62
   97   -61
   98   -61
   99   -61
   100   -61
   101   -62
   102   -60
   103   -63
   104   -59
   105   -63
   106   -59
   107   -63
   108   -59
   109   -63
   110   -59
   111   -63
   112   -60
   113   -62
   114   -61
   115   -61
   116   -61
   117   -60
   118   -62
   119   -60
   120   -63
   121   -59
   122   -63
   123   -59
   124   -63
   125   -59
   126   -63
   127   -60
   128   -63
   129   -60
   130   -62
   131   -60
   132   -61
   133   -61
   134   -61
   135   -62
   136   -60
   137   -62
   138   -59
   139   -63
   140   -59
   141   -63
   142   -60
   143   -63
   144   -60
   145   -62
   146   -60
   147   -62
   148   -61
   149   -61
   150   -62
   151   -60
   152   -62
   153   -60
   154   -63
   155   -60
   156   -63
   157   -59
   158   -63
   159   -60
   160   -62
   161   -60
   162   -62
   163   -61
   164   -61
   165   -61
   166   -60
   167   -62
   168   -60
   169   -63
   170   -59
   171   -63
   172   -59
   173   -63
   174   -59
   175   -63
   176   -59
   177   -63
   178   -60
   179   -62
   180   -61
   181   -61
   182   -61
   183   -60
   184   -62
   185   -60
   186   -63
   187   -59
   188   -63
   189   -59
   190   -63
   191   -60
   192   -62
   193   -60
   194   -62
   195   -60
   196   -62
   197   -61
   198   -61
   199   -61
   200   -61
   201   -59
   202   -23
   203   30
   204   48
   205   44
   206   41
   207   38
   208   40
   209   41
   210   44
   211   45
   212   44
   213   46
   214   45
   215   48
   216   46
   217   50
   218   46
   219   50
   220   47
   221   50
   222   48
   223   52
   224   48
   225   51
   226   49
   227   51
   228   50
   229   51
   230   51
   231   50
   232   51
   233   49
   234   52
   235   49
   236   53
   237   48
   238   53
   239   49
   240   53
   241   49
   242   52
   243   49
   244   51
   245   50
   246   51
   247   51
   248   50
   249   52
   250   49
   251   52
   252   49
   253   52
   254   49
   255   52
   256   48
   257   52
   258   49
   259   51
   260   49
   261   51
   262   50
   263   50
   264   50
   265   49
   266   50
   267   48
   268   51
   269   48
   270   51
   271   48
   272   51
   273   48
   274   51
   275   48
   276   50
   277   48
   278   49
   279   49
   280   48
   281   50
   282   47
   283   50
   284   46
   285   50
   286   47
   287   50
   288   46
   289   50
   290   46
   291   49
   292   47
   293   48
   294   47
   295   48
   296   48
   297   46
   298   48
   299   46
   300   49
   301   45
   302   49
   303   44
   304   49
   305   45
   306   49
   307   45
   308   48
   309   46
   310   47
   311   46
   312   46
   313   46
   314   45
   315   47
   316   45
   317   47
   318   44
   319   47
   320   43
   321   47
   322   43
   323   47
   324   44
   325   46
   326   44
   327   45
   328   45
   329   45
   330   45
   331   43
   332   45
   333   43
   334   46
   335   42
   336   46
   337   42
   338   45
   339   42
   340   45
   341   43
   342   44
   343   43
   344   44
   345   44
   346   42
   347   44
   348   42
   349   44
   350   41
   351   45
   352   41
   353   44
   354   40
   355   44
   356   41
   357   44
   358   41
   359   42
   360   42
   361   41
   362   42
   363   41
   364   42
   365   40
   366   43
   367   39
   368   43
   369   39
   370   43
   371   39
   372   42
   373   39
   374   42
   375   40
   376   41
   377   40
   378   40
   379   40
   380   39
   381   41
   382   38
   383   41
   384   38
   385   41
   386   38
   387   41
   388   37
   389   41
   390   38
   391   40
   392   38
   393   39
   394   39
   395   39
   396   39
   397   38
   398   40
   399   37
   400   40
   401   37
   402   40
   403   36
   404   39
   405   37
   406   39
   407   37
   408   38
   409   37
   410   37
   411   37
   412   35
   413   37
   414   33
   415   36
   416   32
   417   34
   418   30
   419   32
   420   27
   421   29
   422   25
   423   26
   424   22
   425   21
   426   18
   427   16
   428   15
   429   11
   430   11
   431   6
   432   6
   433   0
   434   1
   435   -5
   436   -4
   437   -11
   438   -9
   439   -15
   440   -16
   441   -20
   442   -21
   443   -24
   444   -27
   445   -28
   446   -32
   447   -32
   448   -37
   449   -36
   450   -41
   451   -39
   452   -45
   453   -43
   454   -48
   455   -46
   456   -51
   457   -50
   458   -52
   459   -52
   460   -53
   461   -54
   462   -54
   463   -57
   464   -55
   465   -59
   466   -56
   467   -59
   468   -56
   469   -60
   470   -58
   471   -60
   472   -58
   473   -60
   474   -59
   475   -59
   476   -60
   477   -59
   478   -61
   479   -59
   480   -61
   481   -58
   482   -61
   483   -58
   484   -62
   485   -58
   486   -62
   487   -59
   488   -61
   489   -59
   490   -61
   491   -60
   492   -60
   493   -60
   494   -60
   495   -61
   496   -59
   497   -62
   498   -59
   499   -62
   500   -58
   501   -62
   502   -58
   503   -62
   504   -59
   505   -61
   506   -59
   507   -61
   508   -60
   509   -60
   510   -61
   511   -59
   512   -61
   513   -59
   514   -62
   515   -59
   516   -62
   517   -59
   518   -62
   519   -59
   520   -62
   521   -59
   522   -61
   523   -60
   524   -61
   525   -60
   526   -60
   527   -61
   528   -59
   529   -62
   530   -59
   531   -62
   532   -59
   533   -62
   534   -59
   535   -62
   536   -59
   537   -61
   538   -60
   539   -61
   540   -60
   541   -60
   542   -61
   543   -60
   544   -62
   545   -59
   546   -62
   547   -59
   548   -62
   549   -58
   550   -63
   551   -59
   552   -62
   553   -59
   554   -62
   555   -59
   556   -62
   557   -60
   558   -61
   559   -61
   560   -60
   561   -62
   562   -59
   563   -62
   564   -59
   565   -62
   566   -59
   567   -63
   568   -59
   569   -63
   570   -59
   571   -62
   572   -60
   573   -61
   574   -61
   575   -61
   576   -61
   577   -60
   578   -62
   579   -59
   580   -62
   581   -59
   582   -62
   583   -59
   584   -62
   585   -59
   586   -62
   587   -60
   588   -62
   589   -60
   590   -61
   591   -61
   592   -60
   593   -62
   594   -60
   595   -62
   596   -59
   597   -62
   598   -59
   599   -62
   600   -59
   601   -62
   602   -59
   603   -62
   604   -60
   605   -61
   606   -60
   607   -61
   608   -61
   609   -60
   610   -62
   611   -59
   612   -62
   613   -59
   614   -63
   615   -59
   616   -63
   617   -59
   618   -62
   619   -59
   620   -62
   621   -60
   622   -62
   623   -61
   624   -61
   625   -61
   626   -60
   627   -62
   628   -59
   629   -62
   630   -59
   631   -63
   632   -59
   633   -62
   634   -59
   635   -62
   636   -60
   637   -62
   638   -60
   639   -61
   640   -60
   641   -60
   642   -61
   643   -60
   644   -62
   645   -60
   646   -62
   647   -60
   648   -63
   649   -59
   650   -62
   651   -59
   652   -62
   653   -60
   654   -61
   655   -61
   656   -61
   657   -61
   658   -60
   659   -62
   660   -59
   661   -62
   662   -59
   663   -62
   664   -59
   665   -62
   666   -59
   667   -62
   668   -60
   669   -62
   670   -60
   671   -61
   672   -61
   673   -61
   674   -62
   675   -60
   676   -62
   677   -59
   678   -63
   679   -59
   680   -63
   681   -59
   682   -63
   683   -59
   684   -62
   685   -60
   686   -62
   687   -60
   688   -61
   689   -60
   690   -61
   691   -61
   692   -60
   693   -62
   694   -60
   695   -62
   696   -59
   697   -63
   698   -60
   699   -62
   700   -59
   701   -62
   702   -60
   703   -62
   704   -60
   705   -61
   706   -61
   707   -61
   708   -61
   709   -59
   710   -62
   711   -59
   712   -62
   713   -59
   714   -62
   715   -59
   716   -62
   717   -60
   718   -62
   719   -60
   720   -61
   721   -61
   722   -61
   723   -61
   724   -60
   725   -62
   726   -60
   727   -62
   728   -59
   729   -62
   730   -59
   731   -63
   732   -59
   733   -62
   734   -60
   735   -62
   736   -60
   737   -61
   738   -61
   739   -60
   740   -62
   741   -60
   742   -62
   743   -59
   744   -62
   745   -59
   746   -63
   747   -59
   748   -63
   749   -59
   750   -62
   751   -59
   752   -62
   753   -60
   754   -61
   755   -61
   756   -61
   757   -62
   758   -60
   759   -62
   760   -60
   761   -63
   762   -59
   763   -62
   764   -59
   765   -62
   766   -60
   767   -62
   768   -60
   769   -61
   770   -60
   771   -61
   772   -61
   773   -60
   774   -62
   775   -60
   776   -62
   777   -59
   778   -63
   779   -60
   780   -62
   781   -59
   782   -62
   783   -60
   784   -62
   785   -60
   786   -61
   787   -61
   788   -60
   789   -61
   790   -60
   791   -62
   792   -59
   793   -62
   794   -59
   795   -63
   796   -59
   797   -63
   798   -59
   799   -62
   800   -60
   801   -62
   802   -60
   803   -61
   804   -61
   805   -60
   806   -61
   807   -60
   808   -62
   809   -59
   810   -62
   811   -59
   812   -63
   813   -59
   814   -63
   815   -59
   816   -62
   817   -59
   818   -62
   819   -60
   820   -61
   821   -61
   822   -60
   823   -61
   824   -60
   825   -62
   826   -60
   827   -62
   828   -59
   829   -63
   830   -59
   831   -62
   832   -60
   833   -62
   834   -60
   835   -61
   836   -61
   837   -61
   838   -61
   839   -60
   840   -62
   841   -60
   842   -62
   843   -60
   844   -63
   845   -59
   846   -62
   847   -59
   848   -62
   849   -60
   850   -62
   851   -60
   852   -61
   853   -61
   854   -60
   855   -62
   856   -60
   857   -62
   858   -59
   859   -63
   860   -59
   861   -63
   862   -59
   863   -63
   864   -59
   865   -62
   866   -59
   867   -62
   868   -60
   869   -61
   870   -61
   871   -60
   872   -62
   873   -60
   874   -62
   875   -59
   876   -63
   877   -59
   878   -63
   879   -59
   880   -63
   881   -59
   882   -62
   883   -60
   884   -62
   885   -60
   886   -61
   887   -61
   888   -60
   889   -62
   890   -60
   891   -62
   892   -60
   893   -63
   894   -60
   895   -63
   896   -60
   897   -62
   898   -59
   899   -62
   900   -60
   901   -61
   902   -61
   903   -60
   904   -62
   905   -60
   906   -62
   907   -60
   908   -62
   909   -59
   910   -63
   911   -59
   912   -62
   913   -60
   914   -62
   915   -60
   916   -62
   917   -61
   918   -61
   919   -61
   920   -60
   921   -62
   922   -60
   923   -63
   924   -59
   925   -63
   926   -59
   927   -63
   928   -59
   929   -63
   930   -59
   931   -62
   932   -60
   933   -62
   934   -60
   935   -61
   936   -61
   937   -60
   938   -62
   939   -60
   940   -62
   941   -60
   942   -63
   943   -59
   944   -63
   945   -59
   946   -62
   947   -60
   948   -62
   949   -60
   950   -61
   951   -61
   952   -61
   953   -61
   954   -60
   955   -62
   956   -60
   957   -62
   958   -60
   959   -62
   960   -59
   961   -62
   962   -60
   963   -62
   964   -60
   965   -62
   966   -61
   967   -61
   968   -61
   969   -60
   970   -62
   971   -60
   972   -62
   973   -60
   974   -63
   975   -59
   976   -62
   977   -59
   978   -62
   979   -60
   980   -62
   981   -60
   982   -62
   983   -61
   984   -61
   985   -61
   986   -60
   987   -62
   988   -60
   989   -63
   990   -59
   991   -63
   992   -59
   993   -63
   994   -59
   995   -62
   996   -59
   997   -62
   998   -60
   999   -62
