   0   0
   1   -62
   2   -60
   3   -61
   4   -61
   5   -61
   6   -62
   7   -60
   8   -62
   9   -59
   10   -63
   11   -59
   12   -63
   13   -59
   14   -63
   15   -60
   16   -62
   17   -60
   18   -62
   19   -60
   20   -61
   21   -61
   22   -61
   23   -62
   24   -60
   25   -63
   26   -60
   27   -63
   28   -59
   29   -63
   30   -59
   31   -63
   32   -60
   33   -62
   34   -60
   35   -61
   36   -61
   37   -61
   38   -62
   39   -60
   40   -62
   41   -59
   42   -63
   43   -59
   44   -63
   45   -59
   46   -63
   47   -59
   48   -63
   49   -59
   50   -62
   51   -60
   52   -62
   53   -61
   54   -61
   55   -62
   56   -60
   57   -62
   58   -59
   59   -63
   60   -59
   61   -63
   62   -59
   63   -63
   64   -59
   65   -63
   66   -60
   67   -62
   68   -61
   69   -61
   70   -61
   71   -61
   72   -62
   73   -60
   74   -63
   75   -59
   76   -63
   77   -59
   78   -63
   79   -59
   80   -63
   81   -59
   82   -62
   83   -60
   84   -62
   85   -61
   86   -61
   87   -62
   88   -60
   89   -62
   90   -59
   91   -63
   92   -59
   93   -63
   94   -59
   95   -63
   96   -59
   97   -63
   98   -60
   99   -62
   100   -60
   101   -61
   102   -61
   103   -61
   104   -62
   105   -60
   106   -63
   107   -59
   108   -63
   109   -59
   110   -63
   111   -59
   112   -63
   113   -59
   114   -63
   115   -59
   116   -62
   117   -60
   118   -61
   119   -61
   120   -61
   121   -62
   122   -60
   123   -63
   124   -59
   125   -63
   126   -59
   127   -63
   128   -59
   129   -63
   130   -59
   131   -62
   132   -60
   133   -62
   134   -60
   135   -61
   136   -61
   137   -61
   138   -62
   139   -60
   140   -62
   141   -59
   142   -63
   143   -59
   144   -63
   145   -59
   146   -62
   147   -60
   148   -62
   149   -60
   150   -61
   151   -61
   152   -61
   153   -62
   154   -60
   155   -62
   156   -59
   157   -63
   158   -59
   159   -63
   160   -59
   161   -63
   162   -59
   163   -62
   164   -59
   165   -62
   166   -60
   167   -61
   168   -61
   169   -61
   170   -62
   171   -60
   172   -62
   173   -59
   174   -63
   175   -59
   176   -63
   177   -59
   178   -62
   179   -59
   180   -62
   181   -59
   182   -62
   183   -60
   184   -61
   185   -61
   186   -61
   187   -62
   188   -59
   189   -63
   190   -60
   191   -63
   192   -59
   193   -63
   194   -58
   195   -62
   196   -59
   197   -63
   198   -60
   199   -61
   200   -62
   201   -59
   202   -27
   203   31
   204   49
   205   51
   206   40
   207   39
   208   34
   209   39
   210   35
   211   40
   212   35
   213   39
   214   36
   215   39
   216   37
   217   38
   218   38
   219   36
   220   38
   221   35
   222   39
   223   35
   224   40
   225   34
   226   39
   227   35
   228   39
   229   35
   230   38
   231   36
   232   37
   233   37
   234   36
   235   37
   236   36
   237   37
   238   35
   239   39
   240   35
   241   39
   242   35
   243   38
   244   34
   245   38
   246   36
   247   38
   248   36
   249   37
   250   37
   251   36
   252   38
   253   35
   254   38
   255   35
   256   38
   257   35
   258   38
   259   34
   260   38
   261   35
   262   38
   263   36
   264   37
   265   36
   266   36
   267   37
   268   35
   269   37
   270   35
   271   38
   272   34
   273   38
   274   34
   275   38
   276   34
   277   37
   278   35
   279   37
   280   35
   281   37
   282   36
   283   36
   284   37
   285   35
   286   37
   287   34
   288   38
   289   33
   290   38
   291   34
   292   38
   293   34
   294   38
   295   34
   296   37
   297   35
   298   36
   299   36
   300   35
   301   37
   302   35
   303   37
   304   34
   305   38
   306   34
   307   38
   308   34
   309   38
   310   34
   311   37
   312   34
   313   36
   314   35
   315   36
   316   36
   317   34
   318   36
   319   34
   320   37
   321   34
   322   37
   323   33
   324   37
   325   34
   326   37
   327   34
   328   36
   329   34
   330   35
   331   35
   332   35
   333   36
   334   34
   335   36
   336   33
   337   37
   338   33
   339   37
   340   33
   341   37
   342   33
   343   36
   344   33
   345   36
   346   34
   347   35
   348   35
   349   34
   350   35
   351   33
   352   36
   353   33
   354   36
   355   32
   356   37
   357   32
   358   36
   359   32
   360   36
   361   33
   362   35
   363   34
   364   34
   365   34
   366   34
   367   35
   368   32
   369   35
   370   32
   371   36
   372   32
   373   36
   374   32
   375   35
   376   32
   377   35
   378   33
   379   34
   380   34
   381   33
   382   34
   383   32
   384   34
   385   32
   386   35
   387   31
   388   35
   389   31
   390   34
   391   31
   392   34
   393   31
   394   33
   395   31
   396   32
   397   31
   398   30
   399   31
   400   28
   401   29
   402   25
   403   27
   404   22
   405   23
   406   17
   407   17
   408   11
   409   11
   410   6
   411   4
   412   -2
   413   -5
   414   -9
   415   -14
   416   -17
   417   -23
   418   -24
   419   -31
   420   -31
   421   -38
   422   -38
   423   -44
   424   -43
   425   -49
   426   -48
   427   -52
   428   -52
   429   -54
   430   -55
   431   -55
   432   -57
   433   -56
   434   -59
   435   -57
   436   -60
   437   -57
   438   -61
   439   -58
   440   -61
   441   -58
   442   -61
   443   -59
   444   -60
   445   -60
   446   -60
   447   -60
   448   -59
   449   -61
   450   -58
   451   -61
   452   -58
   453   -61
   454   -59
   455   -62
   456   -58
   457   -61
   458   -58
   459   -61
   460   -59
   461   -60
   462   -60
   463   -60
   464   -61
   465   -59
   466   -61
   467   -58
   468   -62
   469   -58
   470   -62
   471   -58
   472   -62
   473   -58
   474   -62
   475   -59
   476   -61
   477   -59
   478   -60
   479   -60
   480   -60
   481   -61
   482   -59
   483   -61
   484   -59
   485   -62
   486   -58
   487   -62
   488   -59
   489   -62
   490   -59
   491   -61
   492   -59
   493   -61
   494   -60
   495   -60
   496   -61
   497   -60
   498   -61
   499   -59
   500   -62
   501   -58
   502   -62
   503   -59
   504   -62
   505   -59
   506   -62
   507   -59
   508   -61
   509   -60
   510   -61
   511   -60
   512   -60
   513   -61
   514   -59
   515   -62
   516   -59
   517   -62
   518   -59
   519   -62
   520   -59
   521   -62
   522   -59
   523   -62
   524   -59
   525   -61
   526   -60
   527   -60
   528   -61
   529   -60
   530   -61
   531   -59
   532   -62
   533   -59
   534   -62
   535   -58
   536   -62
   537   -59
   538   -62
   539   -59
   540   -62
   541   -59
   542   -61
   543   -60
   544   -60
   545   -61
   546   -60
   547   -62
   548   -59
   549   -62
   550   -59
   551   -62
   552   -59
   553   -62
   554   -59
   555   -62
   556   -59
   557   -62
   558   -60
   559   -61
   560   -60
   561   -60
   562   -61
   563   -60
   564   -62
   565   -59
   566   -62
   567   -59
   568   -62
   569   -59
   570   -62
   571   -59
   572   -62
   573   -59
   574   -61
   575   -60
   576   -61
   577   -61
   578   -60
   579   -62
   580   -59
   581   -62
   582   -59
   583   -62
   584   -59
   585   -62
   586   -59
   587   -62
   588   -59
   589   -62
   590   -60
   591   -62
   592   -60
   593   -61
   594   -61
   595   -60
   596   -61
   597   -59
   598   -62
   599   -59
   600   -62
   601   -59
   602   -62
   603   -59
   604   -61
   605   -59
   606   -62
   607   -60
   608   -61
   609   -61
   610   -60
   611   -61
   612   -60
   613   -62
   614   -59
   615   -62
   616   -59
   617   -62
   618   -59
   619   -62
   620   -59
   621   -62
   622   -59
   623   -62
   624   -60
   625   -60
   626   -61
   627   -60
   628   -61
   629   -60
   630   -62
   631   -59
   632   -62
   633   -59
   634   -63
   635   -59
   636   -62
   637   -59
   638   -62
   639   -60
   640   -61
   641   -60
   642   -61
   643   -61
   644   -60
   645   -62
   646   -59
   647   -62
   648   -59
   649   -63
   650   -59
   651   -62
   652   -59
   653   -62
   654   -59
   655   -62
   656   -60
   657   -61
   658   -61
   659   -60
   660   -61
   661   -60
   662   -62
   663   -59
   664   -62
   665   -59
   666   -62
   667   -59
   668   -62
   669   -59
   670   -62
   671   -59
   672   -61
   673   -60
   674   -61
   675   -61
   676   -60
   677   -62
   678   -60
   679   -62
   680   -59
   681   -62
   682   -59
   683   -62
   684   -59
   685   -62
   686   -59
   687   -62
   688   -60
   689   -61
   690   -60
   691   -60
   692   -61
   693   -60
   694   -62
   695   -60
   696   -62
   697   -59
   698   -62
   699   -59
   700   -63
   701   -60
   702   -62
   703   -59
   704   -62
   705   -60
   706   -61
   707   -61
   708   -60
   709   -62
   710   -60
   711   -62
   712   -59
   713   -62
   714   -59
   715   -63
   716   -59
   717   -62
   718   -59
   719   -62
   720   -59
   721   -61
   722   -61
   723   -61
   724   -61
   725   -60
   726   -61
   727   -60
   728   -62
   729   -59
   730   -62
   731   -59
   732   -62
   733   -59
   734   -62
   735   -59
   736   -62
   737   -60
   738   -61
   739   -60
   740   -61
   741   -61
   742   -60
   743   -62
   744   -59
   745   -62
   746   -59
   747   -63
   748   -59
   749   -62
   750   -59
   751   -62
   752   -60
   753   -62
   754   -60
   755   -61
   756   -61
   757   -60
   758   -61
   759   -60
   760   -62
   761   -59
   762   -62
   763   -59
   764   -63
   765   -59
   766   -62
   767   -59
   768   -62
   769   -60
   770   -62
   771   -60
   772   -61
   773   -61
   774   -60
   775   -61
   776   -59
   777   -62
   778   -59
   779   -63
   780   -59
   781   -62
   782   -59
   783   -62
   784   -59
   785   -62
   786   -60
   787   -62
   788   -61
   789   -60
   790   -61
   791   -60
   792   -62
   793   -60
   794   -62
   795   -59
   796   -63
   797   -59
   798   -62
   799   -59
   800   -62
   801   -60
   802   -62
   803   -60
   804   -61
   805   -61
   806   -60
   807   -61
   808   -60
   809   -62
   810   -59
   811   -62
   812   -59
   813   -63
   814   -59
   815   -62
   816   -59
   817   -62
   818   -59
   819   -61
   820   -60
   821   -61
   822   -61
   823   -60
   824   -61
   825   -60
   826   -62
   827   -59
   828   -62
   829   -59
   830   -63
   831   -59
   832   -62
   833   -60
   834   -62
   835   -60
   836   -61
   837   -60
   838   -60
   839   -61
   840   -60
   841   -62
   842   -59
   843   -62
   844   -59
   845   -62
   846   -59
   847   -62
   848   -59
   849   -62
   850   -60
   851   -61
   852   -60
   853   -61
   854   -61
   855   -60
   856   -61
   857   -60
   858   -62
   859   -59
   860   -62
   861   -59
   862   -62
   863   -59
   864   -63
   865   -59
   866   -62
   867   -60
   868   -61
   869   -60
   870   -61
   871   -61
   872   -60
   873   -61
   874   -60
   875   -62
   876   -59
   877   -62
   878   -59
   879   -62
   880   -59
   881   -62
   882   -60
   883   -62
   884   -60
   885   -61
   886   -60
   887   -61
   888   -61
   889   -60
   890   -61
   891   -59
   892   -62
   893   -59
   894   -62
   895   -59
   896   -63
   897   -59
   898   -62
   899   -60
   900   -61
   901   -60
   902   -61
   903   -61
   904   -60
   905   -61
   906   -60
   907   -62
   908   -59
   909   -62
   910   -59
   911   -63
   912   -59
   913   -63
   914   -59
   915   -62
   916   -60
   917   -61
   918   -60
   919   -61
   920   -61
   921   -60
   922   -62
   923   -60
   924   -62
   925   -59
   926   -62
   927   -59
   928   -63
   929   -59
   930   -63
   931   -59
   932   -62
   933   -60
   934   -61
   935   -61
   936   -61
   937   -61
   938   -60
   939   -62
   940   -60
   941   -62
   942   -59
   943   -63
   944   -59
   945   -62
   946   -59
   947   -62
   948   -60
   949   -61
   950   -60
   951   -61
   952   -61
   953   -60
   954   -62
   955   -60
   956   -62
   957   -59
   958   -62
   959   -59
   960   -62
   961   -59
   962   -62
   963   -59
   964   -62
   965   -60
   966   -61
   967   -60
   968   -61
   969   -61
   970   -60
   971   -62
   972   -60
   973   -62
   974   -59
   975   -63
   976   -59
   977   -62
   978   -59
   979   -62
   980   -59
   981   -62
   982   -60
   983   -61
   984   -61
   985   -61
   986   -61
   987   -60
   988   -62
   989   -59
   990   -62
   991   -59
   992   -62
   993   -59
   994   -62
   995   -59
   996   -62
   997   -60
   998   -62
   999   -60
