   0   0
   1   -61
   2   -61
   3   -61
   4   -61
   5   -61
   6   -61
   7   -61
   8   -61
   9   -61
   10   -61
   11   -61
   12   -61
   13   -61
   14   -61
   15   -61
   16   -61
   17   -62
   18   -61
   19   -61
   20   -61
   21   -61
   22   -61
   23   -61
   24   -62
   25   -61
   26   -61
   27   -61
   28   -61
   29   -61
   30   -61
   31   -61
   32   -61
   33   -61
   34   -61
   35   -61
   36   -61
   37   -61
   38   -61
   39   -62
   40   -61
   41   -61
   42   -61
   43   -61
   44   -61
   45   -61
   46   -61
   47   -61
   48   -61
   49   -61
   50   -61
   51   -61
   52   -61
   53   -61
   54   -61
   55   -61
   56   -61
   57   -61
   58   -62
   59   -61
   60   -61
   61   -61
   62   -61
   63   -61
   64   -62
   65   -61
   66   -62
   67   -61
   68   -61
   69   -61
   70   -61
   71   -61
   72   -61
   73   -61
   74   -61
   75   -61
   76   -61
   77   -61
   78   -61
   79   -61
   80   -61
   81   -61
   82   -61
   83   -61
   84   -61
   85   -61
   86   -61
   87   -61
   88   -61
   89   -61
   90   -62
   91   -61
   92   -62
   93   -61
   94   -61
   95   -61
   96   -61
   97   -61
   98   -61
   99   -61
   100   -61
   101   -61
   102   -61
   103   -61
   104   -61
   105   -61
   106   -61
   107   -61
   108   -61
   109   -62
   110   -61
   111   -61
   112   -61
   113   -61
   114   -61
   115   -61
   116   -61
   117   -61
   118   -61
   119   -61
   120   -61
   121   -61
   122   -61
   123   -61
   124   -62
   125   -61
   126   -62
   127   -61
   128   -61
   129   -61
   130   -61
   131   -61
   132   -61
   133   -61
   134   -61
   135   -61
   136   -61
   137   -61
   138   -61
   139   -62
   140   -61
   141   -61
   142   -61
   143   -61
   144   -61
   145   -61
   146   -61
   147   -61
   148   -61
   149   -61
   150   -61
   151   -61
   152   -61
   153   -61
   154   -62
   155   -61
   156   -61
   157   -61
   158   -61
   159   -61
   160   -61
   161   -61
   162   -61
   163   -61
   164   -61
   165   -61
   166   -61
   167   -61
   168   -61
   169   -61
   170   -61
   171   -61
   172   -61
   173   -61
   174   -61
   175   -61
   176   -61
   177   -61
   178   -61
   179   -61
   180   -61
   181   -61
   182   -61
   183   -61
   184   -61
   185   -61
   186   -61
   187   -61
   188   -61
   189   -61
   190   -61
   191   -61
   192   -61
   193   -62
   194   -60
   195   -61
   196   -61
   197   -61
   198   -61
   199   -61
   200   -62
   201   -59
   202   -13
   203   58
   204   63
   205   46
   206   28
   207   24
   208   22
   209   25
   210   25
   211   27
   212   25
   213   26
   214   24
   215   26
   216   25
   217   27
   218   25
   219   26
   220   25
   221   26
   222   26
   223   27
   224   26
   225   26
   226   26
   227   26
   228   26
   229   26
   230   26
   231   26
   232   26
   233   26
   234   26
   235   26
   236   27
   237   26
   238   27
   239   26
   240   27
   241   26
   242   27
   243   26
   244   26
   245   26
   246   27
   247   27
   248   27
   249   26
   250   26
   251   27
   252   27
   253   27
   254   27
   255   27
   256   26
   257   27
   258   27
   259   27
   260   26
   261   27
   262   26
   263   27
   264   27
   265   27
   266   27
   267   26
   268   27
   269   27
   270   27
   271   26
   272   27
   273   26
   274   27
   275   27
   276   27
   277   26
   278   27
   279   27
   280   27
   281   27
   282   27
   283   27
   284   26
   285   27
   286   27
   287   27
   288   27
   289   27
   290   26
   291   27
   292   26
   293   27
   294   27
   295   27
   296   27
   297   27
   298   27
   299   27
   300   27
   301   26
   302   27
   303   27
   304   27
   305   27
   306   27
   307   27
   308   27
   309   27
   310   27
   311   27
   312   27
   313   27
   314   27
   315   27
   316   27
   317   27
   318   27
   319   27
   320   27
   321   27
   322   27
   323   27
   324   27
   325   27
   326   26
   327   27
   328   27
   329   27
   330   27
   331   27
   332   27
   333   26
   334   27
   335   27
   336   27
   337   27
   338   27
   339   27
   340   27
   341   27
   342   27
   343   27
   344   27
   345   27
   346   27
   347   27
   348   27
   349   27
   350   27
   351   27
   352   27
   353   27
   354   26
   355   27
   356   26
   357   27
   358   26
   359   27
   360   26
   361   27
   362   27
   363   27
   364   26
   365   27
   366   27
   367   27
   368   27
   369   26
   370   27
   371   26
   372   27
   373   26
   374   27
   375   26
   376   27
   377   26
   378   26
   379   26
   380   26
   381   26
   382   26
   383   26
   384   26
   385   26
   386   25
   387   26
   388   25
   389   25
   390   24
   391   25
   392   24
   393   24
   394   23
   395   23
   396   22
   397   22
   398   21
   399   20
   400   20
   401   19
   402   19
   403   17
   404   17
   405   15
   406   15
   407   13
   408   12
   409   11
   410   10
   411   8
   412   7
   413   6
   414   4
   415   2
   416   1
   417   0
   418   -3
   419   -4
   420   -6
   421   -7
   422   -10
   423   -11
   424   -13
   425   -15
   426   -17
   427   -18
   428   -20
   429   -22
   430   -24
   431   -25
   432   -27
   433   -29
   434   -30
   435   -32
   436   -33
   437   -35
   438   -36
   439   -38
   440   -39
   441   -41
   442   -42
   443   -43
   444   -44
   445   -45
   446   -46
   447   -47
   448   -48
   449   -49
   450   -50
   451   -51
   452   -52
   453   -52
   454   -53
   455   -53
   456   -54
   457   -54
   458   -55
   459   -55
   460   -56
   461   -56
   462   -57
   463   -57
   464   -57
   465   -58
   466   -57
   467   -58
   468   -58
   469   -59
   470   -58
   471   -59
   472   -58
   473   -59
   474   -59
   475   -59
   476   -59
   477   -59
   478   -59
   479   -59
   480   -59
   481   -59
   482   -60
   483   -59
   484   -60
   485   -59
   486   -60
   487   -59
   488   -60
   489   -60
   490   -60
   491   -60
   492   -60
   493   -60
   494   -60
   495   -60
   496   -60
   497   -60
   498   -60
   499   -60
   500   -60
   501   -60
   502   -60
   503   -60
   504   -60
   505   -61
   506   -60
   507   -60
   508   -60
   509   -60
   510   -60
   511   -60
   512   -60
   513   -60
   514   -60
   515   -60
   516   -60
   517   -60
   518   -60
   519   -60
   520   -61
   521   -60
   522   -60
   523   -60
   524   -60
   525   -60
   526   -60
   527   -60
   528   -60
   529   -60
   530   -60
   531   -61
   532   -60
   533   -60
   534   -60
   535   -61
   536   -60
   537   -61
   538   -60
   539   -61
   540   -60
   541   -60
   542   -60
   543   -60
   544   -60
   545   -60
   546   -61
   547   -60
   548   -60
   549   -60
   550   -61
   551   -60
   552   -61
   553   -60
   554   -61
   555   -60
   556   -60
   557   -60
   558   -60
   559   -60
   560   -60
   561   -60
   562   -60
   563   -60
   564   -60
   565   -61
   566   -60
   567   -61
   568   -60
   569   -61
   570   -60
   571   -61
   572   -60
   573   -61
   574   -60
   575   -61
   576   -60
   577   -60
   578   -61
   579   -60
   580   -61
   581   -60
   582   -61
   583   -60
   584   -61
   585   -60
   586   -61
   587   -60
   588   -61
   589   -60
   590   -61
   591   -60
   592   -60
   593   -61
   594   -60
   595   -60
   596   -60
   597   -61
   598   -60
   599   -61
   600   -60
   601   -61
   602   -60
   603   -61
   604   -60
   605   -61
   606   -60
   607   -61
   608   -61
   609   -60
   610   -60
   611   -60
   612   -61
   613   -60
   614   -61
   615   -60
   616   -61
   617   -60
   618   -61
   619   -60
   620   -61
   621   -60
   622   -61
   623   -60
   624   -61
   625   -60
   626   -61
   627   -60
   628   -60
   629   -61
   630   -60
   631   -61
   632   -60
   633   -61
   634   -60
   635   -61
   636   -60
   637   -61
   638   -60
   639   -61
   640   -60
   641   -61
   642   -60
   643   -60
   644   -60
   645   -60
   646   -61
   647   -60
   648   -61
   649   -60
   650   -61
   651   -60
   652   -61
   653   -61
   654   -61
   655   -60
   656   -60
   657   -61
   658   -61
   659   -61
   660   -60
   661   -60
   662   -60
   663   -61
   664   -60
   665   -61
   666   -60
   667   -61
   668   -60
   669   -61
   670   -60
   671   -61
   672   -60
   673   -61
   674   -61
   675   -61
   676   -61
   677   -60
   678   -60
   679   -60
   680   -61
   681   -60
   682   -61
   683   -60
   684   -61
   685   -60
   686   -61
   687   -60
   688   -61
   689   -60
   690   -60
   691   -61
   692   -61
   693   -61
   694   -60
   695   -61
   696   -61
   697   -61
   698   -60
   699   -61
   700   -60
   701   -61
   702   -60
   703   -61
   704   -60
   705   -61
   706   -61
   707   -61
   708   -61
   709   -60
   710   -61
   711   -60
   712   -61
   713   -60
   714   -61
   715   -60
   716   -61
   717   -60
   718   -61
   719   -61
   720   -61
   721   -61
   722   -61
   723   -61
   724   -61
   725   -61
   726   -61
   727   -61
   728   -60
   729   -61
   730   -60
   731   -61
   732   -60
   733   -61
   734   -60
   735   -61
   736   -60
   737   -61
   738   -61
   739   -61
   740   -61
   741   -61
   742   -61
   743   -60
   744   -61
   745   -60
   746   -61
   747   -60
   748   -61
   749   -60
   750   -61
   751   -61
   752   -61
   753   -60
   754   -61
   755   -61
   756   -61
   757   -61
   758   -60
   759   -61
   760   -60
   761   -61
   762   -60
   763   -61
   764   -60
   765   -61
   766   -60
   767   -61
   768   -60
   769   -61
   770   -61
   771   -61
   772   -61
   773   -61
   774   -61
   775   -61
   776   -61
   777   -60
   778   -61
   779   -60
   780   -61
   781   -60
   782   -61
   783   -60
   784   -61
   785   -60
   786   -61
   787   -61
   788   -61
   789   -61
   790   -60
   791   -61
   792   -60
   793   -61
   794   -60
   795   -61
   796   -60
   797   -61
   798   -60
   799   -61
   800   -60
   801   -61
   802   -60
   803   -61
   804   -60
   805   -61
   806   -61
   807   -61
   808   -61
   809   -60
   810   -61
   811   -60
   812   -61
   813   -60
   814   -61
   815   -60
   816   -61
   817   -61
   818   -61
   819   -61
   820   -61
   821   -60
   822   -61
   823   -61
   824   -61
   825   -61
   826   -61
   827   -61
   828   -60
   829   -61
   830   -60
   831   -61
   832   -60
   833   -61
   834   -60
   835   -61
   836   -61
   837   -61
   838   -61
   839   -61
   840   -61
   841   -60
   842   -61
   843   -61
   844   -61
   845   -61
   846   -61
   847   -60
   848   -61
   849   -61
   850   -61
   851   -60
   852   -61
   853   -61
   854   -61
   855   -61
   856   -61
   857   -61
   858   -61
   859   -61
   860   -60
   861   -61
   862   -60
   863   -61
   864   -60
   865   -61
   866   -60
   867   -61
   868   -60
   869   -61
   870   -61
   871   -61
   872   -61
   873   -61
   874   -61
   875   -60
   876   -61
   877   -61
   878   -61
   879   -61
   880   -61
   881   -61
   882   -61
   883   -61
   884   -61
   885   -60
   886   -61
   887   -61
   888   -61
   889   -61
   890   -60
   891   -61
   892   -60
   893   -61
   894   -61
   895   -61
   896   -61
   897   -61
   898   -60
   899   -61
   900   -60
   901   -61
   902   -61
   903   -61
   904   -61
   905   -60
   906   -61
   907   -61
   908   -61
   909   -60
   910   -61
   911   -60
   912   -61
   913   -60
   914   -61
   915   -61
   916   -61
   917   -61
   918   -61
   919   -61
   920   -61
   921   -61
   922   -60
   923   -61
   924   -60
   925   -61
   926   -60
   927   -61
   928   -60
   929   -61
   930   -60
   931   -61
   932   -60
   933   -61
   934   -60
   935   -61
   936   -61
   937   -61
   938   -61
   939   -61
   940   -61
   941   -61
   942   -61
   943   -60
   944   -61
   945   -61
   946   -61
   947   -60
   948   -61
   949   -61
   950   -61
   951   -61
   952   -61
   953   -61
   954   -60
   955   -61
   956   -61
   957   -61
   958   -60
   959   -61
   960   -61
   961   -61
   962   -61
   963   -61
   964   -61
   965   -61
   966   -61
   967   -61
   968   -61
   969   -61
   970   -61
   971   -61
   972   -61
   973   -61
   974   -61
   975   -61
   976   -61
   977   -60
   978   -61
   979   -60
   980   -61
   981   -61
   982   -61
   983   -61
   984   -61
   985   -61
   986   -61
   987   -61
   988   -60
   989   -61
   990   -60
   991   -61
   992   -61
   993   -61
   994   -60
   995   -61
   996   -60
   997   -61
   998   -61
   999   -61
