   0   0
   1   -69
   2   -68
   3   -68
   4   -67
   5   -67
   6   -66
   7   -66
   8   -66
   9   -67
   10   -67
   11   -67
   12   -68
   13   -69
   14   -69
   15   -69
   16   -69
   17   -69
   18   -69
   19   -68
   20   -67
   21   -67
   22   -67
   23   -66
   24   -66
   25   -66
   26   -67
   27   -67
   28   -68
   29   -68
   30   -69
   31   -69
   32   -69
   33   -69
   34   -68
   35   -68
   36   -67
   37   -67
   38   -67
   39   -66
   40   -66
   41   -66
   42   -67
   43   -67
   44   -68
   45   -68
   46   -69
   47   -69
   48   -69
   49   -69
   50   -69
   51   -68
   52   -68
   53   -68
   54   -67
   55   -66
   56   -66
   57   -66
   58   -67
   59   -67
   60   -67
   61   -68
   62   -68
   63   -69
   64   -69
   65   -69
   66   -69
   67   -68
   68   -68
   69   -67
   70   -67
   71   -66
   72   -66
   73   -66
   74   -66
   75   -67
   76   -67
   77   -68
   78   -68
   79   -69
   80   -69
   81   -69
   82   -69
   83   -69
   84   -69
   85   -68
   86   -67
   87   -67
   88   -66
   89   -66
   90   -66
   91   -66
   92   -67
   93   -67
   94   -68
   95   -69
   96   -69
   97   -69
   98   -69
   99   -69
   100   -68
   101   -68
   102   -67
   103   -67
   104   -66
   105   -66
   106   -66
   107   -66
   108   -66
   109   -67
   110   -68
   111   -68
   112   -69
   113   -69
   114   -69
   115   -70
   116   -69
   117   -69
   118   -68
   119   -67
   120   -67
   121   -66
   122   -66
   123   -67
   124   -66
   125   -67
   126   -67
   127   -68
   128   -68
   129   -69
   130   -69
   131   -69
   132   -68
   133   -69
   134   -68
   135   -67
   136   -67
   137   -66
   138   -66
   139   -66
   140   -66
   141   -67
   142   -67
   143   -68
   144   -68
   145   -69
   146   -69
   147   -69
   148   -69
   149   -69
   150   -68
   151   -68
   152   -67
   153   -67
   154   -67
   155   -66
   156   -66
   157   -66
   158   -67
   159   -68
   160   -68
   161   -69
   162   -69
   163   -69
   164   -69
   165   -69
   166   -68
   167   -68
   168   -67
   169   -67
   170   -66
   171   -66
   172   -66
   173   -66
   174   -67
   175   -67
   176   -68
   177   -68
   178   -69
   179   -69
   180   -69
   181   -69
   182   -69
   183   -68
   184   -67
   185   -67
   186   -66
   187   -67
   188   -66
   189   -66
   190   -67
   191   -67
   192   -68
   193   -68
   194   -69
   195   -69
   196   -69
   197   -69
   198   -68
   199   -68
   200   -68
   201   -40
   202   16
   203   -42
   204   -47
   205   -39
   206   -38
   207   -40
   208   -39
   209   -39
   210   -40
   211   -41
   212   -40
   213   -41
   214   -40
   215   -40
   216   -40
   217   -39
   218   -38
   219   -38
   220   -36
   221   -37
   222   -38
   223   -38
   224   -38
   225   -39
   226   -39
   227   -40
   228   -41
   229   -40
   230   -40
   231   -40
   232   -39
   233   -39
   234   -38
   235   -37
   236   -38
   237   -37
   238   -37
   239   -38
   240   -38
   241   -38
   242   -40
   243   -40
   244   -40
   245   -41
   246   -41
   247   -40
   248   -40
   249   -40
   250   -39
   251   -39
   252   -38
   253   -38
   254   -38
   255   -38
   256   -39
   257   -40
   258   -40
   259   -41
   260   -41
   261   -41
   262   -42
   263   -42
   264   -41
   265   -41
   266   -40
   267   -40
   268   -39
   269   -39
   270   -39
   271   -39
   272   -39
   273   -40
   274   -40
   275   -41
   276   -42
   277   -42
   278   -42
   279   -42
   280   -42
   281   -42
   282   -41
   283   -41
   284   -40
   285   -40
   286   -40
   287   -40
   288   -41
   289   -41
   290   -41
   291   -42
   292   -42
   293   -43
   294   -43
   295   -43
   296   -43
   297   -43
   298   -42
   299   -42
   300   -41
   301   -41
   302   -41
   303   -41
   304   -41
   305   -41
   306   -42
   307   -43
   308   -43
   309   -43
   310   -44
   311   -44
   312   -44
   313   -44
   314   -43
   315   -43
   316   -42
   317   -42
   318   -42
   319   -41
   320   -42
   321   -42
   322   -42
   323   -43
   324   -44
   325   -44
   326   -45
   327   -45
   328   -45
   329   -45
   330   -45
   331   -44
   332   -43
   333   -43
   334   -43
   335   -42
   336   -43
   337   -43
   338   -43
   339   -44
   340   -44
   341   -45
   342   -45
   343   -46
   344   -45
   345   -45
   346   -45
   347   -45
   348   -44
   349   -43
   350   -43
   351   -43
   352   -43
   353   -43
   354   -44
   355   -44
   356   -45
   357   -45
   358   -46
   359   -47
   360   -46
   361   -46
   362   -47
   363   -46
   364   -45
   365   -45
   366   -44
   367   -44
   368   -44
   369   -44
   370   -44
   371   -45
   372   -45
   373   -46
   374   -46
   375   -47
   376   -47
   377   -47
   378   -47
   379   -47
   380   -46
   381   -46
   382   -45
   383   -45
   384   -45
   385   -45
   386   -45
   387   -45
   388   -46
   389   -47
   390   -47
   391   -48
   392   -48
   393   -48
   394   -48
   395   -48
   396   -48
   397   -47
   398   -46
   399   -46
   400   -46
   401   -45
   402   -46
   403   -46
   404   -46
   405   -47
   406   -48
   407   -48
   408   -48
   409   -48
   410   -49
   411   -48
   412   -48
   413   -48
   414   -47
   415   -47
   416   -46
   417   -46
   418   -46
   419   -47
   420   -47
   421   -48
   422   -48
   423   -48
   424   -50
   425   -49
   426   -50
   427   -49
   428   -49
   429   -49
   430   -48
   431   -48
   432   -48
   433   -47
   434   -47
   435   -47
   436   -48
   437   -48
   438   -49
   439   -49
   440   -50
   441   -50
   442   -50
   443   -50
   444   -50
   445   -49
   446   -49
   447   -48
   448   -48
   449   -48
   450   -48
   451   -48
   452   -48
   453   -49
   454   -49
   455   -50
   456   -51
   457   -51
   458   -51
   459   -51
   460   -51
   461   -50
   462   -50
   463   -50
   464   -49
   465   -49
   466   -49
   467   -49
   468   -49
   469   -50
   470   -50
   471   -51
   472   -51
   473   -52
   474   -52
   475   -53
   476   -53
   477   -52
   478   -52
   479   -52
   480   -51
   481   -51
   482   -51
   483   -51
   484   -51
   485   -52
   486   -53
   487   -53
   488   -54
   489   -55
   490   -55
   491   -56
   492   -56
   493   -56
   494   -56
   495   -56
   496   -55
   497   -55
   498   -55
   499   -55
   500   -56
   501   -56
   502   -56
   503   -57
   504   -58
   505   -59
   506   -59
   507   -60
   508   -60
   509   -60
   510   -60
   511   -60
   512   -60
   513   -59
   514   -59
   515   -59
   516   -60
   517   -60
   518   -61
   519   -61
   520   -62
   521   -63
   522   -64
   523   -64
   524   -64
   525   -64
   526   -64
   527   -64
   528   -64
   529   -64
   530   -63
   531   -63
   532   -63
   533   -63
   534   -64
   535   -65
   536   -65
   537   -66
   538   -66
   539   -67
   540   -67
   541   -67
   542   -67
   543   -66
   544   -66
   545   -65
   546   -65
   547   -65
   548   -65
   549   -65
   550   -65
   551   -66
   552   -66
   553   -67
   554   -67
   555   -68
   556   -68
   557   -68
   558   -68
   559   -68
   560   -67
   561   -67
   562   -66
   563   -66
   564   -66
   565   -66
   566   -66
   567   -67
   568   -67
   569   -68
   570   -68
   571   -68
   572   -69
   573   -69
   574   -68
   575   -68
   576   -68
   577   -67
   578   -67
   579   -66
   580   -66
   581   -66
   582   -66
   583   -66
   584   -67
   585   -67
   586   -68
   587   -68
   588   -69
   589   -69
   590   -69
   591   -69
   592   -68
   593   -67
   594   -67
   595   -67
   596   -66
   597   -66
   598   -66
   599   -66
   600   -67
   601   -67
   602   -68
   603   -68
   604   -69
   605   -69
   606   -69
   607   -69
   608   -68
   609   -68
   610   -67
   611   -67
   612   -66
   613   -66
   614   -66
   615   -66
   616   -66
   617   -67
   618   -67
   619   -68
   620   -68
   621   -68
   622   -69
   623   -69
   624   -68
   625   -68
   626   -67
   627   -67
   628   -66
   629   -66
   630   -66
   631   -66
   632   -66
   633   -67
   634   -68
   635   -68
   636   -68
   637   -69
   638   -69
   639   -69
   640   -69
   641   -68
   642   -68
   643   -67
   644   -67
   645   -66
   646   -66
   647   -66
   648   -66
   649   -67
   650   -67
   651   -67
   652   -68
   653   -69
   654   -68
   655   -69
   656   -69
   657   -68
   658   -67
   659   -67
   660   -67
   661   -66
   662   -66
   663   -66
   664   -66
   665   -66
   666   -67
   667   -67
   668   -68
   669   -69
   670   -69
   671   -69
   672   -69
   673   -68
   674   -68
   675   -67
   676   -67
   677   -66
   678   -66
   679   -66
   680   -66
   681   -66
   682   -67
   683   -68
   684   -68
   685   -68
   686   -69
   687   -69
   688   -69
   689   -68
   690   -68
   691   -67
   692   -67
   693   -66
   694   -66
   695   -66
   696   -66
   697   -66
   698   -66
   699   -67
   700   -68
   701   -68
   702   -69
   703   -69
   704   -69
   705   -69
   706   -69
   707   -68
   708   -67
   709   -67
   710   -66
   711   -66
   712   -66
   713   -66
   714   -66
   715   -67
   716   -68
   717   -68
   718   -69
   719   -69
   720   -69
   721   -69
   722   -68
   723   -68
   724   -67
   725   -67
   726   -66
   727   -66
   728   -66
   729   -66
   730   -66
   731   -67
   732   -67
   733   -68
   734   -69
   735   -69
   736   -69
   737   -69
   738   -69
   739   -68
   740   -68
   741   -67
   742   -67
   743   -66
   744   -66
   745   -66
   746   -66
   747   -67
   748   -67
   749   -68
   750   -69
   751   -69
   752   -69
   753   -69
   754   -69
   755   -68
   756   -68
   757   -67
   758   -67
   759   -66
   760   -66
   761   -66
   762   -66
   763   -67
   764   -67
   765   -68
   766   -68
   767   -68
   768   -69
   769   -69
   770   -69
   771   -69
   772   -68
   773   -67
   774   -67
   775   -66
   776   -66
   777   -66
   778   -66
   779   -66
   780   -67
   781   -68
   782   -68
   783   -68
   784   -69
   785   -69
   786   -69
   787   -69
   788   -68
   789   -68
   790   -67
   791   -66
   792   -66
   793   -66
   794   -66
   795   -66
   796   -67
   797   -67
   798   -68
   799   -68
   800   -68
   801   -69
   802   -69
   803   -69
   804   -68
   805   -68
   806   -67
   807   -67
   808   -66
   809   -66
   810   -66
   811   -66
   812   -66
   813   -67
   814   -67
   815   -68
   816   -69
   817   -69
   818   -69
   819   -69
   820   -69
   821   -68
   822   -67
   823   -67
   824   -67
   825   -66
   826   -66
   827   -66
   828   -66
   829   -66
   830   -67
   831   -68
   832   -68
   833   -69
   834   -69
   835   -69
   836   -69
   837   -68
   838   -68
   839   -67
   840   -67
   841   -66
   842   -66
   843   -66
   844   -66
   845   -66
   846   -67
   847   -68
   848   -68
   849   -69
   850   -69
   851   -69
   852   -69
   853   -69
   854   -68
   855   -67
   856   -67
   857   -66
   858   -66
   859   -66
   860   -66
   861   -66
   862   -67
   863   -67
   864   -68
   865   -69
   866   -69
   867   -69
   868   -69
   869   -69
   870   -68
   871   -68
   872   -67
   873   -66
   874   -66
   875   -66
   876   -66
   877   -66
   878   -66
   879   -67
   880   -68
   881   -68
   882   -69
   883   -69
   884   -69
   885   -69
   886   -68
   887   -68
   888   -67
   889   -66
   890   -66
   891   -66
   892   -65
   893   -66
   894   -66
   895   -67
   896   -67
   897   -68
   898   -68
   899   -69
   900   -69
   901   -69
   902   -68
   903   -68
   904   -68
   905   -67
   906   -66
   907   -66
   908   -66
   909   -66
   910   -66
   911   -67
   912   -67
   913   -68
   914   -69
   915   -69
   916   -69
   917   -69
   918   -69
   919   -68
   920   -68
   921   -67
   922   -66
   923   -66
   924   -65
   925   -66
   926   -66
   927   -66
   928   -67
   929   -68
   930   -68
   931   -69
   932   -69
   933   -69
   934   -69
   935   -69
   936   -68
   937   -67
   938   -67
   939   -66
   940   -65
   941   -66
   942   -66
   943   -67
   944   -67
   945   -68
   946   -69
   947   -69
   948   -69
   949   -69
   950   -69
   951   -69
   952   -68
   953   -67
   954   -67
   955   -66
   956   -66
   957   -65
   958   -66
   959   -66
   960   -67
   961   -67
   962   -68
   963   -68
   964   -69
   965   -69
   966   -69
   967   -69
   968   -68
   969   -68
   970   -67
   971   -66
   972   -66
   973   -66
   974   -65
   975   -66
   976   -66
   977   -67
   978   -68
   979   -69
   980   -69
   981   -69
   982   -69
   983   -70
   984   -69
   985   -68
   986   -67
   987   -67
   988   -66
   989   -66
   990   -66
   991   -65
   992   -66
   993   -66
   994   -67
   995   -68
   996   -69
   997   -69
   998   -69
   999   -69
