   0   0
   1   -60
   2   -62
   3   -61
   4   -62
   5   -60
   6   -62
   7   -61
   8   -62
   9   -61
   10   -61
   11   -61
   12   -61
   13   -61
   14   -61
   15   -61
   16   -61
   17   -62
   18   -61
   19   -61
   20   -61
   21   -62
   22   -61
   23   -61
   24   -61
   25   -61
   26   -61
   27   -61
   28   -61
   29   -61
   30   -61
   31   -61
   32   -62
   33   -61
   34   -61
   35   -61
   36   -62
   37   -61
   38   -62
   39   -61
   40   -62
   41   -61
   42   -61
   43   -61
   44   -61
   45   -61
   46   -61
   47   -62
   48   -61
   49   -61
   50   -61
   51   -62
   52   -61
   53   -62
   54   -61
   55   -62
   56   -61
   57   -62
   58   -61
   59   -61
   60   -61
   61   -61
   62   -61
   63   -61
   64   -61
   65   -61
   66   -61
   67   -61
   68   -62
   69   -61
   70   -61
   71   -61
   72   -62
   73   -61
   74   -61
   75   -61
   76   -61
   77   -61
   78   -61
   79   -61
   80   -61
   81   -61
   82   -61
   83   -61
   84   -61
   85   -62
   86   -61
   87   -61
   88   -61
   89   -61
   90   -61
   91   -61
   92   -61
   93   -61
   94   -61
   95   -61
   96   -61
   97   -61
   98   -61
   99   -61
   100   -62
   101   -61
   102   -61
   103   -61
   104   -61
   105   -61
   106   -62
   107   -61
   108   -61
   109   -61
   110   -61
   111   -61
   112   -61
   113   -61
   114   -61
   115   -61
   116   -61
   117   -62
   118   -61
   119   -61
   120   -61
   121   -61
   122   -61
   123   -61
   124   -61
   125   -61
   126   -61
   127   -61
   128   -61
   129   -61
   130   -61
   131   -61
   132   -61
   133   -61
   134   -62
   135   -61
   136   -61
   137   -61
   138   -61
   139   -61
   140   -61
   141   -61
   142   -61
   143   -61
   144   -61
   145   -61
   146   -61
   147   -61
   148   -61
   149   -61
   150   -61
   151   -61
   152   -61
   153   -61
   154   -61
   155   -61
   156   -61
   157   -61
   158   -61
   159   -61
   160   -61
   161   -61
   162   -61
   163   -61
   164   -61
   165   -61
   166   -62
   167   -61
   168   -62
   169   -61
   170   -62
   171   -61
   172   -61
   173   -61
   174   -61
   175   -61
   176   -61
   177   -61
   178   -61
   179   -61
   180   -61
   181   -61
   182   -61
   183   -61
   184   -61
   185   -61
   186   -61
   187   -61
   188   -61
   189   -61
   190   -61
   191   -61
   192   -61
   193   -62
   194   -60
   195   -61
   196   -61
   197   -61
   198   -61
   199   -60
   200   -62
   201   -59
   202   -30
   203   10
   204   14
   205   11
   206   6
   207   6
   208   6
   209   8
   210   9
   211   10
   212   10
   213   10
   214   10
   215   11
   216   12
   217   12
   218   12
   219   12
   220   12
   221   12
   222   13
   223   13
   224   13
   225   13
   226   13
   227   13
   228   13
   229   14
   230   13
   231   14
   232   13
   233   14
   234   13
   235   14
   236   13
   237   13
   238   14
   239   14
   240   14
   241   14
   242   14
   243   13
   244   13
   245   14
   246   14
   247   14
   248   14
   249   13
   250   14
   251   14
   252   14
   253   14
   254   14
   255   13
   256   14
   257   14
   258   13
   259   13
   260   13
   261   14
   262   14
   263   14
   264   13
   265   13
   266   13
   267   13
   268   13
   269   14
   270   13
   271   13
   272   13
   273   13
   274   13
   275   13
   276   13
   277   13
   278   13
   279   13
   280   13
   281   13
   282   13
   283   13
   284   13
   285   12
   286   13
   287   13
   288   13
   289   13
   290   12
   291   12
   292   12
   293   13
   294   12
   295   13
   296   12
   297   13
   298   12
   299   12
   300   12
   301   12
   302   12
   303   12
   304   12
   305   12
   306   12
   307   12
   308   12
   309   12
   310   12
   311   12
   312   12
   313   12
   314   12
   315   12
   316   12
   317   12
   318   12
   319   11
   320   11
   321   11
   322   11
   323   11
   324   11
   325   11
   326   11
   327   11
   328   11
   329   11
   330   11
   331   11
   332   11
   333   11
   334   11
   335   11
   336   10
   337   11
   338   11
   339   11
   340   11
   341   11
   342   11
   343   10
   344   10
   345   10
   346   11
   347   10
   348   10
   349   10
   350   10
   351   10
   352   10
   353   10
   354   10
   355   10
   356   10
   357   10
   358   10
   359   10
   360   10
   361   10
   362   9
   363   10
   364   9
   365   10
   366   9
   367   10
   368   9
   369   10
   370   9
   371   9
   372   9
   373   9
   374   9
   375   9
   376   9
   377   9
   378   9
   379   9
   380   9
   381   9
   382   9
   383   8
   384   9
   385   9
   386   9
   387   8
   388   9
   389   8
   390   8
   391   8
   392   8
   393   8
   394   8
   395   8
   396   8
   397   8
   398   8
   399   8
   400   7
   401   8
   402   8
   403   8
   404   7
   405   7
   406   7
   407   7
   408   7
   409   7
   410   7
   411   6
   412   6
   413   5
   414   5
   415   4
   416   4
   417   2
   418   2
   419   1
   420   0
   421   -1
   422   -2
   423   -3
   424   -5
   425   -6
   426   -8
   427   -9
   428   -11
   429   -12
   430   -14
   431   -15
   432   -17
   433   -18
   434   -21
   435   -22
   436   -24
   437   -25
   438   -27
   439   -29
   440   -31
   441   -32
   442   -34
   443   -35
   444   -37
   445   -39
   446   -40
   447   -42
   448   -43
   449   -45
   450   -46
   451   -47
   452   -48
   453   -49
   454   -50
   455   -51
   456   -52
   457   -53
   458   -54
   459   -55
   460   -55
   461   -56
   462   -57
   463   -57
   464   -57
   465   -58
   466   -58
   467   -58
   468   -59
   469   -59
   470   -59
   471   -59
   472   -60
   473   -60
   474   -60
   475   -60
   476   -60
   477   -60
   478   -60
   479   -60
   480   -60
   481   -60
   482   -60
   483   -60
   484   -60
   485   -60
   486   -60
   487   -60
   488   -60
   489   -60
   490   -61
   491   -60
   492   -61
   493   -60
   494   -60
   495   -60
   496   -60
   497   -60
   498   -61
   499   -60
   500   -60
   501   -60
   502   -61
   503   -61
   504   -60
   505   -60
   506   -60
   507   -60
   508   -60
   509   -61
   510   -60
   511   -61
   512   -60
   513   -61
   514   -60
   515   -61
   516   -61
   517   -60
   518   -60
   519   -60
   520   -61
   521   -61
   522   -61
   523   -61
   524   -61
   525   -61
   526   -60
   527   -60
   528   -61
   529   -61
   530   -60
   531   -61
   532   -61
   533   -61
   534   -61
   535   -61
   536   -60
   537   -61
   538   -61
   539   -61
   540   -60
   541   -61
   542   -61
   543   -61
   544   -61
   545   -61
   546   -61
   547   -61
   548   -61
   549   -61
   550   -61
   551   -61
   552   -61
   553   -61
   554   -61
   555   -61
   556   -61
   557   -61
   558   -61
   559   -61
   560   -61
   561   -61
   562   -61
   563   -61
   564   -61
   565   -61
   566   -61
   567   -61
   568   -61
   569   -61
   570   -61
   571   -61
   572   -61
   573   -61
   574   -61
   575   -61
   576   -61
   577   -61
   578   -61
   579   -61
   580   -61
   581   -61
   582   -61
   583   -61
   584   -61
   585   -61
   586   -61
   587   -61
   588   -61
   589   -61
   590   -61
   591   -61
   592   -61
   593   -61
   594   -61
   595   -61
   596   -61
   597   -61
   598   -61
   599   -61
   600   -61
   601   -61
   602   -61
   603   -61
   604   -61
   605   -61
   606   -61
   607   -61
   608   -61
   609   -61
   610   -61
   611   -61
   612   -61
   613   -61
   614   -61
   615   -61
   616   -61
   617   -61
   618   -61
   619   -61
   620   -61
   621   -61
   622   -61
   623   -61
   624   -61
   625   -61
   626   -61
   627   -61
   628   -61
   629   -61
   630   -61
   631   -61
   632   -61
   633   -61
   634   -61
   635   -61
   636   -61
   637   -60
   638   -61
   639   -61
   640   -61
   641   -61
   642   -61
   643   -61
   644   -61
   645   -61
   646   -61
   647   -61
   648   -61
   649   -61
   650   -61
   651   -61
   652   -61
   653   -61
   654   -61
   655   -61
   656   -61
   657   -61
   658   -61
   659   -61
   660   -61
   661   -61
   662   -61
   663   -61
   664   -61
   665   -61
   666   -61
   667   -61
   668   -61
   669   -61
   670   -61
   671   -61
   672   -61
   673   -61
   674   -61
   675   -61
   676   -61
   677   -61
   678   -61
   679   -61
   680   -61
   681   -61
   682   -61
   683   -61
   684   -61
   685   -61
   686   -61
   687   -61
   688   -61
   689   -61
   690   -61
   691   -61
   692   -61
   693   -61
   694   -61
   695   -61
   696   -61
   697   -61
   698   -61
   699   -61
   700   -61
   701   -61
   702   -61
   703   -61
   704   -61
   705   -61
   706   -61
   707   -61
   708   -61
   709   -61
   710   -61
   711   -61
   712   -61
   713   -61
   714   -61
   715   -61
   716   -61
   717   -61
   718   -61
   719   -61
   720   -60
   721   -61
   722   -61
   723   -61
   724   -61
   725   -61
   726   -61
   727   -61
   728   -61
   729   -61
   730   -61
   731   -61
   732   -61
   733   -61
   734   -61
   735   -61
   736   -61
   737   -61
   738   -61
   739   -61
   740   -61
   741   -61
   742   -61
   743   -61
   744   -61
   745   -61
   746   -61
   747   -61
   748   -61
   749   -61
   750   -61
   751   -61
   752   -61
   753   -61
   754   -61
   755   -61
   756   -61
   757   -61
   758   -61
   759   -61
   760   -61
   761   -61
   762   -61
   763   -61
   764   -61
   765   -61
   766   -61
   767   -61
   768   -61
   769   -61
   770   -61
   771   -61
   772   -61
   773   -61
   774   -61
   775   -61
   776   -61
   777   -61
   778   -61
   779   -61
   780   -61
   781   -61
   782   -61
   783   -61
   784   -61
   785   -61
   786   -61
   787   -61
   788   -61
   789   -61
   790   -61
   791   -61
   792   -61
   793   -61
   794   -61
   795   -61
   796   -61
   797   -61
   798   -61
   799   -61
   800   -61
   801   -61
   802   -61
   803   -61
   804   -61
   805   -61
   806   -61
   807   -61
   808   -61
   809   -61
   810   -61
   811   -61
   812   -61
   813   -61
   814   -61
   815   -61
   816   -61
   817   -61
   818   -61
   819   -61
   820   -61
   821   -61
   822   -61
   823   -61
   824   -60
   825   -61
   826   -61
   827   -61
   828   -61
   829   -61
   830   -61
   831   -61
   832   -61
   833   -61
   834   -61
   835   -61
   836   -61
   837   -61
   838   -61
   839   -61
   840   -61
   841   -61
   842   -61
   843   -61
   844   -61
   845   -61
   846   -61
   847   -61
   848   -61
   849   -61
   850   -61
   851   -61
   852   -60
   853   -61
   854   -61
   855   -61
   856   -61
   857   -61
   858   -61
   859   -61
   860   -61
   861   -61
   862   -61
   863   -61
   864   -61
   865   -61
   866   -61
   867   -61
   868   -61
   869   -61
   870   -61
   871   -61
   872   -61
   873   -61
   874   -61
   875   -61
   876   -61
   877   -61
   878   -61
   879   -61
   880   -61
   881   -61
   882   -61
   883   -61
   884   -60
   885   -61
   886   -61
   887   -61
   888   -60
   889   -61
   890   -61
   891   -61
   892   -61
   893   -61
   894   -61
   895   -61
   896   -61
   897   -61
   898   -61
   899   -61
   900   -61
   901   -61
   902   -61
   903   -61
   904   -61
   905   -61
   906   -61
   907   -61
   908   -61
   909   -61
   910   -61
   911   -61
   912   -61
   913   -61
   914   -61
   915   -61
   916   -61
   917   -61
   918   -61
   919   -61
   920   -61
   921   -61
   922   -61
   923   -61
   924   -61
   925   -61
   926   -61
   927   -61
   928   -61
   929   -61
   930   -61
   931   -60
   932   -61
   933   -61
   934   -61
   935   -61
   936   -61
   937   -61
   938   -61
   939   -61
   940   -61
   941   -61
   942   -61
   943   -61
   944   -61
   945   -61
   946   -60
   947   -61
   948   -60
   949   -61
   950   -60
   951   -61
   952   -61
   953   -61
   954   -60
   955   -61
   956   -61
   957   -61
   958   -61
   959   -61
   960   -61
   961   -61
   962   -61
   963   -61
   964   -61
   965   -61
   966   -61
   967   -61
   968   -61
   969   -61
   970   -61
   971   -61
   972   -61
   973   -61
   974   -61
   975   -61
   976   -61
   977   -61
   978   -61
   979   -61
   980   -61
   981   -61
   982   -61
   983   -61
   984   -61
   985   -61
   986   -61
   987   -61
   988   -61
   989   -61
   990   -61
   991   -61
   992   -61
   993   -61
   994   -61
   995   -61
   996   -61
   997   -61
   998   -61
   999   -61
