   0   0
   1   -62
   2   -61
   3   -62
   4   -60
   5   -62
   6   -61
   7   -62
   8   -61
   9   -61
   10   -61
   11   -62
   12   -62
   13   -61
   14   -62
   15   -61
   16   -61
   17   -61
   18   -61
   19   -61
   20   -62
   21   -61
   22   -62
   23   -61
   24   -61
   25   -61
   26   -61
   27   -61
   28   -61
   29   -62
   30   -61
   31   -62
   32   -61
   33   -62
   34   -61
   35   -62
   36   -61
   37   -62
   38   -61
   39   -62
   40   -61
   41   -61
   42   -61
   43   -61
   44   -61
   45   -61
   46   -62
   47   -61
   48   -62
   49   -61
   50   -62
   51   -61
   52   -61
   53   -61
   54   -61
   55   -61
   56   -61
   57   -61
   58   -61
   59   -62
   60   -61
   61   -61
   62   -61
   63   -62
   64   -61
   65   -62
   66   -61
   67   -62
   68   -61
   69   -62
   70   -61
   71   -62
   72   -61
   73   -62
   74   -61
   75   -61
   76   -61
   77   -61
   78   -61
   79   -61
   80   -62
   81   -61
   82   -61
   83   -61
   84   -62
   85   -61
   86   -62
   87   -61
   88   -61
   89   -61
   90   -61
   91   -61
   92   -61
   93   -61
   94   -61
   95   -61
   96   -61
   97   -62
   98   -61
   99   -62
   100   -61
   101   -62
   102   -61
   103   -62
   104   -61
   105   -61
   106   -61
   107   -61
   108   -61
   109   -61
   110   -61
   111   -61
   112   -61
   113   -61
   114   -61
   115   -61
   116   -62
   117   -61
   118   -62
   119   -61
   120   -62
   121   -61
   122   -61
   123   -61
   124   -61
   125   -61
   126   -61
   127   -61
   128   -61
   129   -61
   130   -61
   131   -61
   132   -61
   133   -61
   134   -61
   135   -62
   136   -61
   137   -62
   138   -61
   139   -61
   140   -61
   141   -62
   142   -61
   143   -61
   144   -61
   145   -61
   146   -61
   147   -61
   148   -61
   149   -61
   150   -61
   151   -61
   152   -61
   153   -61
   154   -61
   155   -61
   156   -61
   157   -61
   158   -61
   159   -61
   160   -61
   161   -61
   162   -61
   163   -61
   164   -61
   165   -61
   166   -61
   167   -61
   168   -61
   169   -62
   170   -61
   171   -61
   172   -61
   173   -61
   174   -61
   175   -61
   176   -61
   177   -61
   178   -61
   179   -61
   180   -61
   181   -61
   182   -62
   183   -61
   184   -61
   185   -61
   186   -61
   187   -61
   188   -61
   189   -61
   190   -61
   191   -61
   192   -61
   193   -62
   194   -60
   195   -61
   196   -61
   197   -61
   198   -62
   199   -61
   200   -62
   201   -59
   202   -28
   203   17
   204   20
   205   13
   206   7
   207   8
   208   7
   209   11
   210   10
   211   13
   212   11
   213   12
   214   12
   215   14
   216   14
   217   14
   218   14
   219   15
   220   14
   221   15
   222   15
   223   16
   224   16
   225   16
   226   15
   227   16
   228   16
   229   16
   230   16
   231   17
   232   17
   233   16
   234   16
   235   16
   236   17
   237   16
   238   17
   239   17
   240   18
   241   17
   242   17
   243   16
   244   17
   245   17
   246   17
   247   17
   248   17
   249   17
   250   17
   251   17
   252   17
   253   17
   254   16
   255   17
   256   17
   257   17
   258   17
   259   17
   260   16
   261   17
   262   17
   263   17
   264   16
   265   16
   266   16
   267   16
   268   16
   269   16
   270   16
   271   16
   272   16
   273   16
   274   16
   275   16
   276   16
   277   15
   278   16
   279   15
   280   16
   281   16
   282   16
   283   15
   284   16
   285   15
   286   15
   287   15
   288   15
   289   15
   290   15
   291   15
   292   15
   293   15
   294   15
   295   15
   296   15
   297   15
   298   14
   299   14
   300   14
   301   14
   302   14
   303   14
   304   15
   305   14
   306   14
   307   14
   308   14
   309   14
   310   14
   311   14
   312   14
   313   13
   314   14
   315   14
   316   14
   317   13
   318   14
   319   13
   320   13
   321   13
   322   13
   323   13
   324   13
   325   13
   326   13
   327   13
   328   12
   329   13
   330   13
   331   13
   332   12
   333   13
   334   12
   335   12
   336   12
   337   12
   338   12
   339   12
   340   12
   341   11
   342   12
   343   11
   344   12
   345   12
   346   12
   347   11
   348   12
   349   11
   350   11
   351   11
   352   11
   353   11
   354   11
   355   11
   356   11
   357   11
   358   11
   359   11
   360   11
   361   11
   362   10
   363   10
   364   10
   365   10
   366   10
   367   10
   368   10
   369   10
   370   10
   371   10
   372   10
   373   9
   374   10
   375   9
   376   10
   377   9
   378   10
   379   9
   380   9
   381   9
   382   9
   383   9
   384   9
   385   9
   386   9
   387   9
   388   8
   389   9
   390   8
   391   9
   392   8
   393   9
   394   8
   395   9
   396   8
   397   9
   398   8
   399   8
   400   7
   401   8
   402   8
   403   8
   404   8
   405   8
   406   8
   407   7
   408   7
   409   7
   410   8
   411   7
   412   7
   413   7
   414   7
   415   7
   416   7
   417   7
   418   7
   419   7
   420   6
   421   7
   422   6
   423   7
   424   6
   425   7
   426   6
   427   7
   428   6
   429   7
   430   6
   431   6
   432   6
   433   6
   434   6
   435   6
   436   6
   437   5
   438   6
   439   5
   440   6
   441   5
   442   5
   443   4
   444   5
   445   5
   446   5
   447   4
   448   4
   449   3
   450   4
   451   3
   452   3
   453   2
   454   2
   455   2
   456   0
   457   0
   458   -1
   459   -1
   460   -3
   461   -3
   462   -4
   463   -4
   464   -6
   465   -6
   466   -8
   467   -8
   468   -10
   469   -11
   470   -12
   471   -14
   472   -14
   473   -16
   474   -16
   475   -19
   476   -19
   477   -21
   478   -22
   479   -24
   480   -25
   481   -27
   482   -27
   483   -29
   484   -30
   485   -32
   486   -33
   487   -34
   488   -36
   489   -37
   490   -39
   491   -39
   492   -41
   493   -41
   494   -44
   495   -44
   496   -45
   497   -45
   498   -47
   499   -48
   500   -49
   501   -50
   502   -50
   503   -52
   504   -52
   505   -54
   506   -53
   507   -55
   508   -54
   509   -56
   510   -55
   511   -57
   512   -56
   513   -57
   514   -57
   515   -58
   516   -58
   517   -58
   518   -58
   519   -59
   520   -59
   521   -59
   522   -60
   523   -59
   524   -60
   525   -59
   526   -60
   527   -59
   528   -61
   529   -60
   530   -61
   531   -60
   532   -60
   533   -60
   534   -60
   535   -60
   536   -60
   537   -61
   538   -59
   539   -61
   540   -60
   541   -61
   542   -60
   543   -61
   544   -60
   545   -61
   546   -60
   547   -61
   548   -60
   549   -61
   550   -60
   551   -60
   552   -61
   553   -60
   554   -61
   555   -60
   556   -61
   557   -60
   558   -61
   559   -60
   560   -62
   561   -60
   562   -61
   563   -60
   564   -61
   565   -60
   566   -61
   567   -61
   568   -60
   569   -60
   570   -60
   571   -61
   572   -60
   573   -61
   574   -60
   575   -61
   576   -60
   577   -61
   578   -60
   579   -61
   580   -60
   581   -61
   582   -60
   583   -61
   584   -60
   585   -61
   586   -61
   587   -61
   588   -61
   589   -60
   590   -61
   591   -60
   592   -62
   593   -60
   594   -61
   595   -60
   596   -61
   597   -60
   598   -61
   599   -61
   600   -61
   601   -61
   602   -61
   603   -61
   604   -60
   605   -61
   606   -60
   607   -62
   608   -60
   609   -61
   610   -60
   611   -62
   612   -60
   613   -61
   614   -60
   615   -61
   616   -60
   617   -60
   618   -61
   619   -61
   620   -61
   621   -60
   622   -61
   623   -60
   624   -62
   625   -60
   626   -62
   627   -60
   628   -61
   629   -60
   630   -61
   631   -61
   632   -61
   633   -61
   634   -60
   635   -61
   636   -60
   637   -62
   638   -60
   639   -62
   640   -60
   641   -62
   642   -60
   643   -62
   644   -60
   645   -62
   646   -60
   647   -61
   648   -61
   649   -61
   650   -61
   651   -61
   652   -61
   653   -60
   654   -61
   655   -60
   656   -62
   657   -60
   658   -62
   659   -60
   660   -62
   661   -60
   662   -62
   663   -61
   664   -61
   665   -61
   666   -61
   667   -61
   668   -61
   669   -61
   670   -60
   671   -62
   672   -60
   673   -62
   674   -60
   675   -62
   676   -60
   677   -62
   678   -60
   679   -61
   680   -60
   681   -61
   682   -61
   683   -61
   684   -61
   685   -61
   686   -61
   687   -60
   688   -62
   689   -60
   690   -62
   691   -60
   692   -62
   693   -60
   694   -61
   695   -60
   696   -61
   697   -61
   698   -61
   699   -61
   700   -60
   701   -61
   702   -60
   703   -62
   704   -60
   705   -62
   706   -60
   707   -62
   708   -60
   709   -62
   710   -60
   711   -61
   712   -60
   713   -61
   714   -61
   715   -61
   716   -61
   717   -60
   718   -61
   719   -60
   720   -62
   721   -60
   722   -62
   723   -60
   724   -62
   725   -60
   726   -62
   727   -60
   728   -62
   729   -61
   730   -61
   731   -61
   732   -61
   733   -61
   734   -61
   735   -61
   736   -60
   737   -62
   738   -60
   739   -62
   740   -60
   741   -62
   742   -60
   743   -62
   744   -60
   745   -61
   746   -60
   747   -61
   748   -61
   749   -60
   750   -61
   751   -60
   752   -62
   753   -60
   754   -62
   755   -60
   756   -62
   757   -60
   758   -62
   759   -60
   760   -62
   761   -60
   762   -62
   763   -61
   764   -61
   765   -61
   766   -61
   767   -62
   768   -60
   769   -62
   770   -60
   771   -62
   772   -60
   773   -62
   774   -60
   775   -62
   776   -60
   777   -62
   778   -61
   779   -61
   780   -61
   781   -61
   782   -61
   783   -60
   784   -62
   785   -60
   786   -62
   787   -60
   788   -62
   789   -60
   790   -62
   791   -60
   792   -62
   793   -60
   794   -62
   795   -60
   796   -61
   797   -61
   798   -61
   799   -62
   800   -60
   801   -62
   802   -60
   803   -62
   804   -60
   805   -62
   806   -60
   807   -62
   808   -60
   809   -62
   810   -60
   811   -62
   812   -60
   813   -61
   814   -61
   815   -61
   816   -61
   817   -60
   818   -62
   819   -60
   820   -62
   821   -60
   822   -62
   823   -60
   824   -62
   825   -60
   826   -62
   827   -60
   828   -61
   829   -60
   830   -61
   831   -61
   832   -61
   833   -62
   834   -60
   835   -62
   836   -60
   837   -62
   838   -60
   839   -62
   840   -60
   841   -62
   842   -60
   843   -62
   844   -60
   845   -61
   846   -61
   847   -61
   848   -61
   849   -60
   850   -62
   851   -60
   852   -62
   853   -60
   854   -62
   855   -60
   856   -62
   857   -60
   858   -62
   859   -60
   860   -61
   861   -61
   862   -61
   863   -61
   864   -61
   865   -61
   866   -60
   867   -62
   868   -60
   869   -62
   870   -60
   871   -62
   872   -60
   873   -62
   874   -60
   875   -62
   876   -60
   877   -61
   878   -61
   879   -61
   880   -61
   881   -60
   882   -62
   883   -60
   884   -62
   885   -60
   886   -62
   887   -60
   888   -62
   889   -59
   890   -62
   891   -60
   892   -62
   893   -60
   894   -61
   895   -61
   896   -61
   897   -61
   898   -60
   899   -62
   900   -60
   901   -62
   902   -59
   903   -62
   904   -60
   905   -63
   906   -60
   907   -62
   908   -60
   909   -62
   910   -61
   911   -61
   912   -61
   913   -61
   914   -61
   915   -60
   916   -62
   917   -60
   918   -62
   919   -59
   920   -62
   921   -59
   922   -62
   923   -60
   924   -62
   925   -60
   926   -62
   927   -60
   928   -61
   929   -61
   930   -61
   931   -61
   932   -60
   933   -62
   934   -60
   935   -62
   936   -60
   937   -62
   938   -60
   939   -62
   940   -60
   941   -62
   942   -60
   943   -61
   944   -61
   945   -61
   946   -61
   947   -60
   948   -62
   949   -60
   950   -62
   951   -59
   952   -62
   953   -60
   954   -63
   955   -60
   956   -62
   957   -60
   958   -62
   959   -60
   960   -61
   961   -61
   962   -61
   963   -61
   964   -60
   965   -62
   966   -60
   967   -62
   968   -60
   969   -62
   970   -60
   971   -62
   972   -60
   973   -62
   974   -60
   975   -61
   976   -60
   977   -61
   978   -61
   979   -60
   980   -61
   981   -60
   982   -62
   983   -60
   984   -62
   985   -60
   986   -62
   987   -60
   988   -62
   989   -60
   990   -62
   991   -60
   992   -61
   993   -61
   994   -61
   995   -61
   996   -60
   997   -62
   998   -60
   999   -62
