   0   0
   1   -66
   2   -67
   3   -67
   4   -67
   5   -67
   6   -67
   7   -67
   8   -67
   9   -68
   10   -68
   11   -68
   12   -68
   13   -67
   14   -68
   15   -67
   16   -67
   17   -67
   18   -67
   19   -67
   20   -67
   21   -68
   22   -67
   23   -68
   24   -68
   25   -68
   26   -68
   27   -68
   28   -68
   29   -67
   30   -67
   31   -67
   32   -67
   33   -67
   34   -66
   35   -66
   36   -67
   37   -67
   38   -67
   39   -67
   40   -68
   41   -68
   42   -68
   43   -68
   44   -68
   45   -67
   46   -67
   47   -67
   48   -67
   49   -67
   50   -67
   51   -67
   52   -67
   53   -67
   54   -68
   55   -67
   56   -68
   57   -68
   58   -68
   59   -68
   60   -68
   61   -67
   62   -68
   63   -67
   64   -67
   65   -67
   66   -66
   67   -66
   68   -67
   69   -67
   70   -67
   71   -67
   72   -67
   73   -68
   74   -68
   75   -68
   76   -68
   77   -68
   78   -67
   79   -67
   80   -67
   81   -67
   82   -67
   83   -67
   84   -67
   85   -67
   86   -67
   87   -68
   88   -68
   89   -68
   90   -68
   91   -68
   92   -68
   93   -68
   94   -68
   95   -67
   96   -67
   97   -67
   98   -67
   99   -66
   100   -67
   101   -67
   102   -67
   103   -67
   104   -67
   105   -67
   106   -67
   107   -68
   108   -68
   109   -68
   110   -67
   111   -67
   112   -67
   113   -67
   114   -67
   115   -67
   116   -67
   117   -67
   118   -67
   119   -67
   120   -68
   121   -67
   122   -68
   123   -68
   124   -68
   125   -68
   126   -68
   127   -68
   128   -67
   129   -67
   130   -67
   131   -67
   132   -67
   133   -67
   134   -67
   135   -67
   136   -67
   137   -68
   138   -67
   139   -68
   140   -67
   141   -67
   142   -68
   143   -67
   144   -67
   145   -67
   146   -67
   147   -67
   148   -66
   149   -67
   150   -67
   151   -67
   152   -67
   153   -68
   154   -68
   155   -68
   156   -68
   157   -68
   158   -68
   159   -68
   160   -68
   161   -67
   162   -67
   163   -67
   164   -67
   165   -67
   166   -67
   167   -67
   168   -67
   169   -67
   170   -67
   171   -68
   172   -67
   173   -67
   174   -67
   175   -68
   176   -67
   177   -67
   178   -67
   179   -67
   180   -67
   181   -67
   182   -67
   183   -67
   184   -67
   185   -67
   186   -68
   187   -68
   188   -68
   189   -68
   190   -68
   191   -68
   192   -67
   193   -68
   194   -68
   195   -67
   196   -67
   197   -67
   198   -67
   199   -67
   200   -68
   201   -41
   202   21
   203   -19
   204   -21
   205   -17
   206   -15
   207   -16
   208   -14
   209   -14
   210   -14
   211   -14
   212   -12
   213   -14
   214   -13
   215   -13
   216   -13
   217   -13
   218   -13
   219   -13
   220   -13
   221   -13
   222   -14
   223   -13
   224   -13
   225   -14
   226   -12
   227   -13
   228   -13
   229   -12
   230   -13
   231   -13
   232   -12
   233   -13
   234   -13
   235   -13
   236   -14
   237   -13
   238   -13
   239   -13
   240   -13
   241   -13
   242   -13
   243   -13
   244   -12
   245   -13
   246   -13
   247   -13
   248   -13
   249   -14
   250   -14
   251   -14
   252   -14
   253   -14
   254   -15
   255   -15
   256   -14
   257   -15
   258   -14
   259   -14
   260   -14
   261   -14
   262   -15
   263   -15
   264   -15
   265   -15
   266   -15
   267   -15
   268   -16
   269   -15
   270   -16
   271   -16
   272   -15
   273   -15
   274   -15
   275   -15
   276   -15
   277   -15
   278   -15
   279   -15
   280   -15
   281   -15
   282   -16
   283   -16
   284   -16
   285   -16
   286   -16
   287   -17
   288   -17
   289   -16
   290   -16
   291   -16
   292   -16
   293   -17
   294   -17
   295   -17
   296   -16
   297   -17
   298   -17
   299   -17
   300   -18
   301   -17
   302   -18
   303   -18
   304   -18
   305   -17
   306   -18
   307   -17
   308   -17
   309   -17
   310   -17
   311   -17
   312   -17
   313   -18
   314   -18
   315   -18
   316   -18
   317   -19
   318   -19
   319   -19
   320   -19
   321   -19
   322   -19
   323   -19
   324   -19
   325   -18
   326   -19
   327   -18
   328   -19
   329   -19
   330   -19
   331   -20
   332   -20
   333   -20
   334   -20
   335   -20
   336   -20
   337   -20
   338   -20
   339   -20
   340   -20
   341   -20
   342   -19
   343   -19
   344   -20
   345   -20
   346   -20
   347   -20
   348   -21
   349   -21
   350   -21
   351   -21
   352   -21
   353   -21
   354   -21
   355   -21
   356   -21
   357   -21
   358   -21
   359   -21
   360   -22
   361   -21
   362   -22
   363   -23
   364   -23
   365   -24
   366   -24
   367   -24
   368   -25
   369   -25
   370   -25
   371   -26
   372   -26
   373   -27
   374   -27
   375   -27
   376   -29
   377   -30
   378   -31
   379   -32
   380   -33
   381   -34
   382   -36
   383   -37
   384   -38
   385   -39
   386   -40
   387   -41
   388   -42
   389   -43
   390   -44
   391   -46
   392   -47
   393   -48
   394   -49
   395   -51
   396   -52
   397   -53
   398   -55
   399   -55
   400   -56
   401   -57
   402   -57
   403   -58
   404   -59
   405   -59
   406   -60
   407   -60
   408   -61
   409   -61
   410   -63
   411   -63
   412   -63
   413   -64
   414   -65
   415   -65
   416   -65
   417   -66
   418   -66
   419   -66
   420   -65
   421   -66
   422   -65
   423   -65
   424   -66
   425   -66
   426   -66
   427   -66
   428   -67
   429   -67
   430   -68
   431   -67
   432   -68
   433   -68
   434   -67
   435   -67
   436   -67
   437   -67
   438   -67
   439   -66
   440   -66
   441   -66
   442   -67
   443   -66
   444   -67
   445   -67
   446   -67
   447   -67
   448   -67
   449   -68
   450   -67
   451   -67
   452   -66
   453   -67
   454   -66
   455   -66
   456   -66
   457   -66
   458   -66
   459   -66
   460   -67
   461   -68
   462   -67
   463   -68
   464   -68
   465   -68
   466   -68
   467   -67
   468   -67
   469   -67
   470   -67
   471   -66
   472   -66
   473   -67
   474   -66
   475   -67
   476   -66
   477   -67
   478   -68
   479   -67
   480   -68
   481   -68
   482   -67
   483   -68
   484   -67
   485   -66
   486   -66
   487   -66
   488   -66
   489   -66
   490   -66
   491   -67
   492   -67
   493   -67
   494   -67
   495   -68
   496   -68
   497   -68
   498   -68
   499   -68
   500   -67
   501   -67
   502   -67
   503   -67
   504   -66
   505   -66
   506   -67
   507   -67
   508   -67
   509   -67
   510   -67
   511   -68
   512   -68
   513   -68
   514   -67
   515   -67
   516   -68
   517   -67
   518   -67
   519   -66
   520   -66
   521   -66
   522   -66
   523   -66
   524   -67
   525   -67
   526   -67
   527   -67
   528   -68
   529   -68
   530   -68
   531   -68
   532   -68
   533   -68
   534   -67
   535   -66
   536   -67
   537   -66
   538   -66
   539   -67
   540   -66
   541   -67
   542   -67
   543   -67
   544   -68
   545   -68
   546   -68
   547   -68
   548   -67
   549   -67
   550   -67
   551   -67
   552   -66
   553   -66
   554   -66
   555   -66
   556   -66
   557   -67
   558   -67
   559   -67
   560   -68
   561   -68
   562   -68
   563   -68
   564   -68
   565   -68
   566   -67
   567   -67
   568   -67
   569   -66
   570   -67
   571   -66
   572   -66
   573   -66
   574   -67
   575   -67
   576   -68
   577   -68
   578   -68
   579   -68
   580   -68
   581   -67
   582   -67
   583   -67
   584   -66
   585   -66
   586   -66
   587   -66
   588   -66
   589   -66
   590   -67
   591   -67
   592   -68
   593   -68
   594   -68
   595   -68
   596   -68
   597   -68
   598   -68
   599   -67
   600   -67
   601   -66
   602   -66
   603   -66
   604   -67
   605   -67
   606   -67
   607   -67
   608   -68
   609   -68
   610   -68
   611   -68
   612   -68
   613   -68
   614   -68
   615   -67
   616   -67
   617   -67
   618   -66
   619   -66
   620   -66
   621   -66
   622   -67
   623   -67
   624   -67
   625   -68
   626   -68
   627   -68
   628   -68
   629   -68
   630   -68
   631   -67
   632   -67
   633   -67
   634   -66
   635   -66
   636   -66
   637   -66
   638   -66
   639   -67
   640   -67
   641   -68
   642   -68
   643   -68
   644   -68
   645   -68
   646   -68
   647   -68
   648   -67
   649   -66
   650   -66
   651   -66
   652   -66
   653   -66
   654   -66
   655   -66
   656   -67
   657   -67
   658   -68
   659   -68
   660   -68
   661   -68
   662   -68
   663   -68
   664   -67
   665   -67
   666   -66
   667   -66
   668   -66
   669   -66
   670   -66
   671   -67
   672   -67
   673   -68
   674   -68
   675   -69
   676   -69
   677   -68
   678   -68
   679   -68
   680   -67
   681   -67
   682   -66
   683   -66
   684   -66
   685   -66
   686   -66
   687   -66
   688   -67
   689   -67
   690   -67
   691   -68
   692   -68
   693   -69
   694   -68
   695   -68
   696   -67
   697   -67
   698   -67
   699   -67
   700   -66
   701   -66
   702   -66
   703   -66
   704   -67
   705   -67
   706   -68
   707   -68
   708   -68
   709   -69
   710   -68
   711   -68
   712   -68
   713   -67
   714   -67
   715   -66
   716   -66
   717   -66
   718   -66
   719   -66
   720   -66
   721   -67
   722   -68
   723   -68
   724   -68
   725   -69
   726   -68
   727   -68
   728   -68
   729   -67
   730   -67
   731   -66
   732   -66
   733   -66
   734   -66
   735   -66
   736   -66
   737   -67
   738   -67
   739   -68
   740   -68
   741   -69
   742   -69
   743   -69
   744   -68
   745   -68
   746   -67
   747   -67
   748   -66
   749   -66
   750   -66
   751   -66
   752   -66
   753   -66
   754   -67
   755   -67
   756   -68
   757   -68
   758   -69
   759   -68
   760   -68
   761   -68
   762   -67
   763   -67
   764   -66
   765   -66
   766   -66
   767   -65
   768   -66
   769   -66
   770   -67
   771   -67
   772   -68
   773   -69
   774   -68
   775   -69
   776   -69
   777   -68
   778   -68
   779   -67
   780   -66
   781   -66
   782   -66
   783   -66
   784   -66
   785   -66
   786   -67
   787   -67
   788   -68
   789   -68
   790   -69
   791   -68
   792   -69
   793   -68
   794   -68
   795   -67
   796   -67
   797   -66
   798   -66
   799   -66
   800   -66
   801   -66
   802   -67
   803   -67
   804   -67
   805   -68
   806   -68
   807   -69
   808   -69
   809   -69
   810   -68
   811   -68
   812   -67
   813   -66
   814   -66
   815   -66
   816   -66
   817   -66
   818   -66
   819   -67
   820   -67
   821   -68
   822   -68
   823   -68
   824   -69
   825   -68
   826   -68
   827   -67
   828   -67
   829   -66
   830   -66
   831   -65
   832   -66
   833   -65
   834   -66
   835   -67
   836   -67
   837   -68
   838   -69
   839   -69
   840   -69
   841   -69
   842   -69
   843   -68
   844   -67
   845   -67
   846   -66
   847   -66
   848   -66
   849   -66
   850   -66
   851   -66
   852   -67
   853   -67
   854   -68
   855   -69
   856   -68
   857   -69
   858   -69
   859   -68
   860   -67
   861   -67
   862   -66
   863   -66
   864   -65
   865   -65
   866   -65
   867   -65
   868   -67
   869   -67
   870   -68
   871   -68
   872   -69
   873   -69
   874   -69
   875   -68
   876   -68
   877   -67
   878   -67
   879   -66
   880   -66
   881   -65
   882   -66
   883   -66
   884   -67
   885   -67
   886   -68
   887   -68
   888   -69
   889   -69
   890   -69
   891   -69
   892   -67
   893   -67
   894   -67
   895   -66
   896   -66
   897   -65
   898   -65
   899   -65
   900   -66
   901   -67
   902   -67
   903   -68
   904   -69
   905   -69
   906   -69
   907   -69
   908   -68
   909   -67
   910   -67
   911   -67
   912   -66
   913   -65
   914   -66
   915   -66
   916   -66
   917   -67
   918   -67
   919   -68
   920   -69
   921   -69
   922   -69
   923   -69
   924   -69
   925   -68
   926   -68
   927   -66
   928   -66
   929   -66
   930   -65
   931   -65
   932   -66
   933   -66
   934   -67
   935   -67
   936   -68
   937   -69
   938   -69
   939   -69
   940   -69
   941   -68
   942   -68
   943   -67
   944   -66
   945   -65
   946   -65
   947   -66
   948   -66
   949   -66
   950   -67
   951   -68
   952   -68
   953   -69
   954   -69
   955   -69
   956   -69
   957   -68
   958   -68
   959   -67
   960   -67
   961   -66
   962   -65
   963   -65
   964   -65
   965   -66
   966   -66
   967   -67
   968   -67
   969   -68
   970   -69
   971   -69
   972   -69
   973   -68
   974   -68
   975   -67
   976   -66
   977   -66
   978   -65
   979   -66
   980   -65
   981   -66
   982   -67
   983   -67
   984   -67
   985   -68
   986   -69
   987   -69
   988   -69
   989   -69
   990   -68
   991   -68
   992   -67
   993   -66
   994   -66
   995   -65
   996   -65
   997   -65
   998   -66
   999   -66
