   0   0
   1   -68
   2   -67
   3   -66
   4   -66
   5   -66
   6   -66
   7   -66
   8   -66
   9   -67
   10   -67
   11   -68
   12   -68
   13   -69
   14   -69
   15   -69
   16   -69
   17   -68
   18   -68
   19   -67
   20   -67
   21   -67
   22   -66
   23   -66
   24   -66
   25   -66
   26   -67
   27   -68
   28   -68
   29   -69
   30   -69
   31   -69
   32   -68
   33   -68
   34   -68
   35   -67
   36   -67
   37   -66
   38   -66
   39   -66
   40   -66
   41   -66
   42   -67
   43   -68
   44   -68
   45   -69
   46   -69
   47   -70
   48   -69
   49   -68
   50   -69
   51   -68
   52   -67
   53   -67
   54   -66
   55   -66
   56   -66
   57   -67
   58   -66
   59   -67
   60   -68
   61   -68
   62   -69
   63   -69
   64   -69
   65   -68
   66   -69
   67   -68
   68   -67
   69   -66
   70   -66
   71   -66
   72   -66
   73   -65
   74   -66
   75   -67
   76   -67
   77   -68
   78   -69
   79   -69
   80   -69
   81   -69
   82   -69
   83   -68
   84   -68
   85   -66
   86   -66
   87   -67
   88   -65
   89   -66
   90   -67
   91   -67
   92   -67
   93   -68
   94   -69
   95   -69
   96   -69
   97   -69
   98   -69
   99   -68
   100   -68
   101   -67
   102   -66
   103   -66
   104   -65
   105   -65
   106   -66
   107   -66
   108   -67
   109   -68
   110   -68
   111   -69
   112   -69
   113   -69
   114   -69
   115   -69
   116   -68
   117   -68
   118   -67
   119   -66
   120   -66
   121   -66
   122   -67
   123   -67
   124   -67
   125   -67
   126   -69
   127   -69
   128   -69
   129   -69
   130   -69
   131   -69
   132   -68
   133   -67
   134   -66
   135   -67
   136   -66
   137   -66
   138   -66
   139   -66
   140   -66
   141   -67
   142   -68
   143   -68
   144   -69
   145   -69
   146   -69
   147   -69
   148   -69
   149   -68
   150   -68
   151   -67
   152   -66
   153   -66
   154   -67
   155   -66
   156   -67
   157   -67
   158   -67
   159   -69
   160   -69
   161   -69
   162   -69
   163   -69
   164   -69
   165   -68
   166   -67
   167   -66
   168   -66
   169   -66
   170   -65
   171   -65
   172   -66
   173   -66
   174   -67
   175   -68
   176   -68
   177   -69
   178   -69
   179   -69
   180   -69
   181   -69
   182   -68
   183   -67
   184   -67
   185   -66
   186   -66
   187   -66
   188   -66
   189   -67
   190   -67
   191   -68
   192   -69
   193   -69
   194   -69
   195   -69
   196   -69
   197   -68
   198   -68
   199   -68
   200   -67
   201   -43
   202   19
   203   -25
   204   -29
   205   -24
   206   -23
   207   -26
   208   -24
   209   -25
   210   -26
   211   -26
   212   -24
   213   -25
   214   -24
   215   -23
   216   -23
   217   -22
   218   -21
   219   -22
   220   -21
   221   -22
   222   -23
   223   -23
   224   -23
   225   -24
   226   -24
   227   -24
   228   -25
   229   -24
   230   -24
   231   -23
   232   -22
   233   -22
   234   -21
   235   -21
   236   -21
   237   -21
   238   -22
   239   -23
   240   -23
   241   -23
   242   -24
   243   -25
   244   -25
   245   -25
   246   -25
   247   -23
   248   -23
   249   -23
   250   -22
   251   -22
   252   -22
   253   -22
   254   -22
   255   -23
   256   -24
   257   -25
   258   -25
   259   -26
   260   -26
   261   -26
   262   -26
   263   -25
   264   -25
   265   -24
   266   -23
   267   -23
   268   -22
   269   -23
   270   -23
   271   -23
   272   -24
   273   -24
   274   -25
   275   -27
   276   -26
   277   -27
   278   -26
   279   -26
   280   -26
   281   -24
   282   -25
   283   -24
   284   -23
   285   -24
   286   -24
   287   -24
   288   -25
   289   -26
   290   -27
   291   -27
   292   -28
   293   -27
   294   -27
   295   -28
   296   -27
   297   -26
   298   -26
   299   -25
   300   -25
   301   -24
   302   -24
   303   -25
   304   -26
   305   -26
   306   -27
   307   -27
   308   -28
   309   -28
   310   -28
   311   -28
   312   -27
   313   -28
   314   -26
   315   -26
   316   -25
   317   -25
   318   -25
   319   -26
   320   -26
   321   -27
   322   -28
   323   -29
   324   -29
   325   -30
   326   -30
   327   -29
   328   -29
   329   -29
   330   -28
   331   -27
   332   -27
   333   -26
   334   -26
   335   -27
   336   -27
   337   -27
   338   -27
   339   -29
   340   -29
   341   -30
   342   -30
   343   -30
   344   -30
   345   -29
   346   -29
   347   -28
   348   -27
   349   -28
   350   -27
   351   -28
   352   -27
   353   -28
   354   -29
   355   -30
   356   -31
   357   -31
   358   -32
   359   -31
   360   -31
   361   -31
   362   -31
   363   -30
   364   -29
   365   -28
   366   -28
   367   -28
   368   -29
   369   -29
   370   -29
   371   -30
   372   -31
   373   -32
   374   -32
   375   -32
   376   -32
   377   -32
   378   -32
   379   -31
   380   -30
   381   -30
   382   -30
   383   -30
   384   -31
   385   -32
   386   -32
   387   -33
   388   -35
   389   -36
   390   -37
   391   -37
   392   -38
   393   -38
   394   -38
   395   -38
   396   -38
   397   -38
   398   -39
   399   -39
   400   -39
   401   -41
   402   -42
   403   -43
   404   -45
   405   -46
   406   -47
   407   -49
   408   -50
   409   -51
   410   -51
   411   -51
   412   -51
   413   -51
   414   -51
   415   -52
   416   -53
   417   -53
   418   -55
   419   -56
   420   -57
   421   -58
   422   -60
   423   -60
   424   -62
   425   -62
   426   -63
   427   -62
   428   -62
   429   -62
   430   -62
   431   -62
   432   -62
   433   -63
   434   -63
   435   -64
   436   -65
   437   -65
   438   -66
   439   -67
   440   -67
   441   -68
   442   -68
   443   -67
   444   -67
   445   -66
   446   -65
   447   -65
   448   -64
   449   -64
   450   -65
   451   -65
   452   -66
   453   -67
   454   -67
   455   -68
   456   -69
   457   -69
   458   -69
   459   -69
   460   -68
   461   -68
   462   -67
   463   -66
   464   -66
   465   -65
   466   -66
   467   -65
   468   -66
   469   -67
   470   -67
   471   -68
   472   -69
   473   -69
   474   -69
   475   -68
   476   -68
   477   -67
   478   -66
   479   -66
   480   -65
   481   -65
   482   -65
   483   -66
   484   -66
   485   -66
   486   -67
   487   -68
   488   -68
   489   -69
   490   -69
   491   -69
   492   -69
   493   -68
   494   -67
   495   -66
   496   -66
   497   -66
   498   -66
   499   -65
   500   -66
   501   -67
   502   -67
   503   -67
   504   -68
   505   -68
   506   -69
   507   -68
   508   -68
   509   -68
   510   -67
   511   -67
   512   -65
   513   -65
   514   -65
   515   -65
   516   -65
   517   -66
   518   -67
   519   -67
   520   -68
   521   -68
   522   -69
   523   -69
   524   -69
   525   -68
   526   -68
   527   -67
   528   -67
   529   -66
   530   -65
   531   -65
   532   -66
   533   -66
   534   -67
   535   -68
   536   -68
   537   -68
   538   -68
   539   -68
   540   -69
   541   -69
   542   -68
   543   -67
   544   -66
   545   -66
   546   -65
   547   -66
   548   -65
   549   -65
   550   -66
   551   -67
   552   -67
   553   -68
   554   -68
   555   -69
   556   -68
   557   -69
   558   -68
   559   -68
   560   -67
   561   -66
   562   -66
   563   -65
   564   -66
   565   -65
   566   -66
   567   -67
   568   -67
   569   -68
   570   -69
   571   -69
   572   -69
   573   -69
   574   -69
   575   -68
   576   -67
   577   -66
   578   -66
   579   -65
   580   -65
   581   -65
   582   -65
   583   -66
   584   -67
   585   -67
   586   -68
   587   -68
   588   -69
   589   -69
   590   -68
   591   -68
   592   -67
   593   -67
   594   -66
   595   -66
   596   -65
   597   -65
   598   -66
   599   -66
   600   -67
   601   -68
   602   -68
   603   -69
   604   -69
   605   -69
   606   -69
   607   -69
   608   -68
   609   -67
   610   -66
   611   -66
   612   -65
   613   -65
   614   -65
   615   -65
   616   -67
   617   -67
   618   -68
   619   -68
   620   -69
   621   -68
   622   -68
   623   -68
   624   -68
   625   -67
   626   -66
   627   -65
   628   -66
   629   -65
   630   -65
   631   -65
   632   -66
   633   -67
   634   -67
   635   -68
   636   -69
   637   -69
   638   -69
   639   -69
   640   -69
   641   -67
   642   -67
   643   -66
   644   -65
   645   -65
   646   -65
   647   -66
   648   -65
   649   -66
   650   -67
   651   -68
   652   -68
   653   -69
   654   -69
   655   -68
   656   -68
   657   -68
   658   -67
   659   -66
   660   -65
   661   -66
   662   -65
   663   -66
   664   -65
   665   -66
   666   -67
   667   -68
   668   -68
   669   -69
   670   -69
   671   -69
   672   -69
   673   -68
   674   -68
   675   -67
   676   -66
   677   -66
   678   -65
   679   -66
   680   -65
   681   -66
   682   -66
   683   -67
   684   -68
   685   -69
   686   -69
   687   -69
   688   -69
   689   -68
   690   -68
   691   -67
   692   -66
   693   -65
   694   -65
   695   -65
   696   -66
   697   -66
   698   -66
   699   -67
   700   -68
   701   -68
   702   -69
   703   -69
   704   -69
   705   -69
   706   -68
   707   -67
   708   -67
   709   -66
   710   -66
   711   -65
   712   -65
   713   -65
   714   -65
   715   -66
   716   -67
   717   -68
   718   -68
   719   -69
   720   -69
   721   -68
   722   -68
   723   -67
   724   -66
   725   -66
   726   -65
   727   -65
   728   -65
   729   -65
   730   -66
   731   -66
   732   -67
   733   -68
   734   -69
   735   -69
   736   -69
   737   -69
   738   -68
   739   -68
   740   -67
   741   -67
   742   -66
   743   -65
   744   -65
   745   -65
   746   -65
   747   -66
   748   -66
   749   -67
   750   -69
   751   -68
   752   -69
   753   -69
   754   -69
   755   -68
   756   -67
   757   -66
   758   -66
   759   -65
   760   -65
   761   -65
   762   -66
   763   -66
   764   -66
   765   -67
   766   -68
   767   -68
   768   -69
   769   -69
   770   -69
   771   -69
   772   -68
   773   -67
   774   -66
   775   -66
   776   -66
   777   -65
   778   -66
   779   -66
   780   -66
   781   -67
   782   -68
   783   -68
   784   -68
   785   -68
   786   -69
   787   -68
   788   -68
   789   -67
   790   -67
   791   -66
   792   -66
   793   -65
   794   -65
   795   -65
   796   -66
   797   -67
   798   -67
   799   -68
   800   -69
   801   -69
   802   -69
   803   -69
   804   -68
   805   -68
   806   -67
   807   -66
   808   -66
   809   -65
   810   -66
   811   -66
   812   -66
   813   -67
   814   -67
   815   -68
   816   -69
   817   -69
   818   -69
   819   -68
   820   -69
   821   -68
   822   -67
   823   -66
   824   -66
   825   -65
   826   -65
   827   -65
   828   -65
   829   -66
   830   -67
   831   -68
   832   -68
   833   -69
   834   -70
   835   -69
   836   -69
   837   -68
   838   -68
   839   -67
   840   -66
   841   -66
   842   -65
   843   -65
   844   -65
   845   -66
   846   -66
   847   -67
   848   -68
   849   -68
   850   -69
   851   -69
   852   -69
   853   -68
   854   -68
   855   -67
   856   -66
   857   -66
   858   -65
   859   -65
   860   -65
   861   -66
   862   -66
   863   -67
   864   -68
   865   -68
   866   -68
   867   -69
   868   -69
   869   -69
   870   -68
   871   -68
   872   -67
   873   -66
   874   -65
   875   -65
   876   -65
   877   -65
   878   -66
   879   -66
   880   -67
   881   -68
   882   -68
   883   -69
   884   -69
   885   -69
   886   -68
   887   -68
   888   -67
   889   -67
   890   -66
   891   -65
   892   -65
   893   -66
   894   -66
   895   -67
   896   -67
   897   -68
   898   -69
   899   -69
   900   -68
   901   -69
   902   -69
   903   -68
   904   -67
   905   -67
   906   -67
   907   -66
   908   -65
   909   -65
   910   -66
   911   -66
   912   -67
   913   -67
   914   -68
   915   -68
   916   -69
   917   -69
   918   -69
   919   -68
   920   -68
   921   -67
   922   -66
   923   -66
   924   -65
   925   -65
   926   -65
   927   -65
   928   -66
   929   -67
   930   -68
   931   -69
   932   -69
   933   -69
   934   -69
   935   -69
   936   -68
   937   -67
   938   -67
   939   -66
   940   -66
   941   -65
   942   -65
   943   -66
   944   -66
   945   -66
   946   -68
   947   -68
   948   -69
   949   -69
   950   -69
   951   -69
   952   -69
   953   -68
   954   -67
   955   -66
   956   -66
   957   -65
   958   -65
   959   -65
   960   -65
   961   -67
   962   -67
   963   -67
   964   -69
   965   -69
   966   -69
   967   -69
   968   -68
   969   -68
   970   -67
   971   -67
   972   -66
   973   -65
   974   -65
   975   -65
   976   -66
   977   -66
   978   -67
   979   -67
   980   -68
   981   -69
   982   -69
   983   -69
   984   -69
   985   -68
   986   -68
   987   -67
   988   -66
   989   -65
   990   -65
   991   -65
   992   -65
   993   -66
   994   -66
   995   -67
   996   -68
   997   -69
   998   -69
   999   -69
