   0   0
   1   -64
   2   -64
   3   -64
   4   -65
   5   -66
   6   -67
   7   -69
   8   -70
   9   -71
   10   -71
   11   -71
   12   -71
   13   -69
   14   -68
   15   -67
   16   -65
   17   -65
   18   -64
   19   -64
   20   -65
   21   -65
   22   -67
   23   -68
   24   -69
   25   -70
   26   -71
   27   -72
   28   -71
   29   -69
   30   -68
   31   -67
   32   -66
   33   -64
   34   -64
   35   -64
   36   -65
   37   -65
   38   -66
   39   -68
   40   -69
   41   -70
   42   -71
   43   -71
   44   -71
   45   -70
   46   -69
   47   -67
   48   -66
   49   -65
   50   -64
   51   -64
   52   -64
   53   -65
   54   -66
   55   -68
   56   -69
   57   -70
   58   -71
   59   -71
   60   -71
   61   -71
   62   -69
   63   -67
   64   -67
   65   -65
   66   -64
   67   -64
   68   -64
   69   -64
   70   -65
   71   -67
   72   -68
   73   -69
   74   -70
   75   -71
   76   -71
   77   -71
   78   -70
   79   -69
   80   -67
   81   -66
   82   -65
   83   -64
   84   -65
   85   -64
   86   -65
   87   -66
   88   -68
   89   -69
   90   -69
   91   -71
   92   -71
   93   -71
   94   -70
   95   -69
   96   -68
   97   -66
   98   -65
   99   -64
   100   -63
   101   -64
   102   -65
   103   -65
   104   -66
   105   -68
   106   -70
   107   -70
   108   -71
   109   -71
   110   -70
   111   -69
   112   -68
   113   -68
   114   -65
   115   -64
   116   -64
   117   -64
   118   -64
   119   -66
   120   -66
   121   -68
   122   -69
   123   -70
   124   -71
   125   -71
   126   -71
   127   -69
   128   -68
   129   -67
   130   -66
   131   -64
   132   -64
   133   -64
   134   -64
   135   -65
   136   -66
   137   -67
   138   -68
   139   -70
   140   -70
   141   -71
   142   -70
   143   -70
   144   -70
   145   -68
   146   -66
   147   -65
   148   -65
   149   -64
   150   -64
   151   -65
   152   -66
   153   -67
   154   -68
   155   -70
   156   -70
   157   -71
   158   -71
   159   -70
   160   -69
   161   -68
   162   -67
   163   -65
   164   -65
   165   -64
   166   -64
   167   -64
   168   -65
   169   -66
   170   -67
   171   -69
   172   -70
   173   -71
   174   -71
   175   -70
   176   -70
   177   -69
   178   -68
   179   -66
   180   -64
   181   -65
   182   -64
   183   -64
   184   -65
   185   -66
   186   -68
   187   -69
   188   -70
   189   -71
   190   -71
   191   -71
   192   -70
   193   -69
   194   -68
   195   -67
   196   -65
   197   -63
   198   -64
   199   -64
   200   -65
   201   -27
   202   72
   203   44
   204   39
   205   43
   206   45
   207   45
   208   49
   209   50
   210   51
   211   54
   212   57
   213   57
   214   59
   215   59
   216   58
   217   58
   218   57
   219   56
   220   55
   221   53
   222   51
   223   52
   224   53
   225   53
   226   55
   227   56
   228   57
   229   58
   230   59
   231   59
   232   59
   233   58
   234   57
   235   56
   236   54
   237   53
   238   52
   239   51
   240   51
   241   52
   242   53
   243   54
   244   55
   245   55
   246   56
   247   57
   248   56
   249   55
   250   53
   251   52
   252   51
   253   50
   254   48
   255   48
   256   47
   257   48
   258   49
   259   50
   260   51
   261   52
   262   52
   263   53
   264   53
   265   53
   266   51
   267   49
   268   48
   269   47
   270   46
   271   45
   272   44
   273   44
   274   45
   275   46
   276   47
   277   49
   278   49
   279   50
   280   49
   281   49
   282   48
   283   47
   284   45
   285   44
   286   42
   287   41
   288   40
   289   40
   290   42
   291   42
   292   43
   293   45
   294   45
   295   46
   296   46
   297   46
   298   44
   299   44
   300   42
   301   41
   302   40
   303   38
   304   38
   305   38
   306   38
   307   39
   308   39
   309   41
   310   42
   311   42
   312   43
   313   43
   314   42
   315   42
   316   39
   317   39
   318   36
   319   35
   320   34
   321   34
   322   34
   323   35
   324   36
   325   37
   326   38
   327   39
   328   40
   329   40
   330   39
   331   39
   332   37
   333   35
   334   34
   335   32
   336   31
   337   29
   338   29
   339   28
   340   28
   341   27
   342   27
   343   27
   344   25
   345   23
   346   21
   347   17
   348   14
   349   9
   350   5
   351   0
   352   -5
   353   -9
   354   -13
   355   -16
   356   -19
   357   -21
   358   -24
   359   -25
   360   -29
   361   -31
   362   -34
   363   -37
   364   -41
   365   -44
   366   -49
   367   -51
   368   -55
   369   -58
   370   -59
   371   -61
   372   -62
   373   -62
   374   -62
   375   -61
   376   -61
   377   -61
   378   -61
   379   -62
   380   -63
   381   -64
   382   -65
   383   -67
   384   -69
   385   -69
   386   -70
   387   -70
   388   -69
   389   -69
   390   -67
   391   -66
   392   -64
   393   -64
   394   -63
   395   -63
   396   -64
   397   -65
   398   -66
   399   -67
   400   -68
   401   -69
   402   -70
   403   -69
   404   -69
   405   -69
   406   -67
   407   -66
   408   -65
   409   -65
   410   -63
   411   -64
   412   -64
   413   -64
   414   -66
   415   -67
   416   -68
   417   -69
   418   -70
   419   -70
   420   -70
   421   -69
   422   -69
   423   -66
   424   -65
   425   -65
   426   -63
   427   -64
   428   -63
   429   -64
   430   -65
   431   -66
   432   -68
   433   -69
   434   -70
   435   -69
   436   -70
   437   -70
   438   -69
   439   -67
   440   -66
   441   -65
   442   -64
   443   -63
   444   -63
   445   -64
   446   -65
   447   -65
   448   -67
   449   -68
   450   -70
   451   -70
   452   -71
   453   -70
   454   -70
   455   -69
   456   -67
   457   -65
   458   -65
   459   -64
   460   -64
   461   -64
   462   -64
   463   -65
   464   -67
   465   -67
   466   -69
   467   -69
   468   -70
   469   -70
   470   -70
   471   -68
   472   -67
   473   -66
   474   -65
   475   -64
   476   -64
   477   -63
   478   -64
   479   -64
   480   -66
   481   -67
   482   -69
   483   -70
   484   -70
   485   -70
   486   -70
   487   -70
   488   -69
   489   -67
   490   -66
   491   -65
   492   -64
   493   -64
   494   -64
   495   -65
   496   -65
   497   -67
   498   -68
   499   -69
   500   -70
   501   -70
   502   -69
   503   -69
   504   -68
   505   -67
   506   -66
   507   -65
   508   -64
   509   -64
   510   -64
   511   -64
   512   -66
   513   -67
   514   -67
   515   -69
   516   -70
   517   -70
   518   -70
   519   -69
   520   -68
   521   -68
   522   -67
   523   -66
   524   -64
   525   -64
   526   -65
   527   -64
   528   -65
   529   -66
   530   -68
   531   -69
   532   -70
   533   -71
   534   -70
   535   -70
   536   -69
   537   -68
   538   -66
   539   -65
   540   -65
   541   -64
   542   -63
   543   -64
   544   -64
   545   -66
   546   -67
   547   -68
   548   -69
   549   -70
   550   -70
   551   -70
   552   -69
   553   -68
   554   -67
   555   -67
   556   -65
   557   -65
   558   -64
   559   -65
   560   -64
   561   -66
   562   -66
   563   -68
   564   -69
   565   -70
   566   -70
   567   -70
   568   -69
   569   -69
   570   -68
   571   -67
   572   -65
   573   -64
   574   -64
   575   -64
   576   -64
   577   -64
   578   -66
   579   -67
   580   -68
   581   -69
   582   -70
   583   -70
   584   -70
   585   -69
   586   -69
   587   -67
   588   -66
   589   -65
   590   -65
   591   -63
   592   -64
   593   -65
   594   -66
   595   -67
   596   -68
   597   -69
   598   -70
   599   -70
   600   -70
   601   -69
   602   -69
   603   -68
   604   -66
   605   -65
   606   -64
   607   -64
   608   -64
   609   -64
   610   -65
   611   -66
   612   -67
   613   -69
   614   -70
   615   -70
   616   -70
   617   -70
   618   -68
   619   -68
   620   -67
   621   -66
   622   -65
   623   -65
   624   -64
   625   -65
   626   -65
   627   -66
   628   -68
   629   -68
   630   -69
   631   -70
   632   -70
   633   -70
   634   -69
   635   -68
   636   -67
   637   -66
   638   -65
   639   -63
   640   -64
   641   -65
   642   -64
   643   -66
   644   -67
   645   -68
   646   -68
   647   -70
   648   -70
   649   -70
   650   -70
   651   -68
   652   -68
   653   -67
   654   -65
   655   -65
   656   -65
   657   -64
   658   -65
   659   -66
   660   -66
   661   -67
   662   -69
   663   -69
   664   -70
   665   -70
   666   -70
   667   -69
   668   -68
   669   -66
   670   -66
   671   -64
   672   -64
   673   -64
   674   -65
   675   -65
   676   -66
   677   -68
   678   -68
   679   -69
   680   -70
   681   -70
   682   -69
   683   -69
   684   -68
   685   -66
   686   -66
   687   -65
   688   -64
   689   -64
   690   -64
   691   -65
   692   -66
   693   -67
   694   -68
   695   -69
   696   -69
   697   -70
   698   -70
   699   -70
   700   -69
   701   -68
   702   -67
   703   -66
   704   -64
   705   -64
   706   -64
   707   -64
   708   -65
   709   -66
   710   -67
   711   -68
   712   -70
   713   -69
   714   -70
   715   -70
   716   -69
   717   -68
   718   -67
   719   -66
   720   -65
   721   -65
   722   -64
   723   -64
   724   -65
   725   -66
   726   -67
   727   -68
   728   -69
   729   -69
   730   -70
   731   -69
   732   -69
   733   -68
   734   -67
   735   -67
   736   -66
   737   -65
   738   -65
   739   -65
   740   -65
   741   -66
   742   -66
   743   -68
   744   -69
   745   -69
   746   -70
   747   -69
   748   -69
   749   -69
   750   -68
   751   -67
   752   -66
   753   -65
   754   -65
   755   -65
   756   -65
   757   -66
   758   -67
   759   -67
   760   -69
   761   -69
   762   -70
   763   -70
   764   -69
   765   -69
   766   -68
   767   -67
   768   -66
   769   -65
   770   -65
   771   -64
   772   -65
   773   -65
   774   -66
   775   -67
   776   -68
   777   -68
   778   -69
   779   -69
   780   -69
   781   -69
   782   -69
   783   -67
   784   -66
   785   -66
   786   -65
   787   -64
   788   -65
   789   -65
   790   -65
   791   -67
   792   -68
   793   -69
   794   -69
   795   -70
   796   -70
   797   -69
   798   -69
   799   -68
   800   -67
   801   -66
   802   -65
   803   -65
   804   -64
   805   -65
   806   -66
   807   -66
   808   -67
   809   -68
   810   -69
   811   -70
   812   -69
   813   -69
   814   -69
   815   -68
   816   -67
   817   -66
   818   -65
   819   -65
   820   -64
   821   -65
   822   -65
   823   -66
   824   -67
   825   -68
   826   -69
   827   -69
   828   -70
   829   -70
   830   -69
   831   -68
   832   -68
   833   -67
   834   -66
   835   -65
   836   -65
   837   -65
   838   -65
   839   -65
   840   -66
   841   -67
   842   -68
   843   -69
   844   -69
   845   -69
   846   -69
   847   -69
   848   -68
   849   -67
   850   -67
   851   -65
   852   -65
   853   -65
   854   -65
   855   -66
   856   -66
   857   -68
   858   -68
   859   -69
   860   -69
   861   -69
   862   -70
   863   -69
   864   -69
   865   -67
   866   -67
   867   -66
   868   -66
   869   -65
   870   -65
   871   -66
   872   -66
   873   -67
   874   -67
   875   -69
   876   -69
   877   -70
   878   -69
   879   -69
   880   -68
   881   -68
   882   -67
   883   -66
   884   -65
   885   -65
   886   -65
   887   -65
   888   -66
   889   -67
   890   -67
   891   -68
   892   -68
   893   -69
   894   -69
   895   -69
   896   -69
   897   -68
   898   -67
   899   -66
   900   -66
   901   -65
   902   -65
   903   -65
   904   -65
   905   -66
   906   -67
   907   -67
   908   -68
   909   -69
   910   -69
   911   -69
   912   -68
   913   -68
   914   -67
   915   -67
   916   -65
   917   -66
   918   -65
   919   -65
   920   -66
   921   -66
   922   -67
   923   -67
   924   -68
   925   -69
   926   -69
   927   -69
   928   -69
   929   -68
   930   -68
   931   -67
   932   -66
   933   -66
   934   -65
   935   -65
   936   -65
   937   -66
   938   -66
   939   -68
   940   -68
   941   -68
   942   -69
   943   -69
   944   -69
   945   -68
   946   -68
   947   -68
   948   -66
   949   -66
   950   -66
   951   -65
   952   -65
   953   -66
   954   -66
   955   -67
   956   -68
   957   -68
   958   -69
   959   -69
   960   -69
   961   -69
   962   -69
   963   -68
   964   -67
   965   -67
   966   -66
   967   -66
   968   -66
   969   -65
   970   -66
   971   -66
   972   -67
   973   -68
   974   -69
   975   -68
   976   -69
   977   -69
   978   -69
   979   -68
   980   -67
   981   -67
   982   -66
   983   -66
   984   -65
   985   -66
   986   -66
   987   -66
   988   -66
   989   -68
   990   -68
   991   -68
   992   -69
   993   -70
   994   -68
   995   -68
   996   -67
   997   -67
   998   -66
   999   -66
