   0   0
   1   -61
   2   -62
   3   -61
   4   -62
   5   -61
   6   -62
   7   -61
   8   -62
   9   -61
   10   -62
   11   -61
   12   -61
   13   -62
   14   -61
   15   -62
   16   -61
   17   -62
   18   -61
   19   -62
   20   -61
   21   -62
   22   -61
   23   -62
   24   -61
   25   -62
   26   -61
   27   -62
   28   -61
   29   -61
   30   -62
   31   -61
   32   -62
   33   -61
   34   -62
   35   -61
   36   -62
   37   -61
   38   -62
   39   -61
   40   -62
   41   -61
   42   -62
   43   -61
   44   -62
   45   -62
   46   -61
   47   -62
   48   -61
   49   -62
   50   -61
   51   -62
   52   -61
   53   -62
   54   -61
   55   -62
   56   -61
   57   -62
   58   -61
   59   -62
   60   -61
   61   -61
   62   -62
   63   -61
   64   -62
   65   -61
   66   -62
   67   -61
   68   -62
   69   -61
   70   -62
   71   -61
   72   -62
   73   -61
   74   -62
   75   -61
   76   -61
   77   -61
   78   -61
   79   -62
   80   -61
   81   -62
   82   -61
   83   -62
   84   -61
   85   -62
   86   -60
   87   -62
   88   -61
   89   -62
   90   -61
   91   -62
   92   -61
   93   -62
   94   -62
   95   -61
   96   -62
   97   -61
   98   -62
   99   -61
   100   -62
   101   -60
   102   -62
   103   -61
   104   -62
   105   -61
   106   -62
   107   -61
   108   -62
   109   -61
   110   -61
   111   -61
   112   -61
   113   -62
   114   -61
   115   -62
   116   -61
   117   -62
   118   -61
   119   -62
   120   -61
   121   -62
   122   -61
   123   -62
   124   -61
   125   -61
   126   -61
   127   -62
   128   -62
   129   -61
   130   -62
   131   -61
   132   -62
   133   -61
   134   -62
   135   -61
   136   -62
   137   -61
   138   -62
   139   -61
   140   -62
   141   -61
   142   -62
   143   -62
   144   -61
   145   -62
   146   -61
   147   -62
   148   -61
   149   -62
   150   -61
   151   -62
   152   -60
   153   -62
   154   -61
   155   -62
   156   -61
   157   -62
   158   -61
   159   -62
   160   -61
   161   -61
   162   -62
   163   -61
   164   -62
   165   -61
   166   -62
   167   -61
   168   -62
   169   -61
   170   -62
   171   -61
   172   -62
   173   -61
   174   -62
   175   -61
   176   -62
   177   -62
   178   -61
   179   -62
   180   -61
   181   -62
   182   -61
   183   -62
   184   -61
   185   -62
   186   -61
   187   -62
   188   -61
   189   -62
   190   -61
   191   -62
   192   -61
   193   -62
   194   -61
   195   -61
   196   -62
   197   -61
   198   -62
   199   -60
   200   -63
   201   -59
   202   -39
   203   6
   204   19
   205   19
   206   13
   207   10
   208   9
   209   10
   210   11
   211   11
   212   11
   213   10
   214   11
   215   11
   216   12
   217   11
   218   12
   219   11
   220   12
   221   10
   222   12
   223   12
   224   12
   225   12
   226   11
   227   12
   228   12
   229   13
   230   11
   231   13
   232   11
   233   13
   234   11
   235   13
   236   11
   237   12
   238   12
   239   13
   240   13
   241   13
   242   12
   243   12
   244   12
   245   12
   246   13
   247   12
   248   13
   249   11
   250   13
   251   12
   252   14
   253   12
   254   13
   255   12
   256   13
   257   13
   258   13
   259   13
   260   12
   261   13
   262   12
   263   14
   264   12
   265   14
   266   12
   267   13
   268   12
   269   14
   270   13
   271   13
   272   13
   273   13
   274   13
   275   13
   276   14
   277   12
   278   14
   279   12
   280   14
   281   12
   282   14
   283   12
   284   14
   285   12
   286   14
   287   13
   288   14
   289   13
   290   13
   291   13
   292   13
   293   14
   294   13
   295   14
   296   13
   297   14
   298   13
   299   14
   300   13
   301   14
   302   13
   303   14
   304   13
   305   14
   306   14
   307   14
   308   14
   309   14
   310   15
   311   13
   312   15
   313   13
   314   15
   315   13
   316   15
   317   13
   318   15
   319   13
   320   14
   321   14
   322   14
   323   14
   324   14
   325   14
   326   14
   327   15
   328   14
   329   15
   330   14
   331   15
   332   13
   333   15
   334   13
   335   15
   336   14
   337   14
   338   14
   339   14
   340   15
   341   14
   342   15
   343   14
   344   15
   345   14
   346   16
   347   13
   348   15
   349   14
   350   15
   351   14
   352   15
   353   14
   354   15
   355   15
   356   14
   357   15
   358   14
   359   15
   360   14
   361   15
   362   14
   363   15
   364   14
   365   15
   366   14
   367   15
   368   14
   369   15
   370   14
   371   15
   372   15
   373   14
   374   15
   375   14
   376   15
   377   14
   378   15
   379   14
   380   15
   381   14
   382   15
   383   13
   384   14
   385   13
   386   13
   387   13
   388   12
   389   12
   390   11
   391   11
   392   9
   393   10
   394   8
   395   9
   396   6
   397   6
   398   4
   399   4
   400   1
   401   1
   402   -1
   403   -2
   404   -4
   405   -6
   406   -7
   407   -10
   408   -10
   409   -13
   410   -13
   411   -17
   412   -17
   413   -21
   414   -21
   415   -24
   416   -24
   417   -28
   418   -28
   419   -31
   420   -32
   421   -34
   422   -35
   423   -36
   424   -39
   425   -39
   426   -42
   427   -41
   428   -45
   429   -44
   430   -47
   431   -46
   432   -49
   433   -48
   434   -51
   435   -50
   436   -52
   437   -52
   438   -53
   439   -54
   440   -54
   441   -55
   442   -55
   443   -56
   444   -55
   445   -57
   446   -56
   447   -58
   448   -57
   449   -58
   450   -57
   451   -59
   452   -58
   453   -59
   454   -59
   455   -58
   456   -59
   457   -58
   458   -59
   459   -58
   460   -60
   461   -58
   462   -60
   463   -58
   464   -60
   465   -59
   466   -60
   467   -59
   468   -60
   469   -59
   470   -59
   471   -60
   472   -59
   473   -60
   474   -59
   475   -60
   476   -59
   477   -60
   478   -59
   479   -60
   480   -59
   481   -60
   482   -59
   483   -60
   484   -59
   485   -60
   486   -59
   487   -60
   488   -60
   489   -59
   490   -60
   491   -59
   492   -60
   493   -59
   494   -60
   495   -59
   496   -60
   497   -59
   498   -60
   499   -59
   500   -60
   501   -59
   502   -60
   503   -60
   504   -60
   505   -60
   506   -59
   507   -60
   508   -59
   509   -60
   510   -59
   511   -61
   512   -59
   513   -60
   514   -59
   515   -60
   516   -59
   517   -60
   518   -60
   519   -60
   520   -60
   521   -60
   522   -60
   523   -59
   524   -61
   525   -59
   526   -61
   527   -59
   528   -61
   529   -59
   530   -61
   531   -59
   532   -61
   533   -60
   534   -60
   535   -60
   536   -60
   537   -60
   538   -59
   539   -60
   540   -59
   541   -61
   542   -59
   543   -61
   544   -59
   545   -61
   546   -59
   547   -61
   548   -59
   549   -61
   550   -60
   551   -60
   552   -60
   553   -60
   554   -60
   555   -60
   556   -61
   557   -60
   558   -61
   559   -59
   560   -61
   561   -59
   562   -61
   563   -59
   564   -61
   565   -60
   566   -61
   567   -60
   568   -60
   569   -60
   570   -60
   571   -60
   572   -60
   573   -61
   574   -60
   575   -61
   576   -59
   577   -61
   578   -59
   579   -61
   580   -60
   581   -61
   582   -60
   583   -61
   584   -60
   585   -60
   586   -61
   587   -60
   588   -61
   589   -59
   590   -61
   591   -59
   592   -61
   593   -59
   594   -61
   595   -59
   596   -61
   597   -60
   598   -61
   599   -60
   600   -61
   601   -60
   602   -60
   603   -61
   604   -60
   605   -61
   606   -60
   607   -61
   608   -60
   609   -61
   610   -59
   611   -61
   612   -59
   613   -61
   614   -60
   615   -61
   616   -60
   617   -61
   618   -60
   619   -60
   620   -61
   621   -60
   622   -61
   623   -60
   624   -61
   625   -60
   626   -61
   627   -60
   628   -61
   629   -60
   630   -61
   631   -60
   632   -61
   633   -60
   634   -60
   635   -61
   636   -60
   637   -61
   638   -60
   639   -61
   640   -60
   641   -61
   642   -60
   643   -61
   644   -60
   645   -61
   646   -60
   647   -61
   648   -60
   649   -61
   650   -60
   651   -60
   652   -61
   653   -60
   654   -61
   655   -60
   656   -61
   657   -60
   658   -62
   659   -60
   660   -61
   661   -60
   662   -61
   663   -60
   664   -61
   665   -60
   666   -61
   667   -61
   668   -61
   669   -61
   670   -60
   671   -61
   672   -60
   673   -61
   674   -60
   675   -61
   676   -60
   677   -61
   678   -60
   679   -61
   680   -60
   681   -61
   682   -60
   683   -61
   684   -61
   685   -60
   686   -61
   687   -60
   688   -61
   689   -60
   690   -61
   691   -60
   692   -61
   693   -60
   694   -61
   695   -60
   696   -61
   697   -61
   698   -61
   699   -61
   700   -60
   701   -61
   702   -60
   703   -61
   704   -60
   705   -61
   706   -60
   707   -62
   708   -60
   709   -62
   710   -60
   711   -61
   712   -60
   713   -61
   714   -60
   715   -61
   716   -61
   717   -61
   718   -61
   719   -60
   720   -61
   721   -60
   722   -62
   723   -60
   724   -61
   725   -60
   726   -61
   727   -60
   728   -61
   729   -60
   730   -61
   731   -60
   732   -61
   733   -61
   734   -61
   735   -61
   736   -60
   737   -61
   738   -60
   739   -61
   740   -60
   741   -61
   742   -60
   743   -62
   744   -60
   745   -61
   746   -60
   747   -61
   748   -61
   749   -61
   750   -61
   751   -61
   752   -61
   753   -60
   754   -61
   755   -60
   756   -62
   757   -60
   758   -61
   759   -60
   760   -61
   761   -60
   762   -61
   763   -61
   764   -61
   765   -61
   766   -61
   767   -61
   768   -60
   769   -61
   770   -60
   771   -61
   772   -60
   773   -62
   774   -60
   775   -62
   776   -60
   777   -61
   778   -60
   779   -61
   780   -60
   781   -61
   782   -61
   783   -61
   784   -61
   785   -60
   786   -62
   787   -60
   788   -62
   789   -60
   790   -62
   791   -60
   792   -61
   793   -60
   794   -62
   795   -60
   796   -61
   797   -61
   798   -61
   799   -61
   800   -61
   801   -61
   802   -60
   803   -61
   804   -60
   805   -62
   806   -60
   807   -62
   808   -60
   809   -62
   810   -60
   811   -61
   812   -61
   813   -61
   814   -61
   815   -61
   816   -61
   817   -61
   818   -61
   819   -61
   820   -62
   821   -60
   822   -62
   823   -60
   824   -62
   825   -60
   826   -61
   827   -60
   828   -61
   829   -61
   830   -61
   831   -61
   832   -61
   833   -61
   834   -61
   835   -61
   836   -60
   837   -62
   838   -60
   839   -62
   840   -60
   841   -62
   842   -60
   843   -61
   844   -60
   845   -61
   846   -61
   847   -61
   848   -61
   849   -61
   850   -61
   851   -60
   852   -62
   853   -60
   854   -62
   855   -60
   856   -62
   857   -60
   858   -62
   859   -60
   860   -62
   861   -60
   862   -61
   863   -61
   864   -61
   865   -61
   866   -61
   867   -61
   868   -60
   869   -61
   870   -60
   871   -62
   872   -60
   873   -62
   874   -60
   875   -62
   876   -61
   877   -61
   878   -61
   879   -61
   880   -61
   881   -61
   882   -61
   883   -60
   884   -61
   885   -60
   886   -61
   887   -60
   888   -62
   889   -60
   890   -62
   891   -60
   892   -61
   893   -60
   894   -61
   895   -61
   896   -61
   897   -61
   898   -61
   899   -61
   900   -60
   901   -61
   902   -60
   903   -62
   904   -60
   905   -62
   906   -60
   907   -62
   908   -60
   909   -62
   910   -61
   911   -61
   912   -61
   913   -61
   914   -61
   915   -61
   916   -61
   917   -60
   918   -62
   919   -60
   920   -62
   921   -60
   922   -62
   923   -60
   924   -62
   925   -60
   926   -61
   927   -61
   928   -61
   929   -61
   930   -61
   931   -61
   932   -61
   933   -61
   934   -61
   935   -61
   936   -60
   937   -62
   938   -60
   939   -62
   940   -60
   941   -62
   942   -61
   943   -61
   944   -61
   945   -61
   946   -61
   947   -61
   948   -61
   949   -61
   950   -61
   951   -60
   952   -62
   953   -60
   954   -62
   955   -60
   956   -62
   957   -60
   958   -61
   959   -61
   960   -61
   961   -61
   962   -61
   963   -61
   964   -61
   965   -62
   966   -60
   967   -61
   968   -60
   969   -62
   970   -60
   971   -62
   972   -60
   973   -62
   974   -61
   975   -62
   976   -61
   977   -61
   978   -61
   979   -61
   980   -61
   981   -61
   982   -61
   983   -60
   984   -61
   985   -60
   986   -62
   987   -61
   988   -62
   989   -60
   990   -61
   991   -60
   992   -62
   993   -61
   994   -61
   995   -61
   996   -61
   997   -61
   998   -61
   999   -61
