   0   0
   1   -60
   2   -62
   3   -61
   4   -62
   5   -61
   6   -61
   7   -61
   8   -61
   9   -62
   10   -61
   11   -63
   12   -60
   13   -62
   14   -60
   15   -63
   16   -60
   17   -63
   18   -60
   19   -62
   20   -60
   21   -62
   22   -61
   23   -61
   24   -62
   25   -61
   26   -62
   27   -60
   28   -62
   29   -60
   30   -63
   31   -60
   32   -63
   33   -60
   34   -62
   35   -60
   36   -62
   37   -61
   38   -62
   39   -62
   40   -61
   41   -62
   42   -61
   43   -62
   44   -60
   45   -63
   46   -60
   47   -63
   48   -60
   49   -63
   50   -60
   51   -62
   52   -60
   53   -62
   54   -61
   55   -61
   56   -61
   57   -61
   58   -62
   59   -60
   60   -63
   61   -60
   62   -62
   63   -60
   64   -63
   65   -60
   66   -62
   67   -60
   68   -62
   69   -61
   70   -62
   71   -61
   72   -61
   73   -62
   74   -61
   75   -62
   76   -60
   77   -63
   78   -60
   79   -63
   80   -60
   81   -63
   82   -60
   83   -62
   84   -60
   85   -62
   86   -61
   87   -61
   88   -61
   89   -61
   90   -62
   91   -61
   92   -62
   93   -60
   94   -63
   95   -60
   96   -63
   97   -60
   98   -63
   99   -60
   100   -62
   101   -60
   102   -62
   103   -61
   104   -61
   105   -61
   106   -61
   107   -62
   108   -60
   109   -62
   110   -60
   111   -63
   112   -60
   113   -63
   114   -60
   115   -62
   116   -60
   117   -62
   118   -61
   119   -62
   120   -61
   121   -62
   122   -62
   123   -61
   124   -62
   125   -60
   126   -62
   127   -60
   128   -63
   129   -60
   130   -62
   131   -60
   132   -63
   133   -60
   134   -62
   135   -60
   136   -61
   137   -61
   138   -61
   139   -62
   140   -60
   141   -62
   142   -60
   143   -63
   144   -59
   145   -63
   146   -60
   147   -63
   148   -60
   149   -63
   150   -60
   151   -62
   152   -61
   153   -61
   154   -61
   155   -61
   156   -62
   157   -60
   158   -63
   159   -60
   160   -63
   161   -60
   162   -63
   163   -60
   164   -63
   165   -60
   166   -62
   167   -60
   168   -62
   169   -61
   170   -61
   171   -61
   172   -61
   173   -62
   174   -60
   175   -62
   176   -60
   177   -63
   178   -60
   179   -63
   180   -60
   181   -62
   182   -60
   183   -62
   184   -60
   185   -62
   186   -61
   187   -61
   188   -61
   189   -60
   190   -62
   191   -60
   192   -63
   193   -61
   194   -62
   195   -60
   196   -62
   197   -60
   198   -63
   199   -60
   200   -63
   201   -58
   202   -28
   203   18
   204   29
   205   27
   206   24
   207   22
   208   23
   209   23
   210   26
   211   25
   212   28
   213   26
   214   28
   215   27
   216   29
   217   28
   218   30
   219   29
   220   29
   221   30
   222   29
   223   32
   224   29
   225   31
   226   29
   227   32
   228   29
   229   32
   230   30
   231   32
   232   30
   233   31
   234   30
   235   31
   236   31
   237   30
   238   32
   239   30
   240   32
   241   30
   242   32
   243   29
   244   32
   245   29
   246   32
   247   30
   248   32
   249   30
   250   31
   251   31
   252   31
   253   32
   254   30
   255   31
   256   29
   257   32
   258   29
   259   31
   260   29
   261   32
   262   29
   263   31
   264   29
   265   31
   266   29
   267   30
   268   30
   269   30
   270   31
   271   29
   272   31
   273   28
   274   31
   275   29
   276   31
   277   28
   278   31
   279   28
   280   31
   281   28
   282   30
   283   29
   284   29
   285   29
   286   29
   287   30
   288   28
   289   29
   290   27
   291   30
   292   27
   293   30
   294   27
   295   30
   296   27
   297   30
   298   27
   299   29
   300   27
   301   28
   302   28
   303   28
   304   29
   305   27
   306   29
   307   26
   308   29
   309   26
   310   29
   311   26
   312   29
   313   26
   314   28
   315   27
   316   28
   317   27
   318   27
   319   27
   320   26
   321   28
   322   25
   323   28
   324   25
   325   28
   326   25
   327   28
   328   25
   329   28
   330   25
   331   27
   332   26
   333   26
   334   26
   335   25
   336   27
   337   25
   338   27
   339   24
   340   27
   341   25
   342   27
   343   24
   344   27
   345   24
   346   26
   347   24
   348   26
   349   25
   350   25
   351   25
   352   24
   353   25
   354   24
   355   25
   356   23
   357   26
   358   23
   359   26
   360   23
   361   25
   362   23
   363   25
   364   23
   365   24
   366   24
   367   23
   368   24
   369   23
   370   25
   371   22
   372   25
   373   22
   374   25
   375   22
   376   25
   377   22
   378   24
   379   22
   380   24
   381   22
   382   23
   383   23
   384   22
   385   23
   386   21
   387   23
   388   21
   389   24
   390   20
   391   24
   392   20
   393   23
   394   20
   395   23
   396   21
   397   23
   398   21
   399   21
   400   21
   401   21
   402   22
   403   20
   404   22
   405   20
   406   23
   407   19
   408   22
   409   19
   410   22
   411   18
   412   20
   413   18
   414   19
   415   17
   416   17
   417   17
   418   15
   419   15
   420   12
   421   13
   422   9
   423   11
   424   6
   425   7
   426   3
   427   3
   428   -1
   429   -1
   430   -4
   431   -6
   432   -8
   433   -10
   434   -12
   435   -15
   436   -16
   437   -20
   438   -20
   439   -25
   440   -24
   441   -29
   442   -28
   443   -33
   444   -33
   445   -37
   446   -37
   447   -40
   448   -41
   449   -43
   450   -45
   451   -45
   452   -48
   453   -48
   454   -51
   455   -50
   456   -54
   457   -52
   458   -56
   459   -54
   460   -57
   461   -55
   462   -58
   463   -56
   464   -58
   465   -58
   466   -58
   467   -59
   468   -58
   469   -60
   470   -58
   471   -61
   472   -58
   473   -61
   474   -58
   475   -62
   476   -59
   477   -62
   478   -59
   479   -61
   480   -60
   481   -61
   482   -60
   483   -60
   484   -61
   485   -60
   486   -61
   487   -59
   488   -62
   489   -59
   490   -61
   491   -59
   492   -62
   493   -59
   494   -61
   495   -60
   496   -61
   497   -60
   498   -60
   499   -61
   500   -60
   501   -61
   502   -59
   503   -62
   504   -59
   505   -62
   506   -59
   507   -62
   508   -59
   509   -62
   510   -59
   511   -61
   512   -60
   513   -61
   514   -60
   515   -60
   516   -61
   517   -60
   518   -62
   519   -60
   520   -62
   521   -59
   522   -62
   523   -59
   524   -62
   525   -59
   526   -62
   527   -59
   528   -61
   529   -60
   530   -61
   531   -61
   532   -60
   533   -61
   534   -60
   535   -61
   536   -59
   537   -62
   538   -60
   539   -62
   540   -59
   541   -62
   542   -59
   543   -62
   544   -60
   545   -61
   546   -60
   547   -61
   548   -61
   549   -60
   550   -61
   551   -60
   552   -62
   553   -60
   554   -62
   555   -60
   556   -62
   557   -59
   558   -62
   559   -60
   560   -62
   561   -60
   562   -61
   563   -61
   564   -61
   565   -61
   566   -60
   567   -62
   568   -60
   569   -62
   570   -60
   571   -63
   572   -59
   573   -62
   574   -59
   575   -62
   576   -60
   577   -62
   578   -60
   579   -61
   580   -61
   581   -61
   582   -61
   583   -60
   584   -62
   585   -60
   586   -62
   587   -59
   588   -62
   589   -60
   590   -62
   591   -60
   592   -62
   593   -60
   594   -62
   595   -60
   596   -61
   597   -61
   598   -60
   599   -62
   600   -60
   601   -62
   602   -59
   603   -62
   604   -60
   605   -62
   606   -59
   607   -62
   608   -60
   609   -62
   610   -60
   611   -61
   612   -61
   613   -61
   614   -62
   615   -60
   616   -62
   617   -60
   618   -62
   619   -59
   620   -62
   621   -60
   622   -62
   623   -60
   624   -62
   625   -60
   626   -62
   627   -61
   628   -61
   629   -61
   630   -61
   631   -61
   632   -60
   633   -62
   634   -60
   635   -62
   636   -59
   637   -63
   638   -60
   639   -62
   640   -59
   641   -62
   642   -60
   643   -62
   644   -60
   645   -61
   646   -61
   647   -61
   648   -62
   649   -60
   650   -62
   651   -60
   652   -62
   653   -59
   654   -62
   655   -60
   656   -62
   657   -60
   658   -62
   659   -60
   660   -61
   661   -61
   662   -61
   663   -62
   664   -60
   665   -62
   666   -60
   667   -62
   668   -60
   669   -62
   670   -60
   671   -62
   672   -60
   673   -62
   674   -60
   675   -62
   676   -60
   677   -61
   678   -61
   679   -61
   680   -62
   681   -61
   682   -62
   683   -60
   684   -62
   685   -59
   686   -62
   687   -59
   688   -63
   689   -60
   690   -62
   691   -60
   692   -62
   693   -61
   694   -61
   695   -61
   696   -60
   697   -62
   698   -60
   699   -62
   700   -59
   701   -62
   702   -59
   703   -62
   704   -59
   705   -63
   706   -60
   707   -62
   708   -60
   709   -62
   710   -60
   711   -61
   712   -61
   713   -61
   714   -61
   715   -60
   716   -62
   717   -60
   718   -63
   719   -60
   720   -62
   721   -59
   722   -62
   723   -60
   724   -62
   725   -60
   726   -61
   727   -61
   728   -61
   729   -61
   730   -60
   731   -62
   732   -60
   733   -62
   734   -60
   735   -62
   736   -59
   737   -63
   738   -60
   739   -62
   740   -60
   741   -61
   742   -60
   743   -61
   744   -61
   745   -60
   746   -61
   747   -60
   748   -62
   749   -60
   750   -62
   751   -60
   752   -62
   753   -59
   754   -62
   755   -60
   756   -62
   757   -60
   758   -61
   759   -61
   760   -61
   761   -61
   762   -61
   763   -62
   764   -60
   765   -62
   766   -60
   767   -62
   768   -59
   769   -62
   770   -59
   771   -62
   772   -60
   773   -62
   774   -60
   775   -62
   776   -61
   777   -61
   778   -61
   779   -60
   780   -62
   781   -60
   782   -62
   783   -60
   784   -62
   785   -60
   786   -63
   787   -60
   788   -62
   789   -60
   790   -62
   791   -60
   792   -61
   793   -61
   794   -61
   795   -62
   796   -60
   797   -62
   798   -60
   799   -62
   800   -59
   801   -62
   802   -60
   803   -62
   804   -60
   805   -62
   806   -60
   807   -61
   808   -61
   809   -61
   810   -61
   811   -60
   812   -61
   813   -60
   814   -62
   815   -60
   816   -62
   817   -59
   818   -62
   819   -59
   820   -62
   821   -60
   822   -62
   823   -60
   824   -62
   825   -61
   826   -61
   827   -62
   828   -61
   829   -61
   830   -60
   831   -62
   832   -60
   833   -63
   834   -60
   835   -62
   836   -59
   837   -62
   838   -60
   839   -62
   840   -60
   841   -61
   842   -60
   843   -61
   844   -61
   845   -61
   846   -62
   847   -60
   848   -62
   849   -60
   850   -62
   851   -60
   852   -62
   853   -59
   854   -62
   855   -60
   856   -61
   857   -61
   858   -61
   859   -61
   860   -61
   861   -61
   862   -60
   863   -62
   864   -60
   865   -62
   866   -60
   867   -63
   868   -60
   869   -62
   870   -60
   871   -62
   872   -60
   873   -62
   874   -61
   875   -61
   876   -61
   877   -60
   878   -62
   879   -60
   880   -62
   881   -60
   882   -62
   883   -60
   884   -62
   885   -60
   886   -62
   887   -60
   888   -62
   889   -60
   890   -61
   891   -61
   892   -61
   893   -62
   894   -60
   895   -62
   896   -60
   897   -62
   898   -60
   899   -62
   900   -59
   901   -62
   902   -60
   903   -62
   904   -60
   905   -62
   906   -61
   907   -61
   908   -61
   909   -61
   910   -61
   911   -60
   912   -62
   913   -60
   914   -62
   915   -60
   916   -62
   917   -60
   918   -62
   919   -60
   920   -62
   921   -60
   922   -62
   923   -60
   924   -61
   925   -61
   926   -61
   927   -62
   928   -60
   929   -62
   930   -60
   931   -63
   932   -59
   933   -62
   934   -60
   935   -62
   936   -60
   937   -62
   938   -60
   939   -62
   940   -61
   941   -61
   942   -61
   943   -60
   944   -62
   945   -60
   946   -62
   947   -60
   948   -62
   949   -59
   950   -62
   951   -60
   952   -62
   953   -60
   954   -62
   955   -60
   956   -61
   957   -61
   958   -61
   959   -62
   960   -61
   961   -62
   962   -60
   963   -62
   964   -60
   965   -62
   966   -60
   967   -62
   968   -60
   969   -62
   970   -60
   971   -62
   972   -61
   973   -61
   974   -62
   975   -61
   976   -61
   977   -60
   978   -62
   979   -60
   980   -62
   981   -59
   982   -62
   983   -60
   984   -62
   985   -60
   986   -62
   987   -60
   988   -62
   989   -61
   990   -61
   991   -61
   992   -60
   993   -62
   994   -60
   995   -62
   996   -60
   997   -62
   998   -59
   999   -62
