   0   0
   1   -65
   2   -66
   3   -66
   4   -67
   5   -67
   6   -68
   7   -68
   8   -70
   9   -69
   10   -69
   11   -70
   12   -69
   13   -69
   14   -67
   15   -67
   16   -66
   17   -66
   18   -65
   19   -65
   20   -66
   21   -66
   22   -67
   23   -68
   24   -69
   25   -70
   26   -70
   27   -71
   28   -70
   29   -69
   30   -69
   31   -68
   32   -67
   33   -66
   34   -65
   35   -66
   36   -66
   37   -66
   38   -67
   39   -67
   40   -69
   41   -69
   42   -69
   43   -70
   44   -70
   45   -69
   46   -69
   47   -67
   48   -68
   49   -66
   50   -66
   51   -65
   52   -66
   53   -66
   54   -67
   55   -67
   56   -68
   57   -69
   58   -69
   59   -70
   60   -71
   61   -69
   62   -69
   63   -68
   64   -68
   65   -66
   66   -67
   67   -66
   68   -66
   69   -66
   70   -66
   71   -67
   72   -68
   73   -69
   74   -69
   75   -70
   76   -70
   77   -70
   78   -69
   79   -68
   80   -68
   81   -67
   82   -66
   83   -66
   84   -65
   85   -66
   86   -65
   87   -67
   88   -68
   89   -69
   90   -69
   91   -70
   92   -70
   93   -70
   94   -70
   95   -68
   96   -68
   97   -67
   98   -67
   99   -66
   100   -66
   101   -66
   102   -66
   103   -67
   104   -67
   105   -68
   106   -69
   107   -70
   108   -70
   109   -70
   110   -70
   111   -69
   112   -69
   113   -67
   114   -66
   115   -66
   116   -66
   117   -65
   118   -66
   119   -66
   120   -67
   121   -67
   122   -68
   123   -69
   124   -70
   125   -69
   126   -70
   127   -70
   128   -69
   129   -68
   130   -67
   131   -66
   132   -66
   133   -66
   134   -65
   135   -66
   136   -67
   137   -68
   138   -68
   139   -69
   140   -69
   141   -70
   142   -70
   143   -69
   144   -69
   145   -68
   146   -68
   147   -67
   148   -66
   149   -66
   150   -65
   151   -65
   152   -66
   153   -67
   154   -68
   155   -69
   156   -69
   157   -70
   158   -70
   159   -71
   160   -69
   161   -69
   162   -67
   163   -67
   164   -66
   165   -65
   166   -66
   167   -65
   168   -66
   169   -67
   170   -67
   171   -68
   172   -69
   173   -70
   174   -69
   175   -70
   176   -70
   177   -69
   178   -69
   179   -68
   180   -67
   181   -66
   182   -66
   183   -65
   184   -66
   185   -66
   186   -67
   187   -68
   188   -69
   189   -69
   190   -70
   191   -69
   192   -70
   193   -70
   194   -68
   195   -68
   196   -67
   197   -66
   198   -65
   199   -66
   200   -66
   201   -39
   202   47
   203   12
   204   8
   205   12
   206   13
   207   12
   208   14
   209   16
   210   16
   211   17
   212   20
   213   20
   214   21
   215   21
   216   21
   217   21
   218   20
   219   20
   220   20
   221   19
   222   17
   223   17
   224   18
   225   18
   226   19
   227   20
   228   20
   229   21
   230   21
   231   22
   232   22
   233   21
   234   21
   235   20
   236   18
   237   19
   238   18
   239   17
   240   17
   241   18
   242   17
   243   18
   244   18
   245   19
   246   20
   247   20
   248   20
   249   19
   250   19
   251   18
   252   18
   253   17
   254   16
   255   15
   256   15
   257   14
   258   14
   259   16
   260   16
   261   17
   262   17
   263   17
   264   18
   265   17
   266   17
   267   16
   268   16
   269   14
   270   13
   271   13
   272   12
   273   13
   274   12
   275   13
   276   13
   277   14
   278   15
   279   16
   280   15
   281   15
   282   16
   283   15
   284   14
   285   13
   286   12
   287   11
   288   10
   289   10
   290   10
   291   10
   292   11
   293   11
   294   12
   295   13
   296   12
   297   13
   298   13
   299   12
   300   12
   301   11
   302   10
   303   10
   304   9
   305   8
   306   8
   307   8
   308   9
   309   9
   310   10
   311   10
   312   10
   313   11
   314   11
   315   10
   316   9
   317   9
   318   9
   319   8
   320   6
   321   6
   322   7
   323   7
   324   7
   325   8
   326   8
   327   8
   328   8
   329   8
   330   8
   331   8
   332   7
   333   7
   334   6
   335   5
   336   5
   337   4
   338   4
   339   4
   340   4
   341   5
   342   5
   343   6
   344   6
   345   6
   346   6
   347   7
   348   6
   349   5
   350   4
   351   3
   352   2
   353   1
   354   0
   355   -1
   356   -1
   357   -2
   358   -3
   359   -3
   360   -5
   361   -5
   362   -6
   363   -7
   364   -9
   365   -12
   366   -14
   367   -16
   368   -19
   369   -22
   370   -25
   371   -26
   372   -29
   373   -31
   374   -32
   375   -34
   376   -36
   377   -37
   378   -38
   379   -40
   380   -43
   381   -45
   382   -47
   383   -49
   384   -51
   385   -54
   386   -56
   387   -57
   388   -58
   389   -59
   390   -60
   391   -60
   392   -61
   393   -62
   394   -61
   395   -62
   396   -62
   397   -63
   398   -64
   399   -64
   400   -66
   401   -66
   402   -67
   403   -67
   404   -69
   405   -68
   406   -68
   407   -68
   408   -67
   409   -66
   410   -66
   411   -66
   412   -65
   413   -66
   414   -66
   415   -66
   416   -67
   417   -67
   418   -67
   419   -68
   420   -68
   421   -69
   422   -68
   423   -68
   424   -67
   425   -67
   426   -66
   427   -67
   428   -66
   429   -66
   430   -66
   431   -66
   432   -67
   433   -67
   434   -68
   435   -68
   436   -68
   437   -69
   438   -68
   439   -67
   440   -68
   441   -68
   442   -67
   443   -66
   444   -66
   445   -66
   446   -66
   447   -67
   448   -66
   449   -67
   450   -68
   451   -67
   452   -68
   453   -68
   454   -68
   455   -68
   456   -68
   457   -68
   458   -66
   459   -66
   460   -66
   461   -66
   462   -66
   463   -67
   464   -66
   465   -67
   466   -67
   467   -68
   468   -69
   469   -68
   470   -68
   471   -68
   472   -68
   473   -68
   474   -66
   475   -67
   476   -66
   477   -66
   478   -67
   479   -66
   480   -66
   481   -67
   482   -67
   483   -67
   484   -68
   485   -68
   486   -68
   487   -68
   488   -68
   489   -67
   490   -67
   491   -67
   492   -67
   493   -67
   494   -66
   495   -66
   496   -67
   497   -67
   498   -67
   499   -67
   500   -68
   501   -68
   502   -68
   503   -69
   504   -68
   505   -67
   506   -69
   507   -67
   508   -67
   509   -66
   510   -67
   511   -67
   512   -67
   513   -67
   514   -67
   515   -67
   516   -67
   517   -68
   518   -69
   519   -68
   520   -69
   521   -68
   522   -68
   523   -67
   524   -66
   525   -67
   526   -66
   527   -66
   528   -67
   529   -66
   530   -67
   531   -67
   532   -68
   533   -68
   534   -69
   535   -69
   536   -68
   537   -68
   538   -68
   539   -68
   540   -67
   541   -67
   542   -67
   543   -67
   544   -66
   545   -67
   546   -67
   547   -66
   548   -68
   549   -68
   550   -68
   551   -68
   552   -68
   553   -69
   554   -68
   555   -68
   556   -68
   557   -67
   558   -67
   559   -67
   560   -66
   561   -67
   562   -66
   563   -67
   564   -67
   565   -67
   566   -68
   567   -68
   568   -68
   569   -68
   570   -68
   571   -68
   572   -68
   573   -67
   574   -67
   575   -67
   576   -67
   577   -66
   578   -66
   579   -67
   580   -67
   581   -68
   582   -68
   583   -68
   584   -68
   585   -68
   586   -67
   587   -67
   588   -68
   589   -67
   590   -67
   591   -67
   592   -66
   593   -67
   594   -67
   595   -67
   596   -67
   597   -67
   598   -68
   599   -68
   600   -67
   601   -68
   602   -68
   603   -68
   604   -67
   605   -68
   606   -67
   607   -67
   608   -66
   609   -66
   610   -67
   611   -67
   612   -67
   613   -68
   614   -67
   615   -67
   616   -68
   617   -68
   618   -68
   619   -68
   620   -68
   621   -67
   622   -67
   623   -67
   624   -67
   625   -66
   626   -66
   627   -68
   628   -67
   629   -67
   630   -67
   631   -68
   632   -68
   633   -67
   634   -68
   635   -68
   636   -68
   637   -67
   638   -68
   639   -67
   640   -68
   641   -67
   642   -66
   643   -67
   644   -67
   645   -67
   646   -68
   647   -68
   648   -68
   649   -68
   650   -68
   651   -68
   652   -68
   653   -67
   654   -67
   655   -67
   656   -67
   657   -67
   658   -67
   659   -67
   660   -67
   661   -67
   662   -67
   663   -67
   664   -68
   665   -68
   666   -68
   667   -68
   668   -68
   669   -68
   670   -68
   671   -68
   672   -67
   673   -67
   674   -67
   675   -67
   676   -67
   677   -66
   678   -67
   679   -67
   680   -67
   681   -68
   682   -68
   683   -68
   684   -68
   685   -67
   686   -68
   687   -68
   688   -68
   689   -67
   690   -67
   691   -67
   692   -67
   693   -67
   694   -66
   695   -68
   696   -67
   697   -68
   698   -68
   699   -68
   700   -68
   701   -68
   702   -67
   703   -68
   704   -67
   705   -68
   706   -67
   707   -68
   708   -67
   709   -67
   710   -67
   711   -68
   712   -68
   713   -67
   714   -68
   715   -68
   716   -68
   717   -68
   718   -67
   719   -67
   720   -67
   721   -67
   722   -67
   723   -66
   724   -67
   725   -66
   726   -67
   727   -67
   728   -67
   729   -67
   730   -67
   731   -68
   732   -69
   733   -68
   734   -68
   735   -68
   736   -68
   737   -67
   738   -67
   739   -67
   740   -67
   741   -67
   742   -67
   743   -67
   744   -67
   745   -68
   746   -68
   747   -67
   748   -68
   749   -68
   750   -68
   751   -67
   752   -67
   753   -68
   754   -67
   755   -67
   756   -66
   757   -67
   758   -66
   759   -67
   760   -67
   761   -67
   762   -68
   763   -68
   764   -68
   765   -67
   766   -68
   767   -68
   768   -68
   769   -67
   770   -67
   771   -67
   772   -67
   773   -67
   774   -67
   775   -67
   776   -67
   777   -68
   778   -67
   779   -68
   780   -68
   781   -68
   782   -68
   783   -68
   784   -67
   785   -68
   786   -67
   787   -67
   788   -67
   789   -66
   790   -67
   791   -67
   792   -66
   793   -67
   794   -67
   795   -67
   796   -68
   797   -68
   798   -68
   799   -67
   800   -68
   801   -68
   802   -67
   803   -68
   804   -67
   805   -67
   806   -67
   807   -68
   808   -67
   809   -68
   810   -68
   811   -68
   812   -68
   813   -68
   814   -68
   815   -68
   816   -67
   817   -68
   818   -68
   819   -67
   820   -67
   821   -67
   822   -67
   823   -67
   824   -67
   825   -68
   826   -67
   827   -67
   828   -68
   829   -67
   830   -68
   831   -67
   832   -67
   833   -67
   834   -67
   835   -67
   836   -67
   837   -67
   838   -67
   839   -67
   840   -67
   841   -67
   842   -67
   843   -68
   844   -68
   845   -68
   846   -69
   847   -68
   848   -68
   849   -68
   850   -68
   851   -68
   852   -68
   853   -67
   854   -67
   855   -67
   856   -67
   857   -67
   858   -68
   859   -67
   860   -67
   861   -68
   862   -67
   863   -67
   864   -68
   865   -68
   866   -68
   867   -67
   868   -67
   869   -67
   870   -67
   871   -67
   872   -67
   873   -68
   874   -67
   875   -68
   876   -68
   877   -68
   878   -68
   879   -68
   880   -68
   881   -68
   882   -67
   883   -67
   884   -68
   885   -67
   886   -67
   887   -67
   888   -67
   889   -67
   890   -67
   891   -68
   892   -68
   893   -68
   894   -68
   895   -68
   896   -68
   897   -67
   898   -68
   899   -67
   900   -67
   901   -67
   902   -67
   903   -67
   904   -66
   905   -67
   906   -67
   907   -67
   908   -68
   909   -68
   910   -67
   911   -68
   912   -68
   913   -68
   914   -68
   915   -67
   916   -67
   917   -67
   918   -68
   919   -67
   920   -67
   921   -67
   922   -67
   923   -67
   924   -68
   925   -68
   926   -68
   927   -67
   928   -68
   929   -68
   930   -68
   931   -67
   932   -67
   933   -66
   934   -67
   935   -66
   936   -66
   937   -67
   938   -67
   939   -67
   940   -67
   941   -67
   942   -68
   943   -68
   944   -68
   945   -68
   946   -68
   947   -68
   948   -68
   949   -68
   950   -67
   951   -67
   952   -67
   953   -67
   954   -67
   955   -68
   956   -67
   957   -67
   958   -67
   959   -68
   960   -67
   961   -68
   962   -68
   963   -67
   964   -67
   965   -67
   966   -67
   967   -67
   968   -67
   969   -67
   970   -67
   971   -67
   972   -67
   973   -68
   974   -67
   975   -68
   976   -68
   977   -68
   978   -68
   979   -68
   980   -68
   981   -68
   982   -67
   983   -67
   984   -67
   985   -67
   986   -68
   987   -68
   988   -67
   989   -68
   990   -68
   991   -68
   992   -68
   993   -68
   994   -68
   995   -68
   996   -68
   997   -67
   998   -67
   999   -67
