   0   0
   1   -61
   2   -61
   3   -61
   4   -60
   5   -62
   6   -60
   7   -62
   8   -60
   9   -62
   10   -60
   11   -62
   12   -61
   13   -62
   14   -61
   15   -61
   16   -61
   17   -61
   18   -61
   19   -61
   20   -61
   21   -61
   22   -62
   23   -60
   24   -62
   25   -60
   26   -62
   27   -60
   28   -62
   29   -61
   30   -62
   31   -61
   32   -61
   33   -61
   34   -61
   35   -61
   36   -60
   37   -61
   38   -61
   39   -62
   40   -60
   41   -62
   42   -60
   43   -62
   44   -61
   45   -62
   46   -61
   47   -61
   48   -60
   49   -61
   50   -61
   51   -61
   52   -61
   53   -61
   54   -61
   55   -61
   56   -62
   57   -60
   58   -62
   59   -60
   60   -62
   61   -60
   62   -62
   63   -61
   64   -61
   65   -61
   66   -61
   67   -61
   68   -61
   69   -62
   70   -61
   71   -61
   72   -60
   73   -62
   74   -61
   75   -62
   76   -60
   77   -62
   78   -60
   79   -61
   80   -61
   81   -62
   82   -61
   83   -61
   84   -61
   85   -60
   86   -62
   87   -60
   88   -62
   89   -60
   90   -62
   91   -60
   92   -62
   93   -60
   94   -62
   95   -61
   96   -62
   97   -61
   98   -61
   99   -61
   100   -61
   101   -61
   102   -60
   103   -61
   104   -61
   105   -62
   106   -60
   107   -62
   108   -60
   109   -62
   110   -60
   111   -62
   112   -61
   113   -61
   114   -61
   115   -61
   116   -61
   117   -61
   118   -61
   119   -60
   120   -62
   121   -60
   122   -62
   123   -60
   124   -61
   125   -60
   126   -62
   127   -60
   128   -61
   129   -60
   130   -61
   131   -61
   132   -61
   133   -61
   134   -60
   135   -61
   136   -60
   137   -62
   138   -60
   139   -62
   140   -60
   141   -62
   142   -60
   143   -62
   144   -61
   145   -62
   146   -60
   147   -61
   148   -61
   149   -61
   150   -61
   151   -60
   152   -62
   153   -60
   154   -62
   155   -60
   156   -62
   157   -60
   158   -62
   159   -60
   160   -62
   161   -60
   162   -61
   163   -61
   164   -61
   165   -61
   166   -61
   167   -61
   168   -60
   169   -61
   170   -60
   171   -62
   172   -60
   173   -62
   174   -60
   175   -62
   176   -60
   177   -61
   178   -61
   179   -61
   180   -61
   181   -61
   182   -62
   183   -61
   184   -62
   185   -60
   186   -62
   187   -60
   188   -62
   189   -60
   190   -62
   191   -60
   192   -62
   193   -61
   194   -61
   195   -61
   196   -61
   197   -61
   198   -61
   199   -61
   200   -61
   201   -60
   202   -37
   203   0
   204   6
   205   -1
   206   -6
   207   -8
   208   -7
   209   -6
   210   -4
   211   -4
   212   -4
   213   -3
   214   -4
   215   -2
   216   -2
   217   0
   218   -2
   219   0
   220   -1
   221   1
   222   0
   223   3
   224   2
   225   3
   226   2
   227   4
   228   4
   229   5
   230   5
   231   6
   232   7
   233   6
   234   8
   235   7
   236   9
   237   8
   238   10
   239   9
   240   12
   241   10
   242   12
   243   11
   244   12
   245   13
   246   14
   247   15
   248   14
   249   16
   250   16
   251   17
   252   16
   253   19
   254   17
   255   20
   256   19
   257   21
   258   20
   259   22
   260   21
   261   23
   262   23
   263   24
   264   25
   265   25
   266   27
   267   26
   268   28
   269   27
   270   30
   271   28
   272   31
   273   30
   274   32
   275   32
   276   33
   277   33
   278   34
   279   35
   280   35
   281   36
   282   37
   283   38
   284   38
   285   40
   286   39
   287   41
   288   40
   289   43
   290   42
   291   44
   292   43
   293   45
   294   45
   295   46
   296   47
   297   47
   298   48
   299   48
   300   49
   301   48
   302   50
   303   49
   304   50
   305   49
   306   50
   307   49
   308   50
   309   49
   310   48
   311   47
   312   46
   313   45
   314   43
   315   43
   316   40
   317   40
   318   36
   319   36
   320   32
   321   31
   322   27
   323   26
   324   22
   325   20
   326   17
   327   14
   328   11
   329   9
   330   5
   331   2
   332   0
   333   -4
   334   -6
   335   -10
   336   -11
   337   -16
   338   -17
   339   -21
   340   -22
   341   -25
   342   -27
   343   -30
   344   -31
   345   -33
   346   -36
   347   -37
   348   -39
   349   -40
   350   -43
   351   -42
   352   -45
   353   -45
   354   -48
   355   -47
   356   -50
   357   -49
   358   -51
   359   -51
   360   -52
   361   -52
   362   -53
   363   -54
   364   -53
   365   -55
   366   -54
   367   -55
   368   -54
   369   -56
   370   -55
   371   -56
   372   -55
   373   -57
   374   -56
   375   -56
   376   -56
   377   -57
   378   -57
   379   -56
   380   -57
   381   -56
   382   -57
   383   -56
   384   -58
   385   -56
   386   -58
   387   -56
   388   -58
   389   -56
   390   -58
   391   -57
   392   -57
   393   -57
   394   -57
   395   -57
   396   -57
   397   -57
   398   -56
   399   -58
   400   -56
   401   -58
   402   -56
   403   -58
   404   -56
   405   -58
   406   -56
   407   -58
   408   -57
   409   -57
   410   -57
   411   -57
   412   -57
   413   -56
   414   -58
   415   -56
   416   -58
   417   -56
   418   -58
   419   -56
   420   -58
   421   -56
   422   -58
   423   -56
   424   -58
   425   -57
   426   -57
   427   -57
   428   -57
   429   -58
   430   -57
   431   -58
   432   -56
   433   -58
   434   -56
   435   -58
   436   -56
   437   -58
   438   -56
   439   -58
   440   -57
   441   -57
   442   -57
   443   -57
   444   -57
   445   -57
   446   -58
   447   -57
   448   -58
   449   -56
   450   -58
   451   -57
   452   -58
   453   -56
   454   -58
   455   -57
   456   -58
   457   -57
   458   -57
   459   -57
   460   -57
   461   -58
   462   -57
   463   -58
   464   -57
   465   -58
   466   -57
   467   -58
   468   -57
   469   -59
   470   -56
   471   -58
   472   -57
   473   -58
   474   -57
   475   -58
   476   -58
   477   -57
   478   -58
   479   -57
   480   -58
   481   -57
   482   -59
   483   -57
   484   -59
   485   -57
   486   -58
   487   -57
   488   -58
   489   -57
   490   -58
   491   -57
   492   -57
   493   -58
   494   -57
   495   -58
   496   -57
   497   -59
   498   -57
   499   -59
   500   -57
   501   -59
   502   -57
   503   -59
   504   -57
   505   -58
   506   -57
   507   -58
   508   -57
   509   -58
   510   -58
   511   -57
   512   -58
   513   -57
   514   -58
   515   -57
   516   -59
   517   -57
   518   -59
   519   -57
   520   -58
   521   -57
   522   -59
   523   -57
   524   -58
   525   -58
   526   -58
   527   -58
   528   -57
   529   -59
   530   -57
   531   -59
   532   -57
   533   -59
   534   -57
   535   -58
   536   -57
   537   -59
   538   -57
   539   -58
   540   -58
   541   -58
   542   -58
   543   -57
   544   -58
   545   -58
   546   -59
   547   -57
   548   -59
   549   -57
   550   -59
   551   -57
   552   -59
   553   -58
   554   -59
   555   -58
   556   -58
   557   -58
   558   -58
   559   -58
   560   -58
   561   -59
   562   -57
   563   -59
   564   -57
   565   -59
   566   -57
   567   -59
   568   -57
   569   -59
   570   -58
   571   -59
   572   -58
   573   -58
   574   -58
   575   -58
   576   -58
   577   -58
   578   -59
   579   -57
   580   -59
   581   -57
   582   -59
   583   -57
   584   -59
   585   -58
   586   -59
   587   -58
   588   -59
   589   -58
   590   -58
   591   -58
   592   -58
   593   -59
   594   -57
   595   -59
   596   -58
   597   -59
   598   -58
   599   -59
   600   -57
   601   -59
   602   -58
   603   -59
   604   -58
   605   -58
   606   -59
   607   -58
   608   -59
   609   -58
   610   -59
   611   -57
   612   -59
   613   -57
   614   -59
   615   -57
   616   -59
   617   -58
   618   -59
   619   -57
   620   -59
   621   -58
   622   -59
   623   -58
   624   -58
   625   -59
   626   -58
   627   -59
   628   -58
   629   -59
   630   -58
   631   -59
   632   -57
   633   -59
   634   -57
   635   -59
   636   -58
   637   -59
   638   -58
   639   -58
   640   -58
   641   -58
   642   -59
   643   -58
   644   -59
   645   -58
   646   -59
   647   -57
   648   -59
   649   -58
   650   -59
   651   -58
   652   -59
   653   -58
   654   -58
   655   -58
   656   -58
   657   -59
   658   -58
   659   -59
   660   -58
   661   -59
   662   -57
   663   -59
   664   -58
   665   -59
   666   -58
   667   -59
   668   -58
   669   -59
   670   -58
   671   -59
   672   -59
   673   -58
   674   -59
   675   -58
   676   -59
   677   -58
   678   -59
   679   -58
   680   -60
   681   -58
   682   -59
   683   -58
   684   -59
   685   -58
   686   -59
   687   -59
   688   -58
   689   -59
   690   -58
   691   -59
   692   -58
   693   -59
   694   -57
   695   -59
   696   -57
   697   -60
   698   -58
   699   -59
   700   -58
   701   -59
   702   -58
   703   -59
   704   -59
   705   -58
   706   -59
   707   -58
   708   -59
   709   -58
   710   -59
   711   -58
   712   -60
   713   -57
   714   -59
   715   -58
   716   -60
   717   -58
   718   -59
   719   -58
   720   -59
   721   -59
   722   -59
   723   -59
   724   -58
   725   -59
   726   -58
   727   -60
   728   -58
   729   -60
   730   -57
   731   -60
   732   -58
   733   -59
   734   -58
   735   -59
   736   -58
   737   -59
   738   -59
   739   -58
   740   -59
   741   -58
   742   -60
   743   -58
   744   -60
   745   -58
   746   -60
   747   -58
   748   -60
   749   -58
   750   -60
   751   -58
   752   -59
   753   -58
   754   -59
   755   -59
   756   -58
   757   -59
   758   -58
   759   -59
   760   -58
   761   -60
   762   -58
   763   -60
   764   -58
   765   -60
   766   -58
   767   -59
   768   -58
   769   -59
   770   -58
   771   -59
   772   -59
   773   -59
   774   -59
   775   -58
   776   -60
   777   -58
   778   -60
   779   -58
   780   -60
   781   -58
   782   -60
   783   -58
   784   -60
   785   -59
   786   -59
   787   -59
   788   -59
   789   -59
   790   -58
   791   -60
   792   -58
   793   -60
   794   -58
   795   -60
   796   -58
   797   -60
   798   -58
   799   -60
   800   -58
   801   -59
   802   -59
   803   -59
   804   -59
   805   -59
   806   -59
   807   -58
   808   -60
   809   -58
   810   -60
   811   -58
   812   -60
   813   -58
   814   -60
   815   -58
   816   -60
   817   -58
   818   -59
   819   -59
   820   -59
   821   -59
   822   -58
   823   -60
   824   -58
   825   -60
   826   -58
   827   -60
   828   -58
   829   -60
   830   -58
   831   -60
   832   -58
   833   -59
   834   -58
   835   -59
   836   -59
   837   -59
   838   -60
   839   -59
   840   -59
   841   -58
   842   -60
   843   -58
   844   -60
   845   -58
   846   -60
   847   -58
   848   -60
   849   -59
   850   -60
   851   -59
   852   -59
   853   -59
   854   -58
   855   -60
   856   -58
   857   -60
   858   -58
   859   -60
   860   -58
   861   -60
   862   -58
   863   -60
   864   -58
   865   -60
   866   -58
   867   -59
   868   -59
   869   -59
   870   -59
   871   -59
   872   -60
   873   -59
   874   -60
   875   -58
   876   -60
   877   -58
   878   -60
   879   -58
   880   -60
   881   -58
   882   -60
   883   -59
   884   -59
   885   -59
   886   -59
   887   -60
   888   -59
   889   -60
   890   -58
   891   -60
   892   -58
   893   -60
   894   -58
   895   -60
   896   -58
   897   -60
   898   -59
   899   -60
   900   -59
   901   -59
   902   -59
   903   -59
   904   -59
   905   -59
   906   -60
   907   -58
   908   -60
   909   -58
   910   -60
   911   -58
   912   -60
   913   -58
   914   -59
   915   -59
   916   -60
   917   -59
   918   -59
   919   -59
   920   -59
   921   -60
   922   -58
   923   -60
   924   -58
   925   -60
   926   -58
   927   -60
   928   -58
   929   -60
   930   -59
   931   -60
   932   -59
   933   -59
   934   -59
   935   -59
   936   -60
   937   -59
   938   -60
   939   -58
   940   -60
   941   -58
   942   -61
   943   -58
   944   -60
   945   -58
   946   -60
   947   -58
   948   -60
   949   -59
   950   -59
   951   -60
   952   -59
   953   -60
   954   -59
   955   -60
   956   -58
   957   -60
   958   -58
   959   -61
   960   -58
   961   -60
   962   -58
   963   -60
   964   -58
   965   -59
   966   -59
   967   -59
   968   -59
   969   -59
   970   -60
   971   -58
   972   -60
   973   -58
   974   -60
   975   -58
   976   -60
   977   -58
   978   -60
   979   -59
   980   -60
   981   -59
   982   -60
   983   -59
   984   -59
   985   -59
   986   -59
   987   -60
   988   -58
   989   -60
   990   -58
   991   -61
   992   -58
   993   -60
   994   -59
   995   -60
   996   -59
   997   -60
   998   -58
   999   -59
