   0   0
   1   -61
   2   -62
   3   -61
   4   -62
   5   -61
   6   -62
   7   -61
   8   -61
   9   -61
   10   -61
   11   -61
   12   -61
   13   -62
   14   -61
   15   -61
   16   -60
   17   -62
   18   -60
   19   -62
   20   -61
   21   -62
   22   -61
   23   -62
   24   -61
   25   -61
   26   -61
   27   -61
   28   -61
   29   -61
   30   -61
   31   -61
   32   -62
   33   -61
   34   -62
   35   -60
   36   -62
   37   -60
   38   -62
   39   -61
   40   -62
   41   -61
   42   -61
   43   -61
   44   -62
   45   -61
   46   -61
   47   -61
   48   -61
   49   -62
   50   -61
   51   -62
   52   -61
   53   -62
   54   -61
   55   -62
   56   -61
   57   -62
   58   -61
   59   -61
   60   -61
   61   -61
   62   -61
   63   -61
   64   -61
   65   -61
   66   -62
   67   -61
   68   -62
   69   -61
   70   -62
   71   -61
   72   -61
   73   -61
   74   -61
   75   -61
   76   -61
   77   -61
   78   -61
   79   -62
   80   -61
   81   -62
   82   -60
   83   -62
   84   -61
   85   -62
   86   -61
   87   -62
   88   -61
   89   -61
   90   -61
   91   -61
   92   -61
   93   -61
   94   -62
   95   -61
   96   -62
   97   -61
   98   -62
   99   -61
   100   -62
   101   -61
   102   -62
   103   -61
   104   -62
   105   -61
   106   -61
   107   -61
   108   -61
   109   -61
   110   -61
   111   -62
   112   -61
   113   -62
   114   -61
   115   -62
   116   -61
   117   -62
   118   -61
   119   -62
   120   -61
   121   -62
   122   -61
   123   -61
   124   -61
   125   -61
   126   -61
   127   -61
   128   -61
   129   -61
   130   -62
   131   -61
   132   -62
   133   -61
   134   -62
   135   -61
   136   -62
   137   -61
   138   -61
   139   -61
   140   -61
   141   -61
   142   -61
   143   -61
   144   -61
   145   -62
   146   -61
   147   -62
   148   -61
   149   -62
   150   -61
   151   -62
   152   -61
   153   -62
   154   -61
   155   -61
   156   -61
   157   -61
   158   -61
   159   -61
   160   -62
   161   -61
   162   -62
   163   -60
   164   -62
   165   -60
   166   -62
   167   -60
   168   -62
   169   -61
   170   -62
   171   -61
   172   -61
   173   -61
   174   -61
   175   -61
   176   -61
   177   -62
   178   -61
   179   -61
   180   -61
   181   -62
   182   -61
   183   -62
   184   -60
   185   -62
   186   -61
   187   -62
   188   -61
   189   -61
   190   -61
   191   -61
   192   -61
   193   -61
   194   -61
   195   -60
   196   -62
   197   -60
   198   -62
   199   -60
   200   -62
   201   -58
   202   -24
   203   38
   204   61
   205   65
   206   60
   207   59
   208   59
   209   60
   210   61
   211   63
   212   63
   213   63
   214   64
   215   64
   216   65
   217   65
   218   66
   219   65
   220   66
   221   65
   222   66
   223   67
   224   66
   225   66
   226   66
   227   67
   228   66
   229   67
   230   66
   231   68
   232   66
   233   67
   234   66
   235   67
   236   66
   237   67
   238   67
   239   67
   240   67
   241   67
   242   67
   243   66
   244   67
   245   66
   246   67
   247   66
   248   67
   249   66
   250   67
   251   66
   252   67
   253   66
   254   67
   255   66
   256   66
   257   66
   258   66
   259   66
   260   66
   261   66
   262   65
   263   67
   264   65
   265   67
   266   65
   267   66
   268   65
   269   66
   270   65
   271   66
   272   65
   273   65
   274   65
   275   65
   276   65
   277   64
   278   65
   279   64
   280   65
   281   64
   282   66
   283   64
   284   65
   285   64
   286   65
   287   64
   288   64
   289   64
   290   64
   291   64
   292   64
   293   65
   294   63
   295   65
   296   63
   297   65
   298   63
   299   64
   300   62
   301   64
   302   63
   303   64
   304   63
   305   64
   306   63
   307   63
   308   63
   309   63
   310   63
   311   63
   312   64
   313   62
   314   63
   315   62
   316   63
   317   62
   318   63
   319   62
   320   62
   321   62
   322   62
   323   62
   324   61
   325   62
   326   61
   327   62
   328   61
   329   62
   330   61
   331   62
   332   61
   333   62
   334   61
   335   61
   336   61
   337   61
   338   61
   339   60
   340   61
   341   60
   342   61
   343   60
   344   61
   345   60
   346   61
   347   59
   348   60
   349   59
   350   60
   351   59
   352   60
   353   59
   354   60
   355   59
   356   59
   357   59
   358   59
   359   60
   360   58
   361   60
   362   58
   363   59
   364   58
   365   59
   366   58
   367   59
   368   58
   369   58
   370   58
   371   58
   372   58
   373   58
   374   58
   375   57
   376   58
   377   57
   378   58
   379   57
   380   57
   381   56
   382   57
   383   56
   384   56
   385   55
   386   54
   387   53
   388   51
   389   51
   390   48
   391   47
   392   43
   393   42
   394   37
   395   35
   396   30
   397   27
   398   22
   399   18
   400   13
   401   9
   402   4
   403   -1
   404   -5
   405   -11
   406   -14
   407   -20
   408   -23
   409   -28
   410   -30
   411   -35
   412   -37
   413   -42
   414   -43
   415   -47
   416   -48
   417   -50
   418   -51
   419   -53
   420   -54
   421   -55
   422   -56
   423   -57
   424   -58
   425   -58
   426   -59
   427   -58
   428   -60
   429   -59
   430   -60
   431   -59
   432   -60
   433   -59
   434   -60
   435   -59
   436   -60
   437   -60
   438   -60
   439   -60
   440   -59
   441   -60
   442   -59
   443   -60
   444   -59
   445   -60
   446   -59
   447   -60
   448   -59
   449   -60
   450   -60
   451   -60
   452   -60
   453   -60
   454   -60
   455   -60
   456   -61
   457   -59
   458   -61
   459   -59
   460   -61
   461   -59
   462   -61
   463   -59
   464   -61
   465   -60
   466   -61
   467   -60
   468   -60
   469   -60
   470   -60
   471   -60
   472   -60
   473   -61
   474   -60
   475   -61
   476   -59
   477   -61
   478   -60
   479   -61
   480   -59
   481   -61
   482   -60
   483   -61
   484   -60
   485   -60
   486   -60
   487   -60
   488   -61
   489   -60
   490   -61
   491   -60
   492   -61
   493   -60
   494   -61
   495   -60
   496   -61
   497   -60
   498   -61
   499   -60
   500   -61
   501   -60
   502   -61
   503   -61
   504   -60
   505   -61
   506   -60
   507   -61
   508   -60
   509   -61
   510   -60
   511   -61
   512   -60
   513   -61
   514   -60
   515   -61
   516   -60
   517   -61
   518   -61
   519   -60
   520   -61
   521   -60
   522   -61
   523   -60
   524   -61
   525   -60
   526   -62
   527   -60
   528   -62
   529   -60
   530   -61
   531   -60
   532   -61
   533   -60
   534   -61
   535   -61
   536   -61
   537   -61
   538   -60
   539   -61
   540   -60
   541   -61
   542   -60
   543   -62
   544   -60
   545   -62
   546   -60
   547   -61
   548   -60
   549   -61
   550   -60
   551   -61
   552   -61
   553   -61
   554   -61
   555   -60
   556   -61
   557   -60
   558   -61
   559   -60
   560   -61
   561   -60
   562   -61
   563   -60
   564   -61
   565   -60
   566   -61
   567   -61
   568   -61
   569   -61
   570   -60
   571   -61
   572   -60
   573   -61
   574   -60
   575   -61
   576   -60
   577   -61
   578   -60
   579   -61
   580   -60
   581   -61
   582   -61
   583   -61
   584   -61
   585   -61
   586   -61
   587   -60
   588   -61
   589   -60
   590   -61
   591   -60
   592   -62
   593   -60
   594   -62
   595   -60
   596   -61
   597   -60
   598   -61
   599   -61
   600   -61
   601   -61
   602   -61
   603   -61
   604   -61
   605   -61
   606   -60
   607   -61
   608   -60
   609   -61
   610   -60
   611   -61
   612   -60
   613   -61
   614   -60
   615   -61
   616   -61
   617   -61
   618   -61
   619   -61
   620   -61
   621   -61
   622   -62
   623   -60
   624   -61
   625   -60
   626   -61
   627   -60
   628   -61
   629   -60
   630   -61
   631   -61
   632   -61
   633   -61
   634   -61
   635   -61
   636   -60
   637   -61
   638   -60
   639   -61
   640   -60
   641   -61
   642   -60
   643   -62
   644   -60
   645   -61
   646   -60
   647   -61
   648   -61
   649   -61
   650   -61
   651   -61
   652   -61
   653   -60
   654   -62
   655   -60
   656   -62
   657   -60
   658   -61
   659   -60
   660   -62
   661   -60
   662   -61
   663   -60
   664   -61
   665   -61
   666   -61
   667   -61
   668   -61
   669   -61
   670   -60
   671   -61
   672   -60
   673   -62
   674   -60
   675   -61
   676   -60
   677   -62
   678   -60
   679   -61
   680   -61
   681   -61
   682   -61
   683   -61
   684   -61
   685   -61
   686   -61
   687   -60
   688   -61
   689   -60
   690   -62
   691   -60
   692   -61
   693   -60
   694   -62
   695   -60
   696   -61
   697   -60
   698   -61
   699   -61
   700   -61
   701   -61
   702   -61
   703   -61
   704   -60
   705   -62
   706   -60
   707   -62
   708   -60
   709   -62
   710   -60
   711   -62
   712   -60
   713   -61
   714   -60
   715   -61
   716   -61
   717   -61
   718   -61
   719   -60
   720   -62
   721   -60
   722   -62
   723   -60
   724   -62
   725   -60
   726   -62
   727   -60
   728   -62
   729   -60
   730   -61
   731   -61
   732   -61
   733   -61
   734   -61
   735   -61
   736   -61
   737   -61
   738   -60
   739   -61
   740   -60
   741   -62
   742   -60
   743   -61
   744   -60
   745   -61
   746   -61
   747   -61
   748   -61
   749   -61
   750   -61
   751   -61
   752   -61
   753   -60
   754   -61
   755   -60
   756   -62
   757   -60
   758   -61
   759   -60
   760   -61
   761   -60
   762   -61
   763   -61
   764   -61
   765   -61
   766   -61
   767   -61
   768   -61
   769   -61
   770   -60
   771   -61
   772   -60
   773   -62
   774   -60
   775   -62
   776   -60
   777   -61
   778   -60
   779   -61
   780   -61
   781   -61
   782   -61
   783   -61
   784   -61
   785   -60
   786   -62
   787   -60
   788   -62
   789   -60
   790   -62
   791   -60
   792   -62
   793   -60
   794   -62
   795   -60
   796   -61
   797   -61
   798   -61
   799   -61
   800   -61
   801   -61
   802   -60
   803   -61
   804   -61
   805   -62
   806   -60
   807   -61
   808   -60
   809   -61
   810   -60
   811   -61
   812   -61
   813   -61
   814   -61
   815   -61
   816   -61
   817   -61
   818   -61
   819   -60
   820   -61
   821   -60
   822   -61
   823   -60
   824   -61
   825   -60
   826   -61
   827   -61
   828   -61
   829   -61
   830   -61
   831   -61
   832   -61
   833   -61
   834   -61
   835   -62
   836   -60
   837   -61
   838   -60
   839   -62
   840   -60
   841   -61
   842   -60
   843   -62
   844   -61
   845   -61
   846   -61
   847   -61
   848   -61
   849   -61
   850   -61
   851   -61
   852   -61
   853   -60
   854   -61
   855   -60
   856   -61
   857   -60
   858   -61
   859   -60
   860   -61
   861   -61
   862   -61
   863   -61
   864   -61
   865   -61
   866   -61
   867   -61
   868   -61
   869   -61
   870   -60
   871   -61
   872   -60
   873   -62
   874   -61
   875   -62
   876   -61
   877   -61
   878   -60
   879   -61
   880   -61
   881   -61
   882   -61
   883   -60
   884   -61
   885   -60
   886   -62
   887   -60
   888   -61
   889   -60
   890   -62
   891   -60
   892   -61
   893   -60
   894   -61
   895   -61
   896   -61
   897   -61
   898   -61
   899   -61
   900   -60
   901   -62
   902   -60
   903   -62
   904   -60
   905   -62
   906   -60
   907   -61
   908   -60
   909   -61
   910   -61
   911   -61
   912   -61
   913   -61
   914   -61
   915   -61
   916   -61
   917   -60
   918   -61
   919   -60
   920   -62
   921   -60
   922   -61
   923   -60
   924   -62
   925   -60
   926   -61
   927   -61
   928   -61
   929   -61
   930   -61
   931   -61
   932   -61
   933   -61
   934   -60
   935   -61
   936   -60
   937   -62
   938   -60
   939   -61
   940   -60
   941   -61
   942   -60
   943   -61
   944   -61
   945   -61
   946   -61
   947   -61
   948   -61
   949   -60
   950   -61
   951   -60
   952   -61
   953   -60
   954   -61
   955   -60
   956   -62
   957   -60
   958   -61
   959   -61
   960   -61
   961   -61
   962   -61
   963   -61
   964   -61
   965   -61
   966   -60
   967   -61
   968   -60
   969   -62
   970   -60
   971   -62
   972   -60
   973   -62
   974   -60
   975   -61
   976   -61
   977   -61
   978   -61
   979   -61
   980   -61
   981   -60
   982   -62
   983   -60
   984   -61
   985   -60
   986   -62
   987   -60
   988   -62
   989   -60
   990   -62
   991   -60
   992   -61
   993   -61
   994   -61
   995   -61
   996   -61
   997   -61
   998   -61
   999   -61
