   0   0
   1   -67
   2   -68
   3   -67
   4   -67
   5   -67
   6   -67
   7   -67
   8   -67
   9   -68
   10   -67
   11   -68
   12   -68
   13   -68
   14   -67
   15   -68
   16   -67
   17   -67
   18   -67
   19   -66
   20   -67
   21   -66
   22   -66
   23   -67
   24   -67
   25   -67
   26   -67
   27   -67
   28   -67
   29   -68
   30   -68
   31   -67
   32   -68
   33   -68
   34   -67
   35   -68
   36   -68
   37   -67
   38   -67
   39   -68
   40   -68
   41   -68
   42   -67
   43   -68
   44   -68
   45   -68
   46   -68
   47   -67
   48   -68
   49   -67
   50   -67
   51   -67
   52   -66
   53   -66
   54   -66
   55   -66
   56   -67
   57   -66
   58   -68
   59   -68
   60   -68
   61   -67
   62   -68
   63   -68
   64   -67
   65   -69
   66   -68
   67   -67
   68   -68
   69   -67
   70   -67
   71   -67
   72   -67
   73   -67
   74   -67
   75   -68
   76   -68
   77   -67
   78   -69
   79   -68
   80   -68
   81   -68
   82   -68
   83   -68
   84   -67
   85   -67
   86   -67
   87   -67
   88   -67
   89   -67
   90   -67
   91   -66
   92   -67
   93   -67
   94   -67
   95   -67
   96   -67
   97   -68
   98   -68
   99   -67
   100   -68
   101   -67
   102   -68
   103   -67
   104   -68
   105   -68
   106   -68
   107   -67
   108   -68
   109   -68
   110   -69
   111   -68
   112   -67
   113   -68
   114   -68
   115   -67
   116   -68
   117   -67
   118   -67
   119   -67
   120   -66
   121   -66
   122   -66
   123   -67
   124   -67
   125   -67
   126   -67
   127   -68
   128   -67
   129   -67
   130   -68
   131   -67
   132   -67
   133   -67
   134   -67
   135   -66
   136   -67
   137   -67
   138   -67
   139   -67
   140   -68
   141   -68
   142   -68
   143   -69
   144   -68
   145   -68
   146   -68
   147   -68
   148   -68
   149   -68
   150   -67
   151   -67
   152   -66
   153   -67
   154   -67
   155   -67
   156   -67
   157   -66
   158   -67
   159   -67
   160   -67
   161   -68
   162   -67
   163   -67
   164   -67
   165   -67
   166   -67
   167   -66
   168   -66
   169   -67
   170   -67
   171   -67
   172   -67
   173   -68
   174   -68
   175   -68
   176   -68
   177   -68
   178   -69
   179   -68
   180   -68
   181   -68
   182   -68
   183   -68
   184   -67
   185   -67
   186   -67
   187   -67
   188   -67
   189   -67
   190   -67
   191   -67
   192   -67
   193   -67
   194   -66
   195   -67
   196   -67
   197   -67
   198   -66
   199   -67
   200   -68
   201   -35
   202   45
   203   10
   204   6
   205   11
   206   13
   207   11
   208   13
   209   14
   210   13
   211   14
   212   16
   213   15
   214   15
   215   16
   216   16
   217   16
   218   17
   219   17
   220   18
   221   17
   222   17
   223   17
   224   17
   225   17
   226   18
   227   17
   228   17
   229   17
   230   17
   231   17
   232   19
   233   18
   234   18
   235   18
   236   18
   237   18
   238   18
   239   17
   240   16
   241   17
   242   17
   243   16
   244   16
   245   15
   246   16
   247   16
   248   16
   249   16
   250   15
   251   16
   252   16
   253   16
   254   16
   255   16
   256   16
   257   15
   258   15
   259   16
   260   15
   261   15
   262   15
   263   15
   264   16
   265   16
   266   16
   267   16
   268   16
   269   16
   270   16
   271   15
   272   15
   273   15
   274   14
   275   14
   276   14
   277   14
   278   13
   279   13
   280   14
   281   14
   282   13
   283   14
   284   14
   285   14
   286   13
   287   14
   288   13
   289   13
   290   13
   291   12
   292   12
   293   12
   294   13
   295   12
   296   13
   297   13
   298   13
   299   13
   300   13
   301   14
   302   14
   303   13
   304   13
   305   13
   306   13
   307   12
   308   12
   309   12
   310   12
   311   12
   312   12
   313   12
   314   12
   315   11
   316   12
   317   12
   318   11
   319   11
   320   10
   321   9
   322   9
   323   8
   324   7
   325   6
   326   4
   327   4
   328   2
   329   0
   330   -1
   331   -3
   332   -5
   333   -7
   334   -9
   335   -12
   336   -14
   337   -17
   338   -20
   339   -23
   340   -26
   341   -29
   342   -32
   343   -34
   344   -38
   345   -40
   346   -42
   347   -44
   348   -47
   349   -49
   350   -50
   351   -52
   352   -54
   353   -56
   354   -57
   355   -58
   356   -59
   357   -61
   358   -62
   359   -63
   360   -64
   361   -65
   362   -65
   363   -65
   364   -65
   365   -66
   366   -65
   367   -65
   368   -66
   369   -66
   370   -66
   371   -66
   372   -67
   373   -66
   374   -67
   375   -67
   376   -67
   377   -67
   378   -67
   379   -67
   380   -67
   381   -66
   382   -66
   383   -66
   384   -66
   385   -67
   386   -66
   387   -67
   388   -66
   389   -68
   390   -67
   391   -67
   392   -67
   393   -67
   394   -67
   395   -67
   396   -67
   397   -67
   398   -66
   399   -66
   400   -66
   401   -66
   402   -66
   403   -66
   404   -67
   405   -67
   406   -67
   407   -67
   408   -67
   409   -67
   410   -67
   411   -66
   412   -66
   413   -67
   414   -66
   415   -66
   416   -66
   417   -67
   418   -66
   419   -67
   420   -67
   421   -67
   422   -67
   423   -67
   424   -67
   425   -67
   426   -67
   427   -67
   428   -67
   429   -66
   430   -66
   431   -66
   432   -67
   433   -66
   434   -66
   435   -67
   436   -67
   437   -67
   438   -68
   439   -67
   440   -67
   441   -67
   442   -67
   443   -68
   444   -67
   445   -67
   446   -67
   447   -66
   448   -66
   449   -66
   450   -66
   451   -66
   452   -67
   453   -66
   454   -67
   455   -67
   456   -67
   457   -67
   458   -68
   459   -68
   460   -67
   461   -67
   462   -67
   463   -67
   464   -67
   465   -66
   466   -66
   467   -66
   468   -67
   469   -66
   470   -66
   471   -67
   472   -67
   473   -67
   474   -68
   475   -67
   476   -68
   477   -68
   478   -67
   479   -66
   480   -67
   481   -67
   482   -67
   483   -66
   484   -67
   485   -67
   486   -67
   487   -67
   488   -67
   489   -67
   490   -67
   491   -67
   492   -67
   493   -66
   494   -67
   495   -67
   496   -66
   497   -67
   498   -67
   499   -67
   500   -66
   501   -66
   502   -67
   503   -67
   504   -66
   505   -67
   506   -67
   507   -67
   508   -67
   509   -67
   510   -67
   511   -67
   512   -67
   513   -67
   514   -67
   515   -67
   516   -67
   517   -67
   518   -67
   519   -67
   520   -67
   521   -67
   522   -67
   523   -68
   524   -67
   525   -68
   526   -67
   527   -67
   528   -67
   529   -67
   530   -67
   531   -66
   532   -66
   533   -67
   534   -67
   535   -66
   536   -66
   537   -66
   538   -66
   539   -67
   540   -66
   541   -67
   542   -67
   543   -67
   544   -66
   545   -67
   546   -66
   547   -66
   548   -67
   549   -67
   550   -66
   551   -67
   552   -67
   553   -68
   554   -68
   555   -67
   556   -67
   557   -68
   558   -68
   559   -67
   560   -67
   561   -67
   562   -66
   563   -67
   564   -66
   565   -66
   566   -66
   567   -65
   568   -66
   569   -66
   570   -66
   571   -66
   572   -67
   573   -67
   574   -67
   575   -67
   576   -68
   577   -67
   578   -67
   579   -66
   580   -67
   581   -66
   582   -66
   583   -67
   584   -67
   585   -66
   586   -67
   587   -67
   588   -68
   589   -67
   590   -67
   591   -68
   592   -68
   593   -67
   594   -67
   595   -68
   596   -67
   597   -67
   598   -67
   599   -66
   600   -66
   601   -66
   602   -66
   603   -66
   604   -66
   605   -67
   606   -67
   607   -66
   608   -67
   609   -67
   610   -67
   611   -66
   612   -67
   613   -66
   614   -66
   615   -66
   616   -67
   617   -67
   618   -67
   619   -67
   620   -67
   621   -67
   622   -68
   623   -68
   624   -68
   625   -67
   626   -68
   627   -68
   628   -67
   629   -67
   630   -67
   631   -67
   632   -66
   633   -66
   634   -66
   635   -67
   636   -66
   637   -66
   638   -67
   639   -66
   640   -67
   641   -67
   642   -67
   643   -67
   644   -66
   645   -67
   646   -66
   647   -66
   648   -67
   649   -66
   650   -66
   651   -67
   652   -66
   653   -67
   654   -67
   655   -67
   656   -67
   657   -67
   658   -68
   659   -68
   660   -68
   661   -67
   662   -67
   663   -67
   664   -67
   665   -67
   666   -67
   667   -67
   668   -67
   669   -67
   670   -66
   671   -67
   672   -67
   673   -66
   674   -67
   675   -67
   676   -67
   677   -66
   678   -66
   679   -66
   680   -66
   681   -66
   682   -66
   683   -67
   684   -66
   685   -66
   686   -67
   687   -67
   688   -67
   689   -68
   690   -67
   691   -68
   692   -68
   693   -67
   694   -68
   695   -67
   696   -67
   697   -67
   698   -67
   699   -66
   700   -67
   701   -66
   702   -67
   703   -67
   704   -67
   705   -67
   706   -67
   707   -67
   708   -67
   709   -67
   710   -67
   711   -66
   712   -66
   713   -66
   714   -65
   715   -66
   716   -66
   717   -66
   718   -66
   719   -66
   720   -66
   721   -67
   722   -68
   723   -67
   724   -68
   725   -68
   726   -68
   727   -67
   728   -68
   729   -67
   730   -67
   731   -67
   732   -66
   733   -66
   734   -67
   735   -66
   736   -67
   737   -67
   738   -67
   739   -68
   740   -68
   741   -68
   742   -67
   743   -68
   744   -66
   745   -66
   746   -66
   747   -66
   748   -65
   749   -66
   750   -65
   751   -66
   752   -66
   753   -67
   754   -67
   755   -67
   756   -67
   757   -67
   758   -68
   759   -67
   760   -67
   761   -68
   762   -68
   763   -67
   764   -67
   765   -66
   766   -66
   767   -66
   768   -67
   769   -66
   770   -67
   771   -67
   772   -67
   773   -68
   774   -67
   775   -67
   776   -68
   777   -67
   778   -66
   779   -66
   780   -66
   781   -66
   782   -66
   783   -66
   784   -66
   785   -66
   786   -66
   787   -66
   788   -67
   789   -67
   790   -67
   791   -67
   792   -68
   793   -67
   794   -67
   795   -67
   796   -66
   797   -67
   798   -66
   799   -66
   800   -67
   801   -67
   802   -66
   803   -67
   804   -67
   805   -67
   806   -68
   807   -68
   808   -68
   809   -67
   810   -67
   811   -67
   812   -66
   813   -66
   814   -66
   815   -65
   816   -66
   817   -66
   818   -66
   819   -66
   820   -66
   821   -67
   822   -67
   823   -67
   824   -67
   825   -67
   826   -67
   827   -67
   828   -67
   829   -66
   830   -66
   831   -67
   832   -66
   833   -66
   834   -67
   835   -67
   836   -68
   837   -67
   838   -68
   839   -68
   840   -68
   841   -68
   842   -67
   843   -67
   844   -66
   845   -67
   846   -66
   847   -66
   848   -66
   849   -66
   850   -66
   851   -66
   852   -66
   853   -67
   854   -67
   855   -67
   856   -68
   857   -67
   858   -67
   859   -67
   860   -67
   861   -66
   862   -66
   863   -66
   864   -66
   865   -66
   866   -66
   867   -66
   868   -67
   869   -67
   870   -68
   871   -67
   872   -68
   873   -68
   874   -68
   875   -68
   876   -67
   877   -67
   878   -67
   879   -67
   880   -66
   881   -66
   882   -66
   883   -66
   884   -66
   885   -66
   886   -66
   887   -67
   888   -67
   889   -68
   890   -67
   891   -67
   892   -68
   893   -67
   894   -67
   895   -67
   896   -66
   897   -66
   898   -66
   899   -66
   900   -67
   901   -66
   902   -66
   903   -67
   904   -67
   905   -68
   906   -68
   907   -68
   908   -68
   909   -67
   910   -67
   911   -66
   912   -67
   913   -66
   914   -66
   915   -66
   916   -66
   917   -66
   918   -67
   919   -67
   920   -68
   921   -67
   922   -68
   923   -69
   924   -68
   925   -68
   926   -68
   927   -67
   928   -67
   929   -66
   930   -66
   931   -66
   932   -65
   933   -66
   934   -67
   935   -67
   936   -67
   937   -67
   938   -68
   939   -68
   940   -68
   941   -67
   942   -67
   943   -67
   944   -67
   945   -66
   946   -66
   947   -66
   948   -67
   949   -66
   950   -67
   951   -67
   952   -67
   953   -67
   954   -68
   955   -68
   956   -68
   957   -68
   958   -68
   959   -67
   960   -67
   961   -66
   962   -66
   963   -66
   964   -66
   965   -66
   966   -67
   967   -67
   968   -67
   969   -68
   970   -68
   971   -68
   972   -68
   973   -68
   974   -68
   975   -67
   976   -67
   977   -67
   978   -66
   979   -66
   980   -66
   981   -65
   982   -67
   983   -66
   984   -67
   985   -67
   986   -68
   987   -68
   988   -68
   989   -68
   990   -68
   991   -67
   992   -68
   993   -67
   994   -66
   995   -66
   996   -66
   997   -65
   998   -66
   999   -66
