   0   0
   1   -61
   2   -61
   3   -62
   4   -61
   5   -62
   6   -61
   7   -61
   8   -61
   9   -61
   10   -61
   11   -61
   12   -61
   13   -61
   14   -61
   15   -61
   16   -61
   17   -61
   18   -62
   19   -61
   20   -61
   21   -60
   22   -62
   23   -61
   24   -61
   25   -61
   26   -61
   27   -61
   28   -61
   29   -61
   30   -61
   31   -61
   32   -61
   33   -62
   34   -61
   35   -62
   36   -60
   37   -62
   38   -61
   39   -62
   40   -61
   41   -61
   42   -61
   43   -61
   44   -61
   45   -61
   46   -61
   47   -61
   48   -61
   49   -61
   50   -61
   51   -61
   52   -62
   53   -60
   54   -61
   55   -61
   56   -61
   57   -61
   58   -61
   59   -61
   60   -61
   61   -61
   62   -61
   63   -61
   64   -61
   65   -61
   66   -61
   67   -61
   68   -61
   69   -62
   70   -61
   71   -62
   72   -61
   73   -61
   74   -61
   75   -61
   76   -61
   77   -61
   78   -61
   79   -61
   80   -61
   81   -61
   82   -62
   83   -60
   84   -61
   85   -60
   86   -62
   87   -61
   88   -62
   89   -61
   90   -61
   91   -61
   92   -61
   93   -61
   94   -61
   95   -61
   96   -61
   97   -61
   98   -61
   99   -62
   100   -60
   101   -62
   102   -60
   103   -62
   104   -61
   105   -62
   106   -61
   107   -61
   108   -61
   109   -61
   110   -61
   111   -61
   112   -61
   113   -61
   114   -61
   115   -61
   116   -62
   117   -61
   118   -62
   119   -60
   120   -62
   121   -61
   122   -62
   123   -61
   124   -61
   125   -61
   126   -61
   127   -61
   128   -61
   129   -61
   130   -60
   131   -62
   132   -61
   133   -62
   134   -60
   135   -62
   136   -61
   137   -61
   138   -61
   139   -62
   140   -61
   141   -61
   142   -61
   143   -61
   144   -61
   145   -61
   146   -61
   147   -61
   148   -62
   149   -60
   150   -62
   151   -60
   152   -62
   153   -60
   154   -62
   155   -61
   156   -61
   157   -61
   158   -61
   159   -61
   160   -61
   161   -61
   162   -61
   163   -61
   164   -60
   165   -62
   166   -60
   167   -62
   168   -60
   169   -61
   170   -60
   171   -62
   172   -61
   173   -61
   174   -61
   175   -61
   176   -61
   177   -61
   178   -61
   179   -61
   180   -61
   181   -60
   182   -62
   183   -60
   184   -62
   185   -60
   186   -62
   187   -61
   188   -61
   189   -61
   190   -62
   191   -61
   192   -61
   193   -62
   194   -60
   195   -61
   196   -61
   197   -61
   198   -61
   199   -61
   200   -62
   201   -60
   202   -33
   203   19
   204   47
   205   53
   206   50
   207   47
   208   45
   209   46
   210   46
   211   48
   212   46
   213   48
   214   46
   215   48
   216   47
   217   49
   218   47
   219   48
   220   47
   221   48
   222   48
   223   49
   224   48
   225   48
   226   48
   227   48
   228   48
   229   47
   230   48
   231   47
   232   48
   233   47
   234   48
   235   47
   236   48
   237   47
   238   48
   239   48
   240   48
   241   48
   242   47
   243   47
   244   46
   245   47
   246   47
   247   48
   248   47
   249   48
   250   47
   251   48
   252   47
   253   48
   254   47
   255   47
   256   47
   257   47
   258   47
   259   47
   260   47
   261   46
   262   47
   263   46
   264   47
   265   46
   266   47
   267   46
   268   47
   269   46
   270   47
   271   46
   272   46
   273   46
   274   46
   275   46
   276   46
   277   46
   278   46
   279   46
   280   45
   281   46
   282   45
   283   46
   284   45
   285   46
   286   45
   287   45
   288   45
   289   45
   290   45
   291   45
   292   45
   293   45
   294   46
   295   45
   296   45
   297   44
   298   45
   299   44
   300   45
   301   44
   302   45
   303   44
   304   45
   305   45
   306   45
   307   45
   308   44
   309   45
   310   44
   311   45
   312   44
   313   45
   314   43
   315   45
   316   43
   317   44
   318   43
   319   44
   320   43
   321   44
   322   43
   323   43
   324   44
   325   43
   326   44
   327   43
   328   44
   329   43
   330   44
   331   43
   332   44
   333   42
   334   43
   335   42
   336   43
   337   43
   338   43
   339   43
   340   42
   341   43
   342   42
   343   43
   344   42
   345   43
   346   41
   347   43
   348   41
   349   43
   350   41
   351   42
   352   41
   353   42
   354   41
   355   42
   356   41
   357   41
   358   42
   359   41
   360   42
   361   40
   362   42
   363   40
   364   42
   365   40
   366   41
   367   40
   368   41
   369   40
   370   41
   371   40
   372   40
   373   40
   374   40
   375   40
   376   39
   377   40
   378   39
   379   40
   380   38
   381   39
   382   37
   383   37
   384   35
   385   34
   386   31
   387   29
   388   26
   389   23
   390   19
   391   15
   392   11
   393   5
   394   1
   395   -5
   396   -9
   397   -16
   398   -20
   399   -26
   400   -29
   401   -35
   402   -38
   403   -42
   404   -45
   405   -47
   406   -50
   407   -52
   408   -54
   409   -54
   410   -56
   411   -56
   412   -58
   413   -58
   414   -59
   415   -58
   416   -60
   417   -59
   418   -60
   419   -59
   420   -60
   421   -59
   422   -60
   423   -60
   424   -60
   425   -60
   426   -59
   427   -60
   428   -59
   429   -61
   430   -59
   431   -61
   432   -59
   433   -60
   434   -60
   435   -60
   436   -60
   437   -60
   438   -60
   439   -60
   440   -60
   441   -60
   442   -61
   443   -60
   444   -60
   445   -60
   446   -61
   447   -59
   448   -61
   449   -60
   450   -61
   451   -60
   452   -60
   453   -60
   454   -60
   455   -60
   456   -60
   457   -60
   458   -60
   459   -61
   460   -60
   461   -61
   462   -59
   463   -61
   464   -60
   465   -61
   466   -60
   467   -61
   468   -60
   469   -60
   470   -60
   471   -60
   472   -60
   473   -60
   474   -61
   475   -60
   476   -61
   477   -60
   478   -61
   479   -60
   480   -61
   481   -60
   482   -61
   483   -60
   484   -61
   485   -60
   486   -60
   487   -60
   488   -60
   489   -61
   490   -60
   491   -61
   492   -60
   493   -61
   494   -60
   495   -61
   496   -60
   497   -61
   498   -60
   499   -61
   500   -60
   501   -61
   502   -60
   503   -61
   504   -61
   505   -61
   506   -61
   507   -60
   508   -61
   509   -60
   510   -61
   511   -60
   512   -61
   513   -60
   514   -61
   515   -60
   516   -61
   517   -60
   518   -61
   519   -60
   520   -61
   521   -61
   522   -60
   523   -61
   524   -60
   525   -61
   526   -60
   527   -61
   528   -60
   529   -61
   530   -60
   531   -61
   532   -60
   533   -61
   534   -61
   535   -61
   536   -61
   537   -60
   538   -61
   539   -60
   540   -61
   541   -60
   542   -61
   543   -60
   544   -61
   545   -60
   546   -61
   547   -60
   548   -61
   549   -60
   550   -61
   551   -60
   552   -61
   553   -61
   554   -61
   555   -61
   556   -60
   557   -61
   558   -60
   559   -61
   560   -60
   561   -61
   562   -60
   563   -61
   564   -60
   565   -61
   566   -60
   567   -61
   568   -61
   569   -61
   570   -61
   571   -60
   572   -61
   573   -60
   574   -61
   575   -60
   576   -61
   577   -60
   578   -61
   579   -60
   580   -61
   581   -60
   582   -61
   583   -61
   584   -61
   585   -61
   586   -61
   587   -61
   588   -60
   589   -61
   590   -60
   591   -61
   592   -60
   593   -61
   594   -60
   595   -61
   596   -60
   597   -61
   598   -60
   599   -61
   600   -61
   601   -61
   602   -61
   603   -61
   604   -61
   605   -60
   606   -61
   607   -60
   608   -61
   609   -60
   610   -61
   611   -60
   612   -61
   613   -60
   614   -61
   615   -60
   616   -61
   617   -61
   618   -61
   619   -61
   620   -61
   621   -61
   622   -60
   623   -61
   624   -60
   625   -61
   626   -60
   627   -61
   628   -60
   629   -61
   630   -60
   631   -61
   632   -61
   633   -61
   634   -61
   635   -61
   636   -61
   637   -60
   638   -61
   639   -60
   640   -61
   641   -60
   642   -61
   643   -60
   644   -61
   645   -60
   646   -61
   647   -60
   648   -61
   649   -61
   650   -61
   651   -61
   652   -60
   653   -61
   654   -60
   655   -61
   656   -60
   657   -61
   658   -60
   659   -61
   660   -60
   661   -61
   662   -60
   663   -61
   664   -60
   665   -61
   666   -61
   667   -61
   668   -61
   669   -60
   670   -61
   671   -60
   672   -61
   673   -60
   674   -61
   675   -60
   676   -61
   677   -60
   678   -61
   679   -60
   680   -61
   681   -60
   682   -61
   683   -61
   684   -61
   685   -61
   686   -60
   687   -61
   688   -60
   689   -61
   690   -60
   691   -61
   692   -60
   693   -61
   694   -60
   695   -61
   696   -60
   697   -61
   698   -61
   699   -61
   700   -61
   701   -61
   702   -61
   703   -60
   704   -61
   705   -60
   706   -61
   707   -60
   708   -61
   709   -60
   710   -61
   711   -60
   712   -61
   713   -60
   714   -61
   715   -60
   716   -61
   717   -61
   718   -61
   719   -61
   720   -60
   721   -61
   722   -60
   723   -61
   724   -60
   725   -62
   726   -60
   727   -61
   728   -60
   729   -61
   730   -60
   731   -61
   732   -61
   733   -61
   734   -61
   735   -60
   736   -61
   737   -60
   738   -61
   739   -60
   740   -61
   741   -60
   742   -61
   743   -60
   744   -61
   745   -60
   746   -61
   747   -60
   748   -61
   749   -61
   750   -61
   751   -61
   752   -61
   753   -61
   754   -60
   755   -61
   756   -60
   757   -61
   758   -60
   759   -61
   760   -60
   761   -61
   762   -60
   763   -61
   764   -61
   765   -61
   766   -61
   767   -61
   768   -61
   769   -61
   770   -61
   771   -60
   772   -61
   773   -60
   774   -61
   775   -60
   776   -61
   777   -60
   778   -61
   779   -61
   780   -61
   781   -61
   782   -61
   783   -61
   784   -60
   785   -61
   786   -60
   787   -61
   788   -60
   789   -61
   790   -60
   791   -61
   792   -60
   793   -61
   794   -61
   795   -61
   796   -61
   797   -61
   798   -61
   799   -61
   800   -61
   801   -61
   802   -61
   803   -60
   804   -61
   805   -60
   806   -61
   807   -60
   808   -61
   809   -60
   810   -61
   811   -61
   812   -61
   813   -61
   814   -61
   815   -61
   816   -61
   817   -61
   818   -60
   819   -61
   820   -60
   821   -61
   822   -60
   823   -62
   824   -60
   825   -61
   826   -60
   827   -61
   828   -61
   829   -61
   830   -61
   831   -61
   832   -61
   833   -60
   834   -61
   835   -61
   836   -61
   837   -60
   838   -62
   839   -60
   840   -61
   841   -60
   842   -61
   843   -60
   844   -61
   845   -61
   846   -61
   847   -61
   848   -61
   849   -61
   850   -61
   851   -61
   852   -60
   853   -61
   854   -60
   855   -61
   856   -60
   857   -62
   858   -60
   859   -61
   860   -60
   861   -61
   862   -61
   863   -61
   864   -61
   865   -61
   866   -61
   867   -60
   868   -61
   869   -60
   870   -61
   871   -60
   872   -61
   873   -60
   874   -61
   875   -61
   876   -61
   877   -61
   878   -61
   879   -61
   880   -61
   881   -61
   882   -60
   883   -61
   884   -60
   885   -61
   886   -60
   887   -61
   888   -60
   889   -61
   890   -60
   891   -61
   892   -60
   893   -61
   894   -61
   895   -61
   896   -61
   897   -61
   898   -61
   899   -60
   900   -61
   901   -60
   902   -61
   903   -60
   904   -61
   905   -60
   906   -61
   907   -60
   908   -61
   909   -60
   910   -61
   911   -60
   912   -61
   913   -61
   914   -61
   915   -61
   916   -60
   917   -61
   918   -60
   919   -61
   920   -60
   921   -61
   922   -60
   923   -62
   924   -60
   925   -61
   926   -60
   927   -61
   928   -61
   929   -61
   930   -61
   931   -61
   932   -61
   933   -60
   934   -61
   935   -60
   936   -61
   937   -60
   938   -61
   939   -60
   940   -61
   941   -60
   942   -61
   943   -61
   944   -61
   945   -61
   946   -61
   947   -61
   948   -61
   949   -61
   950   -60
   951   -61
   952   -60
   953   -61
   954   -60
   955   -61
   956   -60
   957   -61
   958   -60
   959   -61
   960   -61
   961   -61
   962   -61
   963   -61
   964   -61
   965   -60
   966   -61
   967   -60
   968   -61
   969   -60
   970   -61
   971   -60
   972   -61
   973   -60
   974   -61
   975   -60
   976   -61
   977   -61
   978   -61
   979   -61
   980   -61
   981   -61
   982   -61
   983   -61
   984   -60
   985   -61
   986   -60
   987   -61
   988   -60
   989   -61
   990   -61
   991   -61
   992   -60
   993   -61
   994   -61
   995   -61
   996   -61
   997   -61
   998   -61
   999   -60
