   0   0
   1   -61
   2   -61
   3   -61
   4   -61
   5   -61
   6   -61
   7   -61
   8   -61
   9   -62
   10   -61
   11   -61
   12   -61
   13   -61
   14   -61
   15   -61
   16   -61
   17   -61
   18   -61
   19   -61
   20   -61
   21   -61
   22   -61
   23   -60
   24   -61
   25   -61
   26   -62
   27   -60
   28   -62
   29   -61
   30   -61
   31   -61
   32   -61
   33   -61
   34   -62
   35   -61
   36   -61
   37   -61
   38   -61
   39   -61
   40   -61
   41   -61
   42   -61
   43   -62
   44   -61
   45   -62
   46   -61
   47   -61
   48   -61
   49   -61
   50   -61
   51   -61
   52   -61
   53   -61
   54   -61
   55   -61
   56   -61
   57   -61
   58   -61
   59   -61
   60   -62
   61   -61
   62   -62
   63   -61
   64   -61
   65   -61
   66   -61
   67   -61
   68   -61
   69   -61
   70   -61
   71   -61
   72   -61
   73   -61
   74   -61
   75   -62
   76   -61
   77   -61
   78   -61
   79   -61
   80   -61
   81   -61
   82   -61
   83   -61
   84   -61
   85   -61
   86   -61
   87   -61
   88   -61
   89   -61
   90   -62
   91   -61
   92   -62
   93   -60
   94   -62
   95   -61
   96   -62
   97   -61
   98   -62
   99   -61
   100   -61
   101   -61
   102   -61
   103   -61
   104   -61
   105   -61
   106   -60
   107   -61
   108   -61
   109   -61
   110   -61
   111   -61
   112   -61
   113   -61
   114   -61
   115   -61
   116   -61
   117   -61
   118   -61
   119   -61
   120   -61
   121   -61
   122   -61
   123   -61
   124   -61
   125   -61
   126   -62
   127   -61
   128   -61
   129   -61
   130   -62
   131   -61
   132   -61
   133   -61
   134   -61
   135   -61
   136   -61
   137   -61
   138   -61
   139   -61
   140   -61
   141   -61
   142   -61
   143   -62
   144   -61
   145   -61
   146   -61
   147   -61
   148   -61
   149   -61
   150   -61
   151   -61
   152   -61
   153   -61
   154   -61
   155   -61
   156   -61
   157   -61
   158   -62
   159   -61
   160   -62
   161   -61
   162   -61
   163   -61
   164   -61
   165   -60
   166   -61
   167   -61
   168   -61
   169   -61
   170   -61
   171   -61
   172   -61
   173   -61
   174   -61
   175   -61
   176   -61
   177   -61
   178   -61
   179   -62
   180   -61
   181   -61
   182   -61
   183   -61
   184   -61
   185   -61
   186   -61
   187   -61
   188   -61
   189   -61
   190   -61
   191   -61
   192   -61
   193   -61
   194   -61
   195   -61
   196   -61
   197   -61
   198   -61
   199   -61
   200   -62
   201   -52
   202   47
   203   127
   204   124
   205   95
   206   52
   207   46
   208   45
   209   54
   210   54
   211   58
   212   55
   213   58
   214   56
   215   58
   216   57
   217   59
   218   58
   219   60
   220   58
   221   60
   222   59
   223   62
   224   60
   225   61
   226   60
   227   61
   228   61
   229   62
   230   62
   231   62
   232   62
   233   62
   234   63
   235   63
   236   63
   237   63
   238   64
   239   63
   240   64
   241   64
   242   64
   243   63
   244   64
   245   64
   246   65
   247   64
   248   65
   249   64
   250   65
   251   65
   252   65
   253   65
   254   65
   255   65
   256   65
   257   66
   258   65
   259   66
   260   65
   261   66
   262   66
   263   66
   264   66
   265   66
   266   66
   267   66
   268   67
   269   66
   270   67
   271   66
   272   67
   273   67
   274   67
   275   67
   276   67
   277   67
   278   67
   279   67
   280   67
   281   67
   282   68
   283   68
   284   68
   285   68
   286   68
   287   68
   288   68
   289   69
   290   68
   291   68
   292   68
   293   69
   294   68
   295   69
   296   68
   297   69
   298   69
   299   69
   300   69
   301   69
   302   70
   303   69
   304   70
   305   69
   306   70
   307   69
   308   71
   309   70
   310   70
   311   70
   312   70
   313   70
   314   70
   315   70
   316   70
   317   70
   318   70
   319   71
   320   70
   321   71
   322   70
   323   71
   324   70
   325   71
   326   70
   327   70
   328   70
   329   70
   330   69
   331   69
   332   69
   333   69
   334   69
   335   68
   336   68
   337   67
   338   67
   339   66
   340   66
   341   65
   342   65
   343   64
   344   63
   345   62
   346   61
   347   60
   348   59
   349   58
   350   57
   351   56
   352   54
   353   54
   354   52
   355   51
   356   48
   357   48
   358   45
   359   45
   360   42
   361   41
   362   39
   363   38
   364   35
   365   34
   366   32
   367   30
   368   28
   369   26
   370   24
   371   22
   372   20
   373   18
   374   16
   375   13
   376   12
   377   9
   378   8
   379   5
   380   3
   381   1
   382   -1
   383   -3
   384   -5
   385   -7
   386   -9
   387   -10
   388   -13
   389   -14
   390   -16
   391   -18
   392   -20
   393   -21
   394   -23
   395   -24
   396   -26
   397   -27
   398   -29
   399   -30
   400   -32
   401   -33
   402   -34
   403   -36
   404   -36
   405   -38
   406   -38
   407   -40
   408   -40
   409   -42
   410   -42
   411   -44
   412   -44
   413   -46
   414   -47
   415   -47
   416   -48
   417   -48
   418   -49
   419   -49
   420   -50
   421   -50
   422   -52
   423   -51
   424   -52
   425   -52
   426   -53
   427   -53
   428   -54
   429   -54
   430   -55
   431   -55
   432   -55
   433   -55
   434   -56
   435   -56
   436   -56
   437   -56
   438   -56
   439   -57
   440   -56
   441   -57
   442   -57
   443   -57
   444   -57
   445   -58
   446   -57
   447   -58
   448   -58
   449   -58
   450   -58
   451   -58
   452   -58
   453   -58
   454   -58
   455   -58
   456   -58
   457   -58
   458   -59
   459   -58
   460   -59
   461   -58
   462   -59
   463   -58
   464   -58
   465   -59
   466   -59
   467   -58
   468   -58
   469   -59
   470   -58
   471   -59
   472   -58
   473   -59
   474   -58
   475   -59
   476   -58
   477   -59
   478   -59
   479   -59
   480   -59
   481   -59
   482   -59
   483   -59
   484   -59
   485   -58
   486   -59
   487   -59
   488   -59
   489   -58
   490   -59
   491   -59
   492   -59
   493   -59
   494   -59
   495   -59
   496   -59
   497   -59
   498   -59
   499   -59
   500   -59
   501   -59
   502   -59
   503   -59
   504   -59
   505   -59
   506   -59
   507   -59
   508   -59
   509   -59
   510   -59
   511   -59
   512   -59
   513   -59
   514   -59
   515   -59
   516   -59
   517   -59
   518   -59
   519   -59
   520   -59
   521   -59
   522   -59
   523   -59
   524   -59
   525   -59
   526   -59
   527   -59
   528   -59
   529   -59
   530   -59
   531   -59
   532   -59
   533   -59
   534   -59
   535   -59
   536   -59
   537   -59
   538   -59
   539   -60
   540   -59
   541   -60
   542   -59
   543   -59
   544   -59
   545   -59
   546   -59
   547   -59
   548   -59
   549   -59
   550   -59
   551   -59
   552   -59
   553   -59
   554   -60
   555   -59
   556   -60
   557   -59
   558   -59
   559   -59
   560   -60
   561   -59
   562   -60
   563   -59
   564   -59
   565   -59
   566   -59
   567   -59
   568   -59
   569   -59
   570   -59
   571   -59
   572   -59
   573   -60
   574   -59
   575   -59
   576   -59
   577   -59
   578   -59
   579   -60
   580   -59
   581   -59
   582   -59
   583   -59
   584   -60
   585   -59
   586   -60
   587   -59
   588   -60
   589   -59
   590   -60
   591   -59
   592   -60
   593   -59
   594   -60
   595   -59
   596   -59
   597   -59
   598   -60
   599   -60
   600   -59
   601   -59
   602   -59
   603   -60
   604   -59
   605   -60
   606   -59
   607   -60
   608   -59
   609   -60
   610   -59
   611   -60
   612   -59
   613   -60
   614   -59
   615   -60
   616   -60
   617   -59
   618   -60
   619   -59
   620   -59
   621   -59
   622   -60
   623   -59
   624   -60
   625   -59
   626   -60
   627   -59
   628   -60
   629   -59
   630   -60
   631   -59
   632   -60
   633   -60
   634   -59
   635   -60
   636   -59
   637   -60
   638   -59
   639   -60
   640   -59
   641   -60
   642   -59
   643   -60
   644   -60
   645   -60
   646   -60
   647   -59
   648   -60
   649   -59
   650   -60
   651   -59
   652   -60
   653   -59
   654   -60
   655   -59
   656   -60
   657   -60
   658   -60
   659   -59
   660   -60
   661   -59
   662   -60
   663   -59
   664   -60
   665   -60
   666   -60
   667   -60
   668   -59
   669   -60
   670   -59
   671   -60
   672   -59
   673   -60
   674   -59
   675   -60
   676   -59
   677   -60
   678   -59
   679   -60
   680   -59
   681   -60
   682   -59
   683   -60
   684   -60
   685   -60
   686   -60
   687   -60
   688   -60
   689   -59
   690   -60
   691   -59
   692   -60
   693   -59
   694   -60
   695   -60
   696   -60
   697   -60
   698   -60
   699   -59
   700   -60
   701   -60
   702   -60
   703   -60
   704   -59
   705   -60
   706   -59
   707   -60
   708   -60
   709   -60
   710   -60
   711   -60
   712   -60
   713   -60
   714   -60
   715   -60
   716   -60
   717   -60
   718   -60
   719   -60
   720   -60
   721   -60
   722   -60
   723   -60
   724   -60
   725   -60
   726   -60
   727   -60
   728   -60
   729   -60
   730   -60
   731   -60
   732   -60
   733   -60
   734   -60
   735   -60
   736   -60
   737   -60
   738   -59
   739   -60
   740   -60
   741   -60
   742   -59
   743   -60
   744   -60
   745   -60
   746   -59
   747   -60
   748   -60
   749   -60
   750   -60
   751   -60
   752   -60
   753   -60
   754   -60
   755   -60
   756   -60
   757   -60
   758   -60
   759   -59
   760   -60
   761   -60
   762   -60
   763   -60
   764   -60
   765   -60
   766   -60
   767   -60
   768   -60
   769   -60
   770   -60
   771   -60
   772   -60
   773   -60
   774   -60
   775   -60
   776   -60
   777   -60
   778   -60
   779   -60
   780   -60
   781   -60
   782   -60
   783   -60
   784   -60
   785   -60
   786   -60
   787   -60
   788   -60
   789   -59
   790   -60
   791   -59
   792   -60
   793   -60
   794   -60
   795   -59
   796   -60
   797   -60
   798   -60
   799   -60
   800   -60
   801   -60
   802   -60
   803   -60
   804   -60
   805   -60
   806   -60
   807   -60
   808   -60
   809   -60
   810   -60
   811   -60
   812   -60
   813   -60
   814   -60
   815   -60
   816   -60
   817   -60
   818   -60
   819   -60
   820   -60
   821   -60
   822   -60
   823   -60
   824   -60
   825   -60
   826   -60
   827   -60
   828   -60
   829   -60
   830   -60
   831   -60
   832   -60
   833   -60
   834   -60
   835   -60
   836   -60
   837   -60
   838   -60
   839   -60
   840   -60
   841   -60
   842   -60
   843   -60
   844   -59
   845   -60
   846   -60
   847   -60
   848   -60
   849   -60
   850   -60
   851   -60
   852   -60
   853   -60
   854   -60
   855   -60
   856   -60
   857   -60
   858   -61
   859   -60
   860   -60
   861   -60
   862   -60
   863   -60
   864   -60
   865   -60
   866   -60
   867   -60
   868   -60
   869   -60
   870   -60
   871   -60
   872   -60
   873   -61
   874   -60
   875   -61
   876   -60
   877   -60
   878   -59
   879   -60
   880   -60
   881   -60
   882   -60
   883   -60
   884   -60
   885   -60
   886   -60
   887   -60
   888   -60
   889   -60
   890   -60
   891   -60
   892   -60
   893   -60
   894   -60
   895   -60
   896   -60
   897   -60
   898   -60
   899   -60
   900   -60
   901   -61
   902   -60
   903   -60
   904   -60
   905   -61
   906   -60
   907   -60
   908   -60
   909   -60
   910   -60
   911   -60
   912   -60
   913   -60
   914   -60
   915   -60
   916   -60
   917   -60
   918   -60
   919   -60
   920   -60
   921   -60
   922   -61
   923   -60
   924   -61
   925   -60
   926   -61
   927   -59
   928   -60
   929   -60
   930   -61
   931   -60
   932   -60
   933   -60
   934   -60
   935   -60
   936   -60
   937   -60
   938   -60
   939   -60
   940   -60
   941   -60
   942   -60
   943   -61
   944   -60
   945   -60
   946   -60
   947   -60
   948   -60
   949   -60
   950   -60
   951   -60
   952   -60
   953   -60
   954   -60
   955   -60
   956   -60
   957   -60
   958   -60
   959   -60
   960   -60
   961   -60
   962   -60
   963   -60
   964   -60
   965   -60
   966   -60
   967   -61
   968   -60
   969   -60
   970   -60
   971   -61
   972   -60
   973   -61
   974   -60
   975   -61
   976   -60
   977   -60
   978   -60
   979   -60
   980   -60
   981   -60
   982   -60
   983   -60
   984   -61
   985   -60
   986   -60
   987   -60
   988   -61
   989   -60
   990   -61
   991   -60
   992   -60
   993   -60
   994   -60
   995   -60
   996   -60
   997   -60
   998   -60
   999   -60
