   0   0
   1   -62
   2   -61
   3   -62
   4   -61
   5   -62
   6   -61
   7   -62
   8   -61
   9   -62
   10   -61
   11   -61
   12   -61
   13   -61
   14   -62
   15   -61
   16   -62
   17   -61
   18   -62
   19   -61
   20   -62
   21   -61
   22   -62
   23   -61
   24   -62
   25   -61
   26   -61
   27   -61
   28   -61
   29   -62
   30   -61
   31   -62
   32   -61
   33   -62
   34   -61
   35   -62
   36   -61
   37   -62
   38   -60
   39   -62
   40   -61
   41   -62
   42   -61
   43   -62
   44   -61
   45   -61
   46   -61
   47   -61
   48   -62
   49   -61
   50   -62
   51   -61
   52   -62
   53   -61
   54   -62
   55   -61
   56   -62
   57   -61
   58   -62
   59   -61
   60   -61
   61   -61
   62   -61
   63   -62
   64   -61
   65   -62
   66   -61
   67   -62
   68   -61
   69   -62
   70   -61
   71   -62
   72   -61
   73   -62
   74   -61
   75   -62
   76   -61
   77   -62
   78   -61
   79   -61
   80   -61
   81   -61
   82   -62
   83   -61
   84   -62
   85   -61
   86   -62
   87   -61
   88   -62
   89   -61
   90   -62
   91   -61
   92   -61
   93   -61
   94   -61
   95   -61
   96   -61
   97   -62
   98   -61
   99   -62
   100   -61
   101   -62
   102   -60
   103   -62
   104   -61
   105   -62
   106   -61
   107   -62
   108   -61
   109   -61
   110   -61
   111   -61
   112   -61
   113   -61
   114   -62
   115   -61
   116   -62
   117   -61
   118   -62
   119   -61
   120   -62
   121   -61
   122   -62
   123   -61
   124   -62
   125   -61
   126   -61
   127   -61
   128   -61
   129   -61
   130   -61
   131   -62
   132   -61
   133   -62
   134   -61
   135   -62
   136   -60
   137   -62
   138   -61
   139   -62
   140   -60
   141   -62
   142   -61
   143   -62
   144   -61
   145   -61
   146   -61
   147   -61
   148   -62
   149   -61
   150   -62
   151   -61
   152   -62
   153   -61
   154   -62
   155   -61
   156   -62
   157   -61
   158   -62
   159   -61
   160   -61
   161   -61
   162   -61
   163   -61
   164   -61
   165   -62
   166   -61
   167   -62
   168   -61
   169   -62
   170   -61
   171   -62
   172   -61
   173   -62
   174   -61
   175   -62
   176   -61
   177   -61
   178   -61
   179   -61
   180   -61
   181   -61
   182   -62
   183   -61
   184   -62
   185   -61
   186   -62
   187   -61
   188   -62
   189   -61
   190   -62
   191   -61
   192   -62
   193   -61
   194   -60
   195   -61
   196   -61
   197   -61
   198   -61
   199   -61
   200   -62
   201   -60
   202   -28
   203   29
   204   51
   205   53
   206   50
   207   49
   208   48
   209   50
   210   50
   211   53
   212   52
   213   54
   214   53
   215   55
   216   54
   217   56
   218   55
   219   56
   220   55
   221   56
   222   55
   223   57
   224   56
   225   56
   226   56
   227   56
   228   57
   229   57
   230   57
   231   56
   232   57
   233   56
   234   57
   235   56
   236   58
   237   56
   238   58
   239   57
   240   58
   241   57
   242   57
   243   56
   244   56
   245   57
   246   57
   247   57
   248   56
   249   57
   250   56
   251   57
   252   56
   253   57
   254   56
   255   56
   256   56
   257   56
   258   56
   259   56
   260   56
   261   56
   262   56
   263   56
   264   56
   265   55
   266   56
   267   55
   268   56
   269   55
   270   56
   271   55
   272   55
   273   55
   274   55
   275   55
   276   55
   277   55
   278   55
   279   55
   280   54
   281   55
   282   54
   283   55
   284   54
   285   55
   286   54
   287   55
   288   54
   289   54
   290   53
   291   54
   292   54
   293   54
   294   54
   295   53
   296   54
   297   53
   298   54
   299   52
   300   54
   301   52
   302   54
   303   52
   304   54
   305   52
   306   54
   307   52
   308   53
   309   52
   310   53
   311   53
   312   52
   313   53
   314   52
   315   52
   316   51
   317   53
   318   51
   319   52
   320   51
   321   52
   322   51
   323   52
   324   51
   325   51
   326   51
   327   51
   328   51
   329   51
   330   51
   331   50
   332   51
   333   50
   334   51
   335   50
   336   51
   337   50
   338   50
   339   50
   340   50
   341   50
   342   50
   343   50
   344   50
   345   50
   346   49
   347   50
   348   49
   349   50
   350   49
   351   50
   352   49
   353   49
   354   49
   355   49
   356   48
   357   49
   358   48
   359   48
   360   49
   361   48
   362   49
   363   48
   364   49
   365   47
   366   49
   367   47
   368   49
   369   47
   370   48
   371   47
   372   48
   373   47
   374   48
   375   47
   376   47
   377   47
   378   47
   379   47
   380   47
   381   47
   382   46
   383   47
   384   46
   385   47
   386   46
   387   47
   388   46
   389   46
   390   45
   391   45
   392   45
   393   44
   394   43
   395   42
   396   41
   397   40
   398   39
   399   36
   400   35
   401   32
   402   31
   403   27
   404   25
   405   22
   406   19
   407   15
   408   12
   409   8
   410   4
   411   1
   412   -3
   413   -6
   414   -11
   415   -14
   416   -19
   417   -20
   418   -26
   419   -28
   420   -32
   421   -34
   422   -38
   423   -39
   424   -42
   425   -44
   426   -46
   427   -49
   428   -50
   429   -52
   430   -52
   431   -55
   432   -55
   433   -57
   434   -56
   435   -58
   436   -57
   437   -59
   438   -58
   439   -60
   440   -59
   441   -60
   442   -59
   443   -60
   444   -59
   445   -60
   446   -60
   447   -60
   448   -60
   449   -60
   450   -60
   451   -60
   452   -60
   453   -60
   454   -61
   455   -60
   456   -60
   457   -60
   458   -60
   459   -60
   460   -60
   461   -61
   462   -60
   463   -61
   464   -60
   465   -60
   466   -60
   467   -61
   468   -60
   469   -61
   470   -60
   471   -60
   472   -60
   473   -60
   474   -60
   475   -60
   476   -61
   477   -60
   478   -61
   479   -60
   480   -61
   481   -60
   482   -61
   483   -60
   484   -61
   485   -60
   486   -61
   487   -60
   488   -61
   489   -60
   490   -61
   491   -60
   492   -60
   493   -61
   494   -60
   495   -61
   496   -60
   497   -61
   498   -60
   499   -61
   500   -60
   501   -61
   502   -60
   503   -61
   504   -60
   505   -61
   506   -60
   507   -61
   508   -61
   509   -61
   510   -61
   511   -60
   512   -61
   513   -60
   514   -61
   515   -60
   516   -61
   517   -60
   518   -61
   519   -61
   520   -61
   521   -60
   522   -61
   523   -61
   524   -60
   525   -61
   526   -61
   527   -61
   528   -60
   529   -61
   530   -60
   531   -61
   532   -60
   533   -62
   534   -60
   535   -61
   536   -60
   537   -61
   538   -61
   539   -61
   540   -61
   541   -61
   542   -61
   543   -60
   544   -61
   545   -60
   546   -61
   547   -60
   548   -61
   549   -60
   550   -62
   551   -60
   552   -62
   553   -60
   554   -61
   555   -60
   556   -61
   557   -61
   558   -61
   559   -61
   560   -61
   561   -61
   562   -61
   563   -62
   564   -60
   565   -61
   566   -60
   567   -61
   568   -60
   569   -61
   570   -61
   571   -61
   572   -61
   573   -61
   574   -60
   575   -61
   576   -61
   577   -61
   578   -61
   579   -60
   580   -61
   581   -61
   582   -61
   583   -60
   584   -61
   585   -60
   586   -61
   587   -61
   588   -61
   589   -61
   590   -61
   591   -61
   592   -61
   593   -61
   594   -60
   595   -61
   596   -60
   597   -61
   598   -60
   599   -62
   600   -60
   601   -62
   602   -60
   603   -61
   604   -61
   605   -61
   606   -61
   607   -61
   608   -61
   609   -61
   610   -61
   611   -61
   612   -61
   613   -60
   614   -62
   615   -61
   616   -62
   617   -60
   618   -61
   619   -60
   620   -61
   621   -60
   622   -61
   623   -61
   624   -61
   625   -61
   626   -61
   627   -61
   628   -60
   629   -61
   630   -60
   631   -61
   632   -60
   633   -61
   634   -61
   635   -61
   636   -61
   637   -61
   638   -61
   639   -61
   640   -61
   641   -61
   642   -61
   643   -61
   644   -61
   645   -60
   646   -61
   647   -61
   648   -61
   649   -60
   650   -61
   651   -61
   652   -61
   653   -61
   654   -61
   655   -61
   656   -61
   657   -61
   658   -60
   659   -61
   660   -61
   661   -62
   662   -60
   663   -62
   664   -60
   665   -62
   666   -60
   667   -62
   668   -61
   669   -61
   670   -60
   671   -61
   672   -61
   673   -61
   674   -61
   675   -61
   676   -61
   677   -60
   678   -62
   679   -61
   680   -62
   681   -60
   682   -62
   683   -60
   684   -62
   685   -60
   686   -61
   687   -61
   688   -61
   689   -61
   690   -61
   691   -61
   692   -61
   693   -61
   694   -61
   695   -61
   696   -60
   697   -61
   698   -61
   699   -62
   700   -61
   701   -61
   702   -60
   703   -61
   704   -61
   705   -61
   706   -61
   707   -61
   708   -61
   709   -61
   710   -61
   711   -61
   712   -61
   713   -60
   714   -62
   715   -60
   716   -61
   717   -60
   718   -61
   719   -61
   720   -61
   721   -61
   722   -61
   723   -61
   724   -60
   725   -62
   726   -61
   727   -62
   728   -60
   729   -62
   730   -60
   731   -62
   732   -60
   733   -62
   734   -60
   735   -61
   736   -61
   737   -61
   738   -61
   739   -61
   740   -61
   741   -61
   742   -61
   743   -60
   744   -61
   745   -60
   746   -62
   747   -61
   748   -62
   749   -60
   750   -61
   751   -61
   752   -61
   753   -61
   754   -61
   755   -61
   756   -61
   757   -61
   758   -61
   759   -61
   760   -61
   761   -62
   762   -60
   763   -61
   764   -61
   765   -61
   766   -61
   767   -61
   768   -61
   769   -61
   770   -61
   771   -61
   772   -61
   773   -61
   774   -61
   775   -60
   776   -61
   777   -60
   778   -62
   779   -60
   780   -62
   781   -60
   782   -61
   783   -61
   784   -61
   785   -61
   786   -61
   787   -61
   788   -61
   789   -61
   790   -61
   791   -61
   792   -61
   793   -62
   794   -60
   795   -62
   796   -60
   797   -62
   798   -60
   799   -62
   800   -61
   801   -62
   802   -61
   803   -61
   804   -61
   805   -61
   806   -61
   807   -61
   808   -61
   809   -61
   810   -61
   811   -60
   812   -61
   813   -61
   814   -62
   815   -60
   816   -61
   817   -61
   818   -61
   819   -61
   820   -61
   821   -61
   822   -61
   823   -61
   824   -61
   825   -61
   826   -60
   827   -61
   828   -60
   829   -62
   830   -61
   831   -62
   832   -60
   833   -61
   834   -61
   835   -61
   836   -61
   837   -61
   838   -61
   839   -61
   840   -61
   841   -60
   842   -62
   843   -60
   844   -62
   845   -60
   846   -62
   847   -60
   848   -62
   849   -60
   850   -61
   851   -61
   852   -61
   853   -61
   854   -61
   855   -61
   856   -61
   857   -62
   858   -61
   859   -61
   860   -60
   861   -62
   862   -60
   863   -62
   864   -61
   865   -61
   866   -61
   867   -61
   868   -61
   869   -61
   870   -61
   871   -61
   872   -61
   873   -61
   874   -62
   875   -61
   876   -61
   877   -61
   878   -62
   879   -60
   880   -61
   881   -60
   882   -61
   883   -60
   884   -61
   885   -61
   886   -61
   887   -61
   888   -61
   889   -61
   890   -61
   891   -62
   892   -60
   893   -61
   894   -60
   895   -62
   896   -60
   897   -62
   898   -61
   899   -61
   900   -61
   901   -61
   902   -61
   903   -61
   904   -61
   905   -61
   906   -61
   907   -60
   908   -61
   909   -60
   910   -62
   911   -60
   912   -62
   913   -60
   914   -62
   915   -61
   916   -61
   917   -60
   918   -61
   919   -61
   920   -61
   921   -61
   922   -61
   923   -61
   924   -60
   925   -62
   926   -60
   927   -62
   928   -61
   929   -62
   930   -60
   931   -61
   932   -60
   933   -61
   934   -61
   935   -61
   936   -61
   937   -61
   938   -61
   939   -60
   940   -61
   941   -61
   942   -62
   943   -60
   944   -62
   945   -60
   946   -62
   947   -60
   948   -62
   949   -61
   950   -61
   951   -61
   952   -61
   953   -61
   954   -61
   955   -61
   956   -60
   957   -62
   958   -60
   959   -62
   960   -60
   961   -62
   962   -60
   963   -62
   964   -61
   965   -61
   966   -61
   967   -61
   968   -61
   969   -61
   970   -61
   971   -61
   972   -61
   973   -60
   974   -62
   975   -60
   976   -62
   977   -60
   978   -62
   979   -61
   980   -61
   981   -61
   982   -61
   983   -61
   984   -61
   985   -61
   986   -61
   987   -61
   988   -61
   989   -61
   990   -61
   991   -62
   992   -60
   993   -62
   994   -60
   995   -62
   996   -61
   997   -61
   998   -61
   999   -61
