   0   0
   1   -62
   2   -61
   3   -61
   4   -61
   5   -61
   6   -61
   7   -61
   8   -61
   9   -61
   10   -61
   11   -60
   12   -62
   13   -61
   14   -62
   15   -60
   16   -62
   17   -60
   18   -62
   19   -61
   20   -61
   21   -61
   22   -61
   23   -61
   24   -61
   25   -61
   26   -61
   27   -61
   28   -61
   29   -61
   30   -61
   31   -61
   32   -61
   33   -62
   34   -61
   35   -61
   36   -61
   37   -61
   38   -61
   39   -61
   40   -61
   41   -61
   42   -61
   43   -61
   44   -61
   45   -60
   46   -61
   47   -60
   48   -62
   49   -61
   50   -62
   51   -61
   52   -61
   53   -61
   54   -61
   55   -61
   56   -61
   57   -61
   58   -61
   59   -61
   60   -61
   61   -62
   62   -60
   63   -61
   64   -61
   65   -62
   66   -60
   67   -62
   68   -61
   69   -61
   70   -61
   71   -61
   72   -61
   73   -61
   74   -62
   75   -61
   76   -62
   77   -61
   78   -62
   79   -60
   80   -62
   81   -60
   82   -62
   83   -60
   84   -62
   85   -60
   86   -61
   87   -61
   88   -61
   89   -61
   90   -61
   91   -61
   92   -61
   93   -61
   94   -60
   95   -62
   96   -61
   97   -62
   98   -60
   99   -61
   100   -60
   101   -61
   102   -61
   103   -61
   104   -61
   105   -61
   106   -61
   107   -61
   108   -61
   109   -61
   110   -61
   111   -61
   112   -62
   113   -61
   114   -62
   115   -60
   116   -62
   117   -61
   118   -61
   119   -60
   120   -61
   121   -61
   122   -61
   123   -61
   124   -61
   125   -61
   126   -61
   127   -61
   128   -60
   129   -62
   130   -61
   131   -61
   132   -61
   133   -61
   134   -61
   135   -62
   136   -61
   137   -61
   138   -61
   139   -61
   140   -61
   141   -61
   142   -61
   143   -61
   144   -62
   145   -61
   146   -62
   147   -61
   148   -61
   149   -60
   150   -61
   151   -61
   152   -61
   153   -61
   154   -61
   155   -61
   156   -61
   157   -61
   158   -61
   159   -61
   160   -61
   161   -61
   162   -61
   163   -61
   164   -61
   165   -61
   166   -61
   167   -61
   168   -61
   169   -61
   170   -61
   171   -61
   172   -61
   173   -61
   174   -61
   175   -61
   176   -62
   177   -61
   178   -62
   179   -61
   180   -61
   181   -61
   182   -61
   183   -61
   184   -61
   185   -61
   186   -61
   187   -61
   188   -61
   189   -61
   190   -61
   191   -61
   192   -61
   193   -62
   194   -60
   195   -61
   196   -60
   197   -61
   198   -60
   199   -61
   200   -61
   201   -60
   202   -29
   203   31
   204   56
   205   56
   206   48
   207   43
   208   41
   209   43
   210   42
   211   44
   212   42
   213   43
   214   42
   215   43
   216   42
   217   43
   218   42
   219   42
   220   42
   221   42
   222   43
   223   43
   224   43
   225   42
   226   42
   227   42
   228   43
   229   42
   230   42
   231   42
   232   42
   233   41
   234   42
   235   42
   236   42
   237   42
   238   42
   239   42
   240   42
   241   42
   242   41
   243   42
   244   41
   245   42
   246   42
   247   43
   248   42
   249   42
   250   42
   251   42
   252   42
   253   42
   254   42
   255   41
   256   42
   257   42
   258   42
   259   41
   260   42
   261   41
   262   42
   263   42
   264   42
   265   41
   266   42
   267   41
   268   42
   269   42
   270   42
   271   42
   272   41
   273   42
   274   41
   275   42
   276   41
   277   42
   278   41
   279   42
   280   41
   281   42
   282   41
   283   41
   284   41
   285   41
   286   41
   287   41
   288   42
   289   41
   290   41
   291   40
   292   42
   293   41
   294   41
   295   41
   296   41
   297   41
   298   41
   299   41
   300   41
   301   41
   302   41
   303   41
   304   41
   305   41
   306   41
   307   41
   308   41
   309   42
   310   41
   311   41
   312   41
   313   41
   314   40
   315   41
   316   41
   317   41
   318   41
   319   41
   320   41
   321   41
   322   41
   323   41
   324   41
   325   40
   326   41
   327   40
   328   41
   329   40
   330   41
   331   40
   332   41
   333   40
   334   40
   335   40
   336   40
   337   40
   338   40
   339   40
   340   40
   341   41
   342   40
   343   41
   344   40
   345   40
   346   40
   347   40
   348   40
   349   40
   350   40
   351   40
   352   40
   353   40
   354   40
   355   39
   356   40
   357   39
   358   40
   359   39
   360   40
   361   39
   362   40
   363   39
   364   40
   365   39
   366   39
   367   39
   368   39
   369   40
   370   39
   371   40
   372   39
   373   39
   374   38
   375   39
   376   39
   377   39
   378   39
   379   40
   380   38
   381   39
   382   38
   383   39
   384   39
   385   39
   386   39
   387   39
   388   39
   389   38
   390   39
   391   38
   392   39
   393   38
   394   38
   395   38
   396   39
   397   38
   398   38
   399   37
   400   37
   401   36
   402   36
   403   36
   404   35
   405   34
   406   33
   407   32
   408   30
   409   29
   410   27
   411   25
   412   22
   413   19
   414   16
   415   13
   416   9
   417   6
   418   1
   419   -3
   420   -7
   421   -12
   422   -15
   423   -20
   424   -23
   425   -28
   426   -31
   427   -35
   428   -37
   429   -41
   430   -43
   431   -46
   432   -47
   433   -50
   434   -51
   435   -53
   436   -54
   437   -55
   438   -56
   439   -56
   440   -58
   441   -57
   442   -58
   443   -58
   444   -59
   445   -59
   446   -59
   447   -59
   448   -59
   449   -59
   450   -59
   451   -59
   452   -60
   453   -60
   454   -59
   455   -60
   456   -59
   457   -60
   458   -59
   459   -60
   460   -59
   461   -60
   462   -60
   463   -60
   464   -60
   465   -60
   466   -60
   467   -60
   468   -60
   469   -60
   470   -60
   471   -60
   472   -60
   473   -60
   474   -60
   475   -60
   476   -60
   477   -60
   478   -60
   479   -60
   480   -60
   481   -60
   482   -60
   483   -60
   484   -60
   485   -60
   486   -60
   487   -60
   488   -60
   489   -60
   490   -60
   491   -61
   492   -60
   493   -60
   494   -60
   495   -60
   496   -60
   497   -60
   498   -60
   499   -60
   500   -60
   501   -60
   502   -60
   503   -60
   504   -60
   505   -60
   506   -60
   507   -60
   508   -60
   509   -60
   510   -61
   511   -60
   512   -61
   513   -60
   514   -60
   515   -60
   516   -60
   517   -60
   518   -60
   519   -60
   520   -60
   521   -61
   522   -60
   523   -61
   524   -60
   525   -61
   526   -60
   527   -61
   528   -60
   529   -61
   530   -60
   531   -61
   532   -60
   533   -60
   534   -60
   535   -60
   536   -61
   537   -60
   538   -61
   539   -60
   540   -61
   541   -60
   542   -61
   543   -60
   544   -61
   545   -60
   546   -61
   547   -60
   548   -60
   549   -60
   550   -61
   551   -61
   552   -60
   553   -60
   554   -60
   555   -61
   556   -60
   557   -61
   558   -60
   559   -61
   560   -60
   561   -61
   562   -61
   563   -61
   564   -60
   565   -60
   566   -60
   567   -60
   568   -61
   569   -60
   570   -61
   571   -60
   572   -61
   573   -60
   574   -61
   575   -60
   576   -61
   577   -60
   578   -61
   579   -60
   580   -61
   581   -61
   582   -60
   583   -60
   584   -60
   585   -61
   586   -60
   587   -61
   588   -60
   589   -61
   590   -60
   591   -61
   592   -60
   593   -61
   594   -60
   595   -61
   596   -61
   597   -61
   598   -61
   599   -61
   600   -61
   601   -60
   602   -61
   603   -61
   604   -61
   605   -60
   606   -61
   607   -60
   608   -61
   609   -61
   610   -61
   611   -60
   612   -61
   613   -60
   614   -60
   615   -60
   616   -61
   617   -61
   618   -61
   619   -61
   620   -60
   621   -61
   622   -60
   623   -61
   624   -60
   625   -61
   626   -60
   627   -61
   628   -60
   629   -61
   630   -61
   631   -61
   632   -60
   633   -60
   634   -61
   635   -60
   636   -61
   637   -60
   638   -61
   639   -60
   640   -61
   641   -60
   642   -61
   643   -60
   644   -61
   645   -60
   646   -61
   647   -60
   648   -61
   649   -61
   650   -61
   651   -61
   652   -60
   653   -61
   654   -60
   655   -61
   656   -60
   657   -61
   658   -60
   659   -61
   660   -60
   661   -61
   662   -61
   663   -61
   664   -60
   665   -61
   666   -61
   667   -61
   668   -60
   669   -60
   670   -61
   671   -61
   672   -61
   673   -60
   674   -61
   675   -60
   676   -61
   677   -60
   678   -61
   679   -61
   680   -61
   681   -60
   682   -61
   683   -61
   684   -61
   685   -61
   686   -60
   687   -61
   688   -60
   689   -61
   690   -60
   691   -61
   692   -60
   693   -61
   694   -61
   695   -61
   696   -61
   697   -61
   698   -61
   699   -61
   700   -61
   701   -60
   702   -61
   703   -60
   704   -61
   705   -60
   706   -61
   707   -60
   708   -61
   709   -60
   710   -61
   711   -60
   712   -61
   713   -61
   714   -61
   715   -61
   716   -61
   717   -61
   718   -61
   719   -61
   720   -61
   721   -61
   722   -60
   723   -61
   724   -60
   725   -61
   726   -61
   727   -61
   728   -61
   729   -61
   730   -61
   731   -61
   732   -61
   733   -60
   734   -61
   735   -60
   736   -61
   737   -60
   738   -61
   739   -60
   740   -61
   741   -61
   742   -61
   743   -61
   744   -61
   745   -61
   746   -61
   747   -61
   748   -60
   749   -61
   750   -60
   751   -61
   752   -61
   753   -61
   754   -60
   755   -61
   756   -60
   757   -61
   758   -60
   759   -61
   760   -61
   761   -61
   762   -61
   763   -61
   764   -61
   765   -61
   766   -61
   767   -60
   768   -61
   769   -60
   770   -61
   771   -60
   772   -61
   773   -61
   774   -61
   775   -61
   776   -61
   777   -61
   778   -61
   779   -60
   780   -61
   781   -61
   782   -60
   783   -61
   784   -61
   785   -61
   786   -61
   787   -61
   788   -60
   789   -61
   790   -60
   791   -61
   792   -60
   793   -61
   794   -61
   795   -61
   796   -61
   797   -60
   798   -61
   799   -60
   800   -61
   801   -60
   802   -61
   803   -61
   804   -61
   805   -60
   806   -61
   807   -61
   808   -61
   809   -61
   810   -60
   811   -60
   812   -61
   813   -61
   814   -60
   815   -61
   816   -61
   817   -61
   818   -60
   819   -61
   820   -60
   821   -61
   822   -60
   823   -61
   824   -60
   825   -60
   826   -61
   827   -61
   828   -61
   829   -61
   830   -61
   831   -60
   832   -61
   833   -60
   834   -61
   835   -61
   836   -61
   837   -61
   838   -61
   839   -60
   840   -61
   841   -60
   842   -61
   843   -61
   844   -61
   845   -61
   846   -60
   847   -61
   848   -60
   849   -61
   850   -60
   851   -61
   852   -60
   853   -61
   854   -60
   855   -61
   856   -61
   857   -61
   858   -61
   859   -61
   860   -61
   861   -61
   862   -61
   863   -60
   864   -61
   865   -61
   866   -61
   867   -60
   868   -61
   869   -60
   870   -61
   871   -61
   872   -61
   873   -61
   874   -61
   875   -61
   876   -61
   877   -61
   878   -61
   879   -61
   880   -60
   881   -61
   882   -60
   883   -61
   884   -60
   885   -61
   886   -60
   887   -61
   888   -60
   889   -61
   890   -61
   891   -61
   892   -61
   893   -61
   894   -61
   895   -61
   896   -61
   897   -61
   898   -61
   899   -60
   900   -61
   901   -61
   902   -61
   903   -60
   904   -61
   905   -60
   906   -61
   907   -61
   908   -61
   909   -61
   910   -61
   911   -61
   912   -61
   913   -61
   914   -60
   915   -61
   916   -60
   917   -61
   918   -60
   919   -61
   920   -60
   921   -61
   922   -61
   923   -61
   924   -60
   925   -61
   926   -61
   927   -61
   928   -61
   929   -61
   930   -61
   931   -60
   932   -61
   933   -61
   934   -61
   935   -61
   936   -61
   937   -60
   938   -61
   939   -61
   940   -61
   941   -61
   942   -61
   943   -61
   944   -61
   945   -61
   946   -60
   947   -61
   948   -61
   949   -61
   950   -60
   951   -61
   952   -60
   953   -61
   954   -61
   955   -61
   956   -61
   957   -61
   958   -60
   959   -61
   960   -61
   961   -61
   962   -61
   963   -61
   964   -61
   965   -61
   966   -61
   967   -61
   968   -61
   969   -61
   970   -61
   971   -61
   972   -61
   973   -61
   974   -61
   975   -61
   976   -61
   977   -61
   978   -61
   979   -61
   980   -60
   981   -61
   982   -61
   983   -61
   984   -61
   985   -61
   986   -61
   987   -61
   988   -61
   989   -61
   990   -61
   991   -60
   992   -61
   993   -61
   994   -61
   995   -61
   996   -61
   997   -61
   998   -61
   999   -60
