   0   0
   1   -60
   2   -62
   3   -60
   4   -62
   5   -61
   6   -62
   7   -61
   8   -61
   9   -61
   10   -61
   11   -62
   12   -61
   13   -62
   14   -60
   15   -62
   16   -60
   17   -63
   18   -60
   19   -62
   20   -60
   21   -62
   22   -61
   23   -62
   24   -61
   25   -61
   26   -61
   27   -61
   28   -62
   29   -61
   30   -62
   31   -60
   32   -62
   33   -60
   34   -62
   35   -61
   36   -63
   37   -60
   38   -62
   39   -60
   40   -61
   41   -61
   42   -61
   43   -62
   44   -61
   45   -62
   46   -60
   47   -62
   48   -60
   49   -62
   50   -60
   51   -63
   52   -60
   53   -62
   54   -60
   55   -62
   56   -61
   57   -62
   58   -61
   59   -61
   60   -62
   61   -61
   62   -62
   63   -61
   64   -62
   65   -60
   66   -62
   67   -60
   68   -62
   69   -60
   70   -62
   71   -61
   72   -62
   73   -61
   74   -61
   75   -61
   76   -61
   77   -62
   78   -61
   79   -62
   80   -61
   81   -62
   82   -60
   83   -62
   84   -60
   85   -62
   86   -61
   87   -62
   88   -61
   89   -62
   90   -61
   91   -61
   92   -61
   93   -61
   94   -62
   95   -61
   96   -62
   97   -60
   98   -62
   99   -60
   100   -62
   101   -60
   102   -62
   103   -60
   104   -62
   105   -61
   106   -62
   107   -61
   108   -61
   109   -61
   110   -61
   111   -62
   112   -61
   113   -62
   114   -60
   115   -62
   116   -60
   117   -62
   118   -60
   119   -62
   120   -61
   121   -62
   122   -61
   123   -61
   124   -61
   125   -61
   126   -62
   127   -61
   128   -62
   129   -61
   130   -62
   131   -60
   132   -62
   133   -61
   134   -62
   135   -60
   136   -62
   137   -61
   138   -62
   139   -61
   140   -61
   141   -62
   142   -61
   143   -62
   144   -60
   145   -62
   146   -60
   147   -62
   148   -60
   149   -62
   150   -60
   151   -62
   152   -60
   153   -62
   154   -61
   155   -61
   156   -61
   157   -61
   158   -61
   159   -61
   160   -62
   161   -61
   162   -62
   163   -60
   164   -62
   165   -60
   166   -62
   167   -60
   168   -62
   169   -61
   170   -62
   171   -61
   172   -61
   173   -61
   174   -61
   175   -62
   176   -61
   177   -62
   178   -60
   179   -62
   180   -60
   181   -62
   182   -60
   183   -62
   184   -60
   185   -62
   186   -61
   187   -62
   188   -61
   189   -61
   190   -62
   191   -61
   192   -62
   193   -61
   194   -62
   195   -60
   196   -62
   197   -60
   198   -62
   199   -60
   200   -63
   201   -59
   202   -36
   203   16
   204   39
   205   44
   206   42
   207   40
   208   39
   209   39
   210   42
   211   41
   212   43
   213   41
   214   43
   215   42
   216   44
   217   42
   218   44
   219   43
   220   44
   221   43
   222   44
   223   44
   224   43
   225   44
   226   43
   227   45
   228   43
   229   45
   230   42
   231   45
   232   43
   233   45
   234   43
   235   45
   236   43
   237   44
   238   44
   239   44
   240   44
   241   44
   242   44
   243   42
   244   44
   245   43
   246   45
   247   42
   248   44
   249   42
   250   44
   251   43
   252   44
   253   43
   254   43
   255   43
   256   42
   257   44
   258   42
   259   44
   260   42
   261   44
   262   42
   263   44
   264   42
   265   43
   266   41
   267   43
   268   42
   269   43
   270   42
   271   42
   272   42
   273   41
   274   43
   275   41
   276   43
   277   41
   278   43
   279   40
   280   43
   281   41
   282   43
   283   41
   284   42
   285   41
   286   41
   287   41
   288   41
   289   41
   290   40
   291   42
   292   40
   293   42
   294   40
   295   42
   296   39
   297   42
   298   40
   299   41
   300   39
   301   40
   302   40
   303   41
   304   40
   305   40
   306   41
   307   39
   308   41
   309   39
   310   41
   311   39
   312   41
   313   39
   314   40
   315   38
   316   40
   317   39
   318   40
   319   39
   320   39
   321   39
   322   38
   323   40
   324   38
   325   40
   326   38
   327   40
   328   37
   329   39
   330   37
   331   39
   332   37
   333   39
   334   38
   335   38
   336   38
   337   38
   338   38
   339   37
   340   38
   341   37
   342   38
   343   36
   344   38
   345   36
   346   38
   347   36
   348   38
   349   36
   350   37
   351   36
   352   37
   353   37
   354   37
   355   37
   356   36
   357   37
   358   35
   359   37
   360   35
   361   37
   362   35
   363   37
   364   35
   365   37
   366   35
   367   36
   368   35
   369   35
   370   36
   371   35
   372   36
   373   35
   374   36
   375   34
   376   36
   377   34
   378   36
   379   34
   380   35
   381   34
   382   35
   383   34
   384   34
   385   34
   386   32
   387   32
   388   30
   389   31
   390   28
   391   28
   392   24
   393   24
   394   19
   395   18
   396   14
   397   12
   398   7
   399   4
   400   -1
   401   -4
   402   -8
   403   -13
   404   -16
   405   -22
   406   -24
   407   -30
   408   -31
   409   -37
   410   -38
   411   -43
   412   -43
   413   -48
   414   -48
   415   -52
   416   -52
   417   -54
   418   -55
   419   -56
   420   -57
   421   -57
   422   -59
   423   -58
   424   -60
   425   -58
   426   -60
   427   -58
   428   -61
   429   -59
   430   -61
   431   -60
   432   -61
   433   -60
   434   -60
   435   -60
   436   -60
   437   -61
   438   -60
   439   -61
   440   -59
   441   -61
   442   -59
   443   -61
   444   -59
   445   -61
   446   -60
   447   -61
   448   -60
   449   -60
   450   -60
   451   -60
   452   -61
   453   -60
   454   -61
   455   -59
   456   -61
   457   -59
   458   -62
   459   -59
   460   -62
   461   -59
   462   -62
   463   -60
   464   -61
   465   -60
   466   -61
   467   -61
   468   -60
   469   -61
   470   -60
   471   -61
   472   -60
   473   -61
   474   -59
   475   -61
   476   -59
   477   -62
   478   -60
   479   -61
   480   -60
   481   -61
   482   -60
   483   -61
   484   -61
   485   -61
   486   -61
   487   -60
   488   -61
   489   -60
   490   -61
   491   -60
   492   -62
   493   -60
   494   -61
   495   -60
   496   -61
   497   -60
   498   -61
   499   -61
   500   -61
   501   -61
   502   -60
   503   -61
   504   -60
   505   -62
   506   -60
   507   -62
   508   -60
   509   -62
   510   -60
   511   -62
   512   -60
   513   -61
   514   -61
   515   -61
   516   -61
   517   -61
   518   -61
   519   -60
   520   -62
   521   -60
   522   -62
   523   -59
   524   -62
   525   -60
   526   -62
   527   -60
   528   -62
   529   -60
   530   -61
   531   -61
   532   -61
   533   -61
   534   -61
   535   -61
   536   -60
   537   -62
   538   -60
   539   -62
   540   -60
   541   -62
   542   -60
   543   -62
   544   -60
   545   -62
   546   -60
   547   -61
   548   -61
   549   -61
   550   -61
   551   -61
   552   -61
   553   -61
   554   -61
   555   -60
   556   -62
   557   -60
   558   -62
   559   -60
   560   -62
   561   -61
   562   -61
   563   -61
   564   -61
   565   -61
   566   -61
   567   -61
   568   -60
   569   -62
   570   -60
   571   -62
   572   -60
   573   -62
   574   -60
   575   -62
   576   -60
   577   -61
   578   -60
   579   -61
   580   -61
   581   -61
   582   -61
   583   -61
   584   -61
   585   -60
   586   -62
   587   -60
   588   -62
   589   -60
   590   -62
   591   -60
   592   -62
   593   -60
   594   -62
   595   -60
   596   -61
   597   -61
   598   -61
   599   -61
   600   -61
   601   -61
   602   -61
   603   -61
   604   -60
   605   -62
   606   -60
   607   -62
   608   -60
   609   -62
   610   -61
   611   -61
   612   -61
   613   -61
   614   -61
   615   -61
   616   -61
   617   -61
   618   -61
   619   -60
   620   -61
   621   -60
   622   -61
   623   -60
   624   -62
   625   -61
   626   -61
   627   -61
   628   -61
   629   -61
   630   -61
   631   -61
   632   -60
   633   -61
   634   -60
   635   -62
   636   -60
   637   -62
   638   -60
   639   -62
   640   -60
   641   -62
   642   -60
   643   -62
   644   -61
   645   -61
   646   -61
   647   -61
   648   -61
   649   -60
   650   -61
   651   -60
   652   -62
   653   -60
   654   -62
   655   -60
   656   -62
   657   -61
   658   -62
   659   -60
   660   -62
   661   -61
   662   -61
   663   -61
   664   -61
   665   -61
   666   -61
   667   -62
   668   -60
   669   -62
   670   -60
   671   -62
   672   -60
   673   -61
   674   -60
   675   -62
   676   -61
   677   -61
   678   -61
   679   -61
   680   -61
   681   -61
   682   -62
   683   -61
   684   -62
   685   -60
   686   -62
   687   -60
   688   -62
   689   -60
   690   -62
   691   -60
   692   -62
   693   -61
   694   -61
   695   -61
   696   -61
   697   -61
   698   -61
   699   -61
   700   -60
   701   -62
   702   -60
   703   -62
   704   -60
   705   -62
   706   -60
   707   -62
   708   -60
   709   -62
   710   -60
   711   -61
   712   -61
   713   -61
   714   -61
   715   -61
   716   -62
   717   -60
   718   -62
   719   -60
   720   -62
   721   -60
   722   -62
   723   -60
   724   -62
   725   -60
   726   -61
   727   -61
   728   -61
   729   -61
   730   -61
   731   -61
   732   -61
   733   -61
   734   -60
   735   -62
   736   -60
   737   -62
   738   -60
   739   -61
   740   -60
   741   -62
   742   -61
   743   -61
   744   -61
   745   -61
   746   -61
   747   -61
   748   -62
   749   -60
   750   -62
   751   -60
   752   -62
   753   -60
   754   -62
   755   -60
   756   -62
   757   -61
   758   -62
   759   -61
   760   -61
   761   -61
   762   -61
   763   -61
   764   -61
   765   -62
   766   -60
   767   -62
   768   -60
   769   -62
   770   -60
   771   -62
   772   -60
   773   -62
   774   -60
   775   -62
   776   -61
   777   -61
   778   -61
   779   -61
   780   -61
   781   -61
   782   -62
   783   -60
   784   -62
   785   -60
   786   -62
   787   -60
   788   -62
   789   -60
   790   -62
   791   -61
   792   -61
   793   -60
   794   -61
   795   -61
   796   -61
   797   -62
   798   -61
   799   -61
   800   -60
   801   -62
   802   -60
   803   -61
   804   -60
   805   -62
   806   -60
   807   -61
   808   -61
   809   -61
   810   -61
   811   -61
   812   -61
   813   -60
   814   -61
   815   -60
   816   -62
   817   -60
   818   -62
   819   -60
   820   -62
   821   -60
   822   -62
   823   -61
   824   -61
   825   -61
   826   -61
   827   -61
   828   -61
   829   -61
   830   -61
   831   -62
   832   -61
   833   -62
   834   -60
   835   -62
   836   -60
   837   -62
   838   -60
   839   -61
   840   -60
   841   -62
   842   -61
   843   -61
   844   -61
   845   -61
   846   -61
   847   -60
   848   -62
   849   -61
   850   -62
   851   -60
   852   -62
   853   -60
   854   -62
   855   -61
   856   -61
   857   -61
   858   -61
   859   -61
   860   -61
   861   -61
   862   -61
   863   -61
   864   -61
   865   -62
   866   -61
   867   -62
   868   -60
   869   -61
   870   -61
   871   -61
   872   -61
   873   -61
   874   -61
   875   -61
   876   -61
   877   -61
   878   -61
   879   -61
   880   -62
   881   -60
   882   -62
   883   -60
   884   -62
   885   -61
   886   -62
   887   -60
   888   -61
   889   -61
   890   -61
   891   -61
   892   -61
   893   -61
   894   -61
   895   -62
   896   -61
   897   -62
   898   -60
   899   -62
   900   -60
   901   -62
   902   -60
   903   -62
   904   -61
   905   -61
   906   -61
   907   -61
   908   -61
   909   -61
   910   -61
   911   -61
   912   -61
   913   -61
   914   -62
   915   -60
   916   -62
   917   -60
   918   -62
   919   -60
   920   -62
   921   -60
   922   -62
   923   -61
   924   -61
   925   -61
   926   -61
   927   -61
   928   -61
   929   -62
   930   -61
   931   -62
   932   -61
   933   -62
   934   -60
   935   -62
   936   -60
   937   -61
   938   -61
   939   -61
   940   -61
   941   -61
   942   -61
   943   -61
   944   -62
   945   -61
   946   -62
   947   -60
   948   -62
   949   -60
   950   -62
   951   -60
   952   -62
   953   -60
   954   -62
   955   -61
   956   -61
   957   -61
   958   -61
   959   -61
   960   -60
   961   -61
   962   -61
   963   -62
   964   -60
   965   -62
   966   -60
   967   -62
   968   -60
   969   -62
   970   -60
   971   -62
   972   -61
   973   -61
   974   -61
   975   -61
   976   -61
   977   -61
   978   -61
   979   -61
   980   -62
   981   -60
   982   -61
   983   -61
   984   -62
   985   -60
   986   -61
   987   -61
   988   -61
   989   -61
   990   -61
   991   -61
   992   -61
   993   -61
   994   -61
   995   -61
   996   -61
   997   -61
   998   -61
   999   -61
