   0   0
   1   -61
   2   -61
   3   -61
   4   -61
   5   -61
   6   -61
   7   -62
   8   -61
   9   -61
   10   -61
   11   -61
   12   -61
   13   -61
   14   -61
   15   -61
   16   -61
   17   -61
   18   -61
   19   -61
   20   -61
   21   -61
   22   -61
   23   -61
   24   -61
   25   -61
   26   -62
   27   -61
   28   -61
   29   -61
   30   -61
   31   -61
   32   -61
   33   -61
   34   -61
   35   -61
   36   -61
   37   -61
   38   -61
   39   -61
   40   -61
   41   -61
   42   -61
   43   -61
   44   -61
   45   -61
   46   -61
   47   -61
   48   -61
   49   -61
   50   -61
   51   -61
   52   -61
   53   -61
   54   -61
   55   -61
   56   -61
   57   -61
   58   -62
   59   -61
   60   -61
   61   -61
   62   -61
   63   -61
   64   -61
   65   -61
   66   -61
   67   -61
   68   -60
   69   -62
   70   -61
   71   -62
   72   -61
   73   -61
   74   -61
   75   -62
   76   -61
   77   -61
   78   -61
   79   -61
   80   -61
   81   -61
   82   -61
   83   -61
   84   -61
   85   -61
   86   -62
   87   -61
   88   -61
   89   -61
   90   -62
   91   -61
   92   -62
   93   -61
   94   -61
   95   -61
   96   -61
   97   -61
   98   -61
   99   -61
   100   -61
   101   -61
   102   -61
   103   -61
   104   -61
   105   -61
   106   -61
   107   -61
   108   -61
   109   -61
   110   -61
   111   -61
   112   -61
   113   -61
   114   -61
   115   -61
   116   -61
   117   -61
   118   -61
   119   -61
   120   -62
   121   -61
   122   -61
   123   -61
   124   -61
   125   -61
   126   -61
   127   -61
   128   -61
   129   -61
   130   -61
   131   -61
   132   -61
   133   -61
   134   -61
   135   -62
   136   -61
   137   -61
   138   -61
   139   -62
   140   -61
   141   -61
   142   -61
   143   -61
   144   -61
   145   -61
   146   -61
   147   -61
   148   -61
   149   -61
   150   -61
   151   -61
   152   -61
   153   -61
   154   -61
   155   -61
   156   -61
   157   -61
   158   -61
   159   -61
   160   -61
   161   -61
   162   -61
   163   -61
   164   -61
   165   -61
   166   -61
   167   -61
   168   -61
   169   -61
   170   -61
   171   -61
   172   -61
   173   -61
   174   -61
   175   -61
   176   -61
   177   -61
   178   -61
   179   -61
   180   -62
   181   -61
   182   -61
   183   -61
   184   -61
   185   -61
   186   -62
   187   -61
   188   -61
   189   -61
   190   -61
   191   -61
   192   -61
   193   -62
   194   -60
   195   -61
   196   -60
   197   -61
   198   -61
   199   -61
   200   -61
   201   -60
   202   -30
   203   29
   204   58
   205   61
   206   56
   207   51
   208   49
   209   49
   210   50
   211   51
   212   50
   213   50
   214   49
   215   50
   216   50
   217   51
   218   50
   219   50
   220   49
   221   49
   222   49
   223   50
   224   50
   225   49
   226   49
   227   49
   228   50
   229   49
   230   50
   231   49
   232   49
   233   49
   234   50
   235   49
   236   49
   237   49
   238   49
   239   49
   240   49
   241   49
   242   49
   243   49
   244   48
   245   49
   246   49
   247   50
   248   48
   249   49
   250   48
   251   49
   252   49
   253   49
   254   48
   255   48
   256   48
   257   49
   258   49
   259   48
   260   49
   261   48
   262   49
   263   48
   264   49
   265   48
   266   49
   267   48
   268   48
   269   48
   270   49
   271   48
   272   48
   273   48
   274   48
   275   48
   276   48
   277   48
   278   47
   279   48
   280   48
   281   48
   282   47
   283   48
   284   47
   285   48
   286   47
   287   48
   288   48
   289   48
   290   47
   291   47
   292   47
   293   47
   294   47
   295   47
   296   48
   297   47
   298   47
   299   47
   300   47
   301   47
   302   47
   303   47
   304   47
   305   48
   306   47
   307   47
   308   47
   309   47
   310   47
   311   47
   312   46
   313   47
   314   46
   315   47
   316   46
   317   47
   318   46
   319   47
   320   46
   321   47
   322   46
   323   46
   324   46
   325   46
   326   46
   327   46
   328   47
   329   46
   330   46
   331   45
   332   46
   333   45
   334   46
   335   46
   336   46
   337   45
   338   46
   339   45
   340   46
   341   46
   342   45
   343   46
   344   45
   345   46
   346   45
   347   46
   348   45
   349   45
   350   45
   351   45
   352   45
   353   45
   354   45
   355   45
   356   45
   357   45
   358   45
   359   45
   360   45
   361   44
   362   45
   363   44
   364   45
   365   44
   366   44
   367   44
   368   44
   369   44
   370   44
   371   44
   372   44
   373   44
   374   43
   375   44
   376   44
   377   44
   378   43
   379   44
   380   43
   381   44
   382   43
   383   44
   384   43
   385   44
   386   43
   387   43
   388   43
   389   42
   390   43
   391   42
   392   42
   393   41
   394   41
   395   39
   396   39
   397   37
   398   36
   399   33
   400   31
   401   27
   402   24
   403   20
   404   15
   405   10
   406   4
   407   -1
   408   -7
   409   -12
   410   -19
   411   -23
   412   -29
   413   -33
   414   -38
   415   -41
   416   -45
   417   -48
   418   -50
   419   -52
   420   -53
   421   -55
   422   -56
   423   -57
   424   -57
   425   -58
   426   -58
   427   -59
   428   -58
   429   -60
   430   -59
   431   -60
   432   -59
   433   -60
   434   -60
   435   -60
   436   -60
   437   -59
   438   -60
   439   -59
   440   -60
   441   -59
   442   -60
   443   -60
   444   -61
   445   -59
   446   -60
   447   -59
   448   -60
   449   -60
   450   -60
   451   -60
   452   -60
   453   -60
   454   -60
   455   -60
   456   -60
   457   -60
   458   -60
   459   -60
   460   -60
   461   -60
   462   -60
   463   -61
   464   -60
   465   -60
   466   -60
   467   -60
   468   -60
   469   -60
   470   -60
   471   -60
   472   -60
   473   -60
   474   -60
   475   -60
   476   -61
   477   -60
   478   -61
   479   -60
   480   -61
   481   -60
   482   -61
   483   -60
   484   -60
   485   -60
   486   -60
   487   -61
   488   -60
   489   -60
   490   -59
   491   -61
   492   -60
   493   -61
   494   -60
   495   -61
   496   -60
   497   -61
   498   -60
   499   -60
   500   -60
   501   -60
   502   -60
   503   -60
   504   -61
   505   -60
   506   -61
   507   -60
   508   -61
   509   -60
   510   -61
   511   -60
   512   -61
   513   -60
   514   -61
   515   -60
   516   -61
   517   -60
   518   -61
   519   -61
   520   -61
   521   -61
   522   -60
   523   -61
   524   -60
   525   -61
   526   -60
   527   -61
   528   -60
   529   -61
   530   -60
   531   -61
   532   -60
   533   -61
   534   -61
   535   -61
   536   -61
   537   -60
   538   -61
   539   -60
   540   -61
   541   -60
   542   -61
   543   -60
   544   -61
   545   -60
   546   -61
   547   -61
   548   -61
   549   -60
   550   -61
   551   -61
   552   -61
   553   -61
   554   -60
   555   -61
   556   -60
   557   -61
   558   -60
   559   -61
   560   -60
   561   -61
   562   -60
   563   -61
   564   -61
   565   -61
   566   -61
   567   -60
   568   -61
   569   -60
   570   -61
   571   -60
   572   -61
   573   -60
   574   -61
   575   -60
   576   -61
   577   -60
   578   -61
   579   -60
   580   -61
   581   -61
   582   -61
   583   -61
   584   -61
   585   -61
   586   -61
   587   -61
   588   -60
   589   -61
   590   -60
   591   -61
   592   -60
   593   -61
   594   -61
   595   -61
   596   -60
   597   -61
   598   -60
   599   -61
   600   -61
   601   -61
   602   -61
   603   -60
   604   -61
   605   -60
   606   -61
   607   -60
   608   -61
   609   -60
   610   -61
   611   -61
   612   -61
   613   -60
   614   -61
   615   -61
   616   -61
   617   -61
   618   -60
   619   -61
   620   -60
   621   -61
   622   -60
   623   -61
   624   -60
   625   -61
   626   -60
   627   -61
   628   -60
   629   -61
   630   -61
   631   -61
   632   -61
   633   -61
   634   -61
   635   -60
   636   -61
   637   -61
   638   -61
   639   -60
   640   -61
   641   -60
   642   -61
   643   -60
   644   -61
   645   -60
   646   -61
   647   -61
   648   -61
   649   -61
   650   -61
   651   -61
   652   -60
   653   -61
   654   -61
   655   -61
   656   -60
   657   -61
   658   -60
   659   -61
   660   -60
   661   -61
   662   -61
   663   -61
   664   -61
   665   -61
   666   -61
   667   -60
   668   -61
   669   -61
   670   -61
   671   -60
   672   -61
   673   -60
   674   -61
   675   -60
   676   -61
   677   -61
   678   -61
   679   -61
   680   -61
   681   -61
   682   -60
   683   -61
   684   -60
   685   -61
   686   -60
   687   -61
   688   -60
   689   -61
   690   -60
   691   -61
   692   -60
   693   -61
   694   -60
   695   -61
   696   -61
   697   -61
   698   -61
   699   -60
   700   -61
   701   -61
   702   -61
   703   -60
   704   -61
   705   -60
   706   -62
   707   -60
   708   -61
   709   -60
   710   -61
   711   -60
   712   -61
   713   -61
   714   -61
   715   -61
   716   -61
   717   -61
   718   -60
   719   -61
   720   -60
   721   -61
   722   -60
   723   -61
   724   -60
   725   -61
   726   -60
   727   -61
   728   -61
   729   -61
   730   -61
   731   -61
   732   -61
   733   -60
   734   -61
   735   -60
   736   -61
   737   -60
   738   -61
   739   -60
   740   -61
   741   -60
   742   -61
   743   -60
   744   -61
   745   -61
   746   -61
   747   -61
   748   -61
   749   -61
   750   -60
   751   -62
   752   -60
   753   -61
   754   -60
   755   -62
   756   -60
   757   -61
   758   -60
   759   -61
   760   -60
   761   -61
   762   -61
   763   -61
   764   -61
   765   -61
   766   -61
   767   -61
   768   -61
   769   -60
   770   -61
   771   -60
   772   -61
   773   -60
   774   -62
   775   -60
   776   -61
   777   -60
   778   -61
   779   -61
   780   -61
   781   -61
   782   -61
   783   -61
   784   -60
   785   -61
   786   -60
   787   -61
   788   -60
   789   -61
   790   -60
   791   -61
   792   -61
   793   -61
   794   -61
   795   -61
   796   -61
   797   -61
   798   -61
   799   -60
   800   -62
   801   -60
   802   -61
   803   -60
   804   -61
   805   -60
   806   -61
   807   -60
   808   -61
   809   -61
   810   -61
   811   -61
   812   -61
   813   -61
   814   -60
   815   -61
   816   -60
   817   -61
   818   -60
   819   -62
   820   -60
   821   -62
   822   -60
   823   -62
   824   -60
   825   -61
   826   -60
   827   -61
   828   -61
   829   -61
   830   -61
   831   -60
   832   -61
   833   -60
   834   -61
   835   -61
   836   -62
   837   -60
   838   -61
   839   -60
   840   -61
   841   -60
   842   -61
   843   -60
   844   -61
   845   -61
   846   -61
   847   -61
   848   -61
   849   -61
   850   -60
   851   -61
   852   -60
   853   -61
   854   -60
   855   -61
   856   -61
   857   -61
   858   -61
   859   -61
   860   -61
   861   -61
   862   -61
   863   -61
   864   -61
   865   -60
   866   -61
   867   -60
   868   -61
   869   -60
   870   -61
   871   -60
   872   -61
   873   -61
   874   -61
   875   -61
   876   -61
   877   -61
   878   -61
   879   -61
   880   -60
   881   -61
   882   -60
   883   -62
   884   -60
   885   -61
   886   -60
   887   -62
   888   -60
   889   -61
   890   -61
   891   -61
   892   -61
   893   -61
   894   -61
   895   -60
   896   -61
   897   -61
   898   -62
   899   -60
   900   -61
   901   -60
   902   -61
   903   -60
   904   -61
   905   -60
   906   -61
   907   -60
   908   -61
   909   -61
   910   -61
   911   -61
   912   -60
   913   -61
   914   -60
   915   -62
   916   -60
   917   -61
   918   -60
   919   -61
   920   -60
   921   -61
   922   -61
   923   -61
   924   -61
   925   -61
   926   -61
   927   -61
   928   -61
   929   -60
   930   -61
   931   -60
   932   -62
   933   -60
   934   -62
   935   -60
   936   -61
   937   -60
   938   -61
   939   -60
   940   -61
   941   -60
   942   -61
   943   -61
   944   -61
   945   -61
   946   -60
   947   -61
   948   -60
   949   -62
   950   -60
   951   -62
   952   -60
   953   -62
   954   -60
   955   -61
   956   -60
   957   -61
   958   -61
   959   -61
   960   -61
   961   -60
   962   -61
   963   -61
   964   -61
   965   -60
   966   -61
   967   -60
   968   -61
   969   -60
   970   -62
   971   -61
   972   -61
   973   -60
   974   -61
   975   -61
   976   -61
   977   -61
   978   -60
   979   -61
   980   -60
   981   -62
   982   -60
   983   -62
   984   -60
   985   -61
   986   -60
   987   -61
   988   -61
   989   -61
   990   -61
   991   -61
   992   -61
   993   -60
   994   -61
   995   -60
   996   -61
   997   -60
   998   -62
   999   -60
