   0   0
   1   -61
   2   -61
   3   -61
   4   -61
   5   -62
   6   -61
   7   -61
   8   -61
   9   -61
   10   -61
   11   -62
   12   -61
   13   -61
   14   -61
   15   -61
   16   -61
   17   -61
   18   -62
   19   -61
   20   -62
   21   -61
   22   -62
   23   -61
   24   -61
   25   -61
   26   -61
   27   -61
   28   -61
   29   -61
   30   -61
   31   -61
   32   -61
   33   -61
   34   -61
   35   -61
   36   -61
   37   -61
   38   -61
   39   -61
   40   -61
   41   -61
   42   -61
   43   -61
   44   -61
   45   -61
   46   -61
   47   -61
   48   -61
   49   -61
   50   -61
   51   -61
   52   -61
   53   -61
   54   -61
   55   -61
   56   -61
   57   -61
   58   -61
   59   -61
   60   -61
   61   -61
   62   -61
   63   -61
   64   -61
   65   -61
   66   -61
   67   -61
   68   -61
   69   -62
   70   -61
   71   -61
   72   -61
   73   -61
   74   -61
   75   -61
   76   -61
   77   -61
   78   -61
   79   -61
   80   -61
   81   -61
   82   -61
   83   -61
   84   -62
   85   -61
   86   -62
   87   -61
   88   -62
   89   -61
   90   -62
   91   -61
   92   -61
   93   -61
   94   -61
   95   -61
   96   -61
   97   -61
   98   -61
   99   -61
   100   -61
   101   -61
   102   -61
   103   -61
   104   -61
   105   -61
   106   -61
   107   -61
   108   -61
   109   -61
   110   -61
   111   -61
   112   -61
   113   -61
   114   -61
   115   -61
   116   -61
   117   -61
   118   -61
   119   -61
   120   -61
   121   -61
   122   -61
   123   -61
   124   -61
   125   -61
   126   -61
   127   -61
   128   -61
   129   -61
   130   -61
   131   -61
   132   -61
   133   -61
   134   -61
   135   -61
   136   -61
   137   -62
   138   -61
   139   -61
   140   -61
   141   -61
   142   -61
   143   -61
   144   -61
   145   -61
   146   -61
   147   -61
   148   -61
   149   -61
   150   -61
   151   -61
   152   -61
   153   -61
   154   -61
   155   -61
   156   -61
   157   -61
   158   -61
   159   -61
   160   -61
   161   -61
   162   -61
   163   -61
   164   -61
   165   -61
   166   -61
   167   -61
   168   -61
   169   -61
   170   -61
   171   -61
   172   -61
   173   -61
   174   -61
   175   -61
   176   -61
   177   -61
   178   -61
   179   -61
   180   -61
   181   -61
   182   -61
   183   -61
   184   -61
   185   -61
   186   -61
   187   -61
   188   -61
   189   -61
   190   -61
   191   -61
   192   -61
   193   -62
   194   -60
   195   -61
   196   -61
   197   -61
   198   -61
   199   -61
   200   -62
   201   -59
   202   -22
   203   41
   204   61
   205   62
   206   57
   207   56
   208   55
   209   59
   210   59
   211   62
   212   61
   213   63
   214   62
   215   64
   216   64
   217   66
   218   65
   219   66
   220   65
   221   66
   222   66
   223   68
   224   67
   225   67
   226   67
   227   67
   228   68
   229   68
   230   68
   231   68
   232   68
   233   68
   234   68
   235   68
   236   68
   237   68
   238   68
   239   68
   240   69
   241   68
   242   68
   243   68
   244   67
   245   68
   246   68
   247   68
   248   68
   249   68
   250   68
   251   68
   252   68
   253   68
   254   67
   255   68
   256   67
   257   68
   258   67
   259   67
   260   67
   261   67
   262   67
   263   67
   264   67
   265   67
   266   67
   267   66
   268   67
   269   66
   270   67
   271   66
   272   66
   273   66
   274   67
   275   66
   276   66
   277   65
   278   66
   279   66
   280   66
   281   66
   282   65
   283   66
   284   65
   285   65
   286   65
   287   65
   288   65
   289   65
   290   64
   291   65
   292   65
   293   65
   294   64
   295   65
   296   64
   297   64
   298   64
   299   64
   300   64
   301   63
   302   64
   303   64
   304   64
   305   64
   306   64
   307   63
   308   63
   309   63
   310   63
   311   63
   312   63
   313   63
   314   62
   315   63
   316   62
   317   63
   318   62
   319   62
   320   62
   321   62
   322   62
   323   62
   324   62
   325   61
   326   62
   327   61
   328   61
   329   61
   330   61
   331   61
   332   61
   333   61
   334   61
   335   60
   336   61
   337   60
   338   61
   339   60
   340   60
   341   60
   342   60
   343   60
   344   60
   345   59
   346   59
   347   59
   348   59
   349   59
   350   59
   351   59
   352   59
   353   59
   354   58
   355   59
   356   58
   357   58
   358   58
   359   58
   360   58
   361   58
   362   58
   363   58
   364   57
   365   57
   366   57
   367   57
   368   57
   369   57
   370   57
   371   57
   372   57
   373   57
   374   56
   375   57
   376   56
   377   56
   378   56
   379   56
   380   56
   381   56
   382   56
   383   56
   384   56
   385   55
   386   55
   387   55
   388   55
   389   55
   390   55
   391   55
   392   55
   393   55
   394   55
   395   54
   396   54
   397   54
   398   54
   399   54
   400   54
   401   53
   402   53
   403   52
   404   51
   405   50
   406   49
   407   48
   408   47
   409   45
   410   44
   411   42
   412   40
   413   37
   414   34
   415   32
   416   29
   417   26
   418   23
   419   20
   420   17
   421   14
   422   10
   423   7
   424   3
   425   0
   426   -4
   427   -7
   428   -11
   429   -14
   430   -17
   431   -21
   432   -23
   433   -26
   434   -29
   435   -32
   436   -34
   437   -37
   438   -40
   439   -41
   440   -44
   441   -45
   442   -47
   443   -48
   444   -51
   445   -51
   446   -53
   447   -54
   448   -55
   449   -55
   450   -57
   451   -57
   452   -57
   453   -58
   454   -58
   455   -59
   456   -59
   457   -59
   458   -59
   459   -60
   460   -59
   461   -60
   462   -59
   463   -60
   464   -59
   465   -60
   466   -60
   467   -60
   468   -60
   469   -60
   470   -60
   471   -60
   472   -60
   473   -60
   474   -60
   475   -60
   476   -60
   477   -60
   478   -60
   479   -60
   480   -60
   481   -60
   482   -60
   483   -60
   484   -60
   485   -60
   486   -60
   487   -60
   488   -60
   489   -60
   490   -60
   491   -60
   492   -60
   493   -60
   494   -60
   495   -60
   496   -60
   497   -60
   498   -60
   499   -60
   500   -60
   501   -60
   502   -60
   503   -60
   504   -60
   505   -60
   506   -60
   507   -60
   508   -61
   509   -60
   510   -60
   511   -60
   512   -61
   513   -60
   514   -60
   515   -60
   516   -60
   517   -60
   518   -60
   519   -60
   520   -60
   521   -60
   522   -60
   523   -60
   524   -60
   525   -61
   526   -60
   527   -61
   528   -60
   529   -61
   530   -60
   531   -61
   532   -60
   533   -61
   534   -60
   535   -61
   536   -61
   537   -61
   538   -60
   539   -60
   540   -61
   541   -61
   542   -61
   543   -61
   544   -61
   545   -61
   546   -61
   547   -60
   548   -61
   549   -61
   550   -61
   551   -60
   552   -61
   553   -61
   554   -61
   555   -61
   556   -60
   557   -61
   558   -60
   559   -61
   560   -60
   561   -61
   562   -61
   563   -61
   564   -61
   565   -61
   566   -61
   567   -61
   568   -61
   569   -60
   570   -61
   571   -61
   572   -61
   573   -60
   574   -61
   575   -61
   576   -61
   577   -61
   578   -61
   579   -61
   580   -61
   581   -61
   582   -61
   583   -61
   584   -61
   585   -60
   586   -61
   587   -61
   588   -61
   589   -61
   590   -61
   591   -61
   592   -61
   593   -61
   594   -61
   595   -61
   596   -61
   597   -61
   598   -61
   599   -61
   600   -61
   601   -61
   602   -61
   603   -61
   604   -61
   605   -61
   606   -61
   607   -61
   608   -61
   609   -61
   610   -61
   611   -61
   612   -61
   613   -61
   614   -61
   615   -61
   616   -60
   617   -61
   618   -61
   619   -61
   620   -61
   621   -61
   622   -61
   623   -61
   624   -60
   625   -61
   626   -61
   627   -61
   628   -61
   629   -61
   630   -61
   631   -61
   632   -61
   633   -61
   634   -61
   635   -61
   636   -61
   637   -60
   638   -61
   639   -61
   640   -61
   641   -61
   642   -61
   643   -61
   644   -61
   645   -60
   646   -61
   647   -61
   648   -61
   649   -61
   650   -61
   651   -61
   652   -61
   653   -61
   654   -61
   655   -61
   656   -61
   657   -61
   658   -61
   659   -61
   660   -61
   661   -61
   662   -61
   663   -61
   664   -61
   665   -61
   666   -61
   667   -61
   668   -61
   669   -61
   670   -61
   671   -61
   672   -61
   673   -61
   674   -61
   675   -61
   676   -61
   677   -61
   678   -61
   679   -61
   680   -61
   681   -61
   682   -60
   683   -61
   684   -61
   685   -61
   686   -60
   687   -61
   688   -60
   689   -61
   690   -61
   691   -61
   692   -61
   693   -61
   694   -60
   695   -61
   696   -61
   697   -61
   698   -61
   699   -61
   700   -61
   701   -61
   702   -61
   703   -61
   704   -61
   705   -60
   706   -61
   707   -60
   708   -61
   709   -61
   710   -61
   711   -60
   712   -61
   713   -61
   714   -61
   715   -61
   716   -61
   717   -61
   718   -61
   719   -61
   720   -61
   721   -61
   722   -61
   723   -61
   724   -61
   725   -61
   726   -61
   727   -61
   728   -61
   729   -61
   730   -61
   731   -61
   732   -61
   733   -61
   734   -61
   735   -61
   736   -61
   737   -61
   738   -61
   739   -61
   740   -61
   741   -61
   742   -61
   743   -61
   744   -61
   745   -61
   746   -61
   747   -61
   748   -61
   749   -61
   750   -61
   751   -61
   752   -61
   753   -61
   754   -61
   755   -61
   756   -61
   757   -61
   758   -61
   759   -61
   760   -61
   761   -61
   762   -61
   763   -61
   764   -61
   765   -61
   766   -61
   767   -61
   768   -61
   769   -61
   770   -61
   771   -61
   772   -61
   773   -61
   774   -61
   775   -61
   776   -61
   777   -61
   778   -61
   779   -61
   780   -61
   781   -61
   782   -61
   783   -61
   784   -61
   785   -61
   786   -61
   787   -61
   788   -60
   789   -61
   790   -61
   791   -61
   792   -61
   793   -61
   794   -61
   795   -61
   796   -61
   797   -61
   798   -61
   799   -61
   800   -61
   801   -61
   802   -61
   803   -61
   804   -61
   805   -61
   806   -61
   807   -61
   808   -61
   809   -61
   810   -61
   811   -61
   812   -61
   813   -61
   814   -61
   815   -61
   816   -61
   817   -61
   818   -61
   819   -61
   820   -61
   821   -61
   822   -61
   823   -61
   824   -61
   825   -61
   826   -61
   827   -61
   828   -61
   829   -61
   830   -61
   831   -61
   832   -61
   833   -61
   834   -61
   835   -61
   836   -61
   837   -61
   838   -61
   839   -61
   840   -61
   841   -61
   842   -61
   843   -61
   844   -61
   845   -61
   846   -61
   847   -61
   848   -61
   849   -61
   850   -61
   851   -61
   852   -61
   853   -61
   854   -61
   855   -61
   856   -61
   857   -61
   858   -61
   859   -61
   860   -61
   861   -61
   862   -61
   863   -61
   864   -61
   865   -60
   866   -61
   867   -61
   868   -61
   869   -61
   870   -61
   871   -61
   872   -61
   873   -61
   874   -61
   875   -61
   876   -61
   877   -61
   878   -61
   879   -61
   880   -61
   881   -61
   882   -61
   883   -61
   884   -61
   885   -61
   886   -61
   887   -61
   888   -61
   889   -61
   890   -61
   891   -61
   892   -61
   893   -61
   894   -61
   895   -61
   896   -61
   897   -61
   898   -61
   899   -61
   900   -61
   901   -60
   902   -61
   903   -61
   904   -61
   905   -61
   906   -61
   907   -61
   908   -61
   909   -61
   910   -61
   911   -61
   912   -61
   913   -61
   914   -61
   915   -61
   916   -60
   917   -61
   918   -61
   919   -61
   920   -61
   921   -61
   922   -61
   923   -61
   924   -61
   925   -61
   926   -61
   927   -61
   928   -61
   929   -61
   930   -61
   931   -61
   932   -61
   933   -61
   934   -61
   935   -61
   936   -61
   937   -61
   938   -61
   939   -61
   940   -61
   941   -61
   942   -61
   943   -61
   944   -61
   945   -61
   946   -61
   947   -61
   948   -60
   949   -61
   950   -61
   951   -61
   952   -61
   953   -61
   954   -61
   955   -61
   956   -61
   957   -61
   958   -61
   959   -61
   960   -61
   961   -61
   962   -61
   963   -61
   964   -61
   965   -60
   966   -61
   967   -60
   968   -61
   969   -61
   970   -61
   971   -61
   972   -61
   973   -61
   974   -61
   975   -61
   976   -61
   977   -61
   978   -61
   979   -61
   980   -61
   981   -61
   982   -61
   983   -61
   984   -61
   985   -61
   986   -61
   987   -61
   988   -61
   989   -61
   990   -61
   991   -61
   992   -61
   993   -61
   994   -61
   995   -60
   996   -61
   997   -61
   998   -61
   999   -61
