   0   0
   1   -60
   2   -62
   3   -60
   4   -62
   5   -60
   6   -62
   7   -60
   8   -61
   9   -61
   10   -61
   11   -61
   12   -61
   13   -61
   14   -61
   15   -62
   16   -60
   17   -62
   18   -60
   19   -62
   20   -60
   21   -62
   22   -60
   23   -62
   24   -60
   25   -61
   26   -61
   27   -61
   28   -61
   29   -61
   30   -62
   31   -60
   32   -62
   33   -60
   34   -62
   35   -60
   36   -62
   37   -60
   38   -62
   39   -60
   40   -61
   41   -61
   42   -61
   43   -61
   44   -61
   45   -61
   46   -60
   47   -62
   48   -60
   49   -62
   50   -60
   51   -62
   52   -60
   53   -62
   54   -60
   55   -62
   56   -60
   57   -61
   58   -61
   59   -61
   60   -61
   61   -61
   62   -62
   63   -60
   64   -62
   65   -60
   66   -62
   67   -60
   68   -62
   69   -60
   70   -62
   71   -60
   72   -62
   73   -60
   74   -61
   75   -61
   76   -61
   77   -61
   78   -61
   79   -62
   80   -60
   81   -62
   82   -60
   83   -62
   84   -60
   85   -62
   86   -60
   87   -62
   88   -61
   89   -62
   90   -61
   91   -61
   92   -61
   93   -61
   94   -61
   95   -60
   96   -62
   97   -60
   98   -62
   99   -60
   100   -62
   101   -60
   102   -62
   103   -60
   104   -62
   105   -61
   106   -62
   107   -61
   108   -61
   109   -61
   110   -61
   111   -62
   112   -60
   113   -62
   114   -60
   115   -62
   116   -60
   117   -62
   118   -60
   119   -62
   120   -60
   121   -62
   122   -61
   123   -61
   124   -61
   125   -61
   126   -61
   127   -61
   128   -62
   129   -60
   130   -62
   131   -60
   132   -62
   133   -60
   134   -62
   135   -60
   136   -62
   137   -60
   138   -62
   139   -61
   140   -61
   141   -61
   142   -61
   143   -61
   144   -61
   145   -62
   146   -61
   147   -62
   148   -60
   149   -62
   150   -60
   151   -62
   152   -60
   153   -61
   154   -61
   155   -61
   156   -61
   157   -61
   158   -61
   159   -61
   160   -62
   161   -60
   162   -62
   163   -60
   164   -62
   165   -60
   166   -62
   167   -60
   168   -62
   169   -60
   170   -61
   171   -61
   172   -61
   173   -61
   174   -61
   175   -61
   176   -60
   177   -62
   178   -60
   179   -62
   180   -60
   181   -62
   182   -60
   183   -62
   184   -60
   185   -62
   186   -61
   187   -62
   188   -61
   189   -61
   190   -61
   191   -60
   192   -61
   193   -61
   194   -61
   195   -60
   196   -62
   197   -60
   198   -62
   199   -60
   200   -63
   201   -58
   202   -29
   203   35
   204   63
   205   67
   206   60
   207   55
   208   53
   209   53
   210   54
   211   54
   212   55
   213   54
   214   54
   215   53
   216   55
   217   54
   218   55
   219   53
   220   54
   221   53
   222   54
   223   55
   224   54
   225   54
   226   53
   227   54
   228   53
   229   54
   230   53
   231   55
   232   52
   233   54
   234   53
   235   54
   236   53
   237   53
   238   53
   239   53
   240   54
   241   53
   242   54
   243   52
   244   54
   245   52
   246   54
   247   52
   248   54
   249   52
   250   54
   251   53
   252   54
   253   53
   254   53
   255   53
   256   53
   257   53
   258   52
   259   53
   260   52
   261   53
   262   52
   263   54
   264   52
   265   53
   266   52
   267   53
   268   52
   269   53
   270   52
   271   52
   272   53
   273   52
   274   53
   275   52
   276   53
   277   51
   278   53
   279   51
   280   53
   281   51
   282   53
   283   52
   284   53
   285   52
   286   52
   287   52
   288   52
   289   52
   290   51
   291   52
   292   51
   293   53
   294   51
   295   53
   296   51
   297   52
   298   51
   299   52
   300   51
   301   52
   302   51
   303   52
   304   52
   305   51
   306   52
   307   51
   308   52
   309   51
   310   52
   311   51
   312   52
   313   50
   314   52
   315   50
   316   52
   317   51
   318   52
   319   51
   320   51
   321   51
   322   50
   323   51
   324   50
   325   51
   326   50
   327   51
   328   50
   329   52
   330   50
   331   51
   332   50
   333   51
   334   50
   335   51
   336   50
   337   50
   338   51
   339   50
   340   51
   341   50
   342   51
   343   49
   344   51
   345   49
   346   51
   347   49
   348   50
   349   49
   350   50
   351   50
   352   50
   353   50
   354   50
   355   50
   356   49
   357   50
   358   48
   359   50
   360   48
   361   50
   362   49
   363   50
   364   49
   365   50
   366   49
   367   49
   368   49
   369   49
   370   49
   371   48
   372   50
   373   48
   374   49
   375   48
   376   50
   377   48
   378   50
   379   48
   380   49
   381   48
   382   49
   383   48
   384   49
   385   48
   386   48
   387   49
   388   48
   389   49
   390   47
   391   49
   392   47
   393   49
   394   47
   395   49
   396   47
   397   48
   398   47
   399   48
   400   47
   401   47
   402   47
   403   46
   404   46
   405   45
   406   45
   407   43
   408   43
   409   40
   410   40
   411   36
   412   35
   413   31
   414   29
   415   24
   416   20
   417   16
   418   10
   419   5
   420   -1
   421   -5
   422   -12
   423   -16
   424   -23
   425   -26
   426   -32
   427   -35
   428   -40
   429   -42
   430   -46
   431   -48
   432   -51
   433   -52
   434   -54
   435   -55
   436   -55
   437   -57
   438   -57
   439   -58
   440   -57
   441   -59
   442   -58
   443   -59
   444   -58
   445   -60
   446   -58
   447   -60
   448   -59
   449   -59
   450   -59
   451   -59
   452   -60
   453   -59
   454   -60
   455   -59
   456   -60
   457   -59
   458   -60
   459   -59
   460   -60
   461   -59
   462   -60
   463   -59
   464   -60
   465   -59
   466   -59
   467   -60
   468   -60
   469   -60
   470   -59
   471   -60
   472   -59
   473   -61
   474   -59
   475   -61
   476   -59
   477   -60
   478   -59
   479   -60
   480   -59
   481   -60
   482   -60
   483   -60
   484   -60
   485   -60
   486   -60
   487   -59
   488   -61
   489   -59
   490   -61
   491   -59
   492   -60
   493   -59
   494   -61
   495   -59
   496   -60
   497   -60
   498   -60
   499   -60
   500   -60
   501   -60
   502   -60
   503   -60
   504   -59
   505   -61
   506   -59
   507   -61
   508   -59
   509   -61
   510   -59
   511   -60
   512   -60
   513   -60
   514   -60
   515   -60
   516   -60
   517   -60
   518   -60
   519   -59
   520   -61
   521   -60
   522   -61
   523   -60
   524   -61
   525   -59
   526   -61
   527   -59
   528   -61
   529   -60
   530   -61
   531   -60
   532   -60
   533   -61
   534   -60
   535   -61
   536   -60
   537   -61
   538   -59
   539   -61
   540   -60
   541   -61
   542   -60
   543   -61
   544   -59
   545   -61
   546   -60
   547   -60
   548   -61
   549   -60
   550   -61
   551   -60
   552   -61
   553   -60
   554   -61
   555   -60
   556   -61
   557   -60
   558   -61
   559   -60
   560   -61
   561   -60
   562   -60
   563   -60
   564   -61
   565   -61
   566   -60
   567   -61
   568   -60
   569   -61
   570   -60
   571   -61
   572   -59
   573   -61
   574   -60
   575   -61
   576   -60
   577   -61
   578   -60
   579   -60
   580   -60
   581   -60
   582   -61
   583   -60
   584   -61
   585   -60
   586   -61
   587   -60
   588   -61
   589   -60
   590   -61
   591   -60
   592   -61
   593   -60
   594   -61
   595   -60
   596   -61
   597   -61
   598   -60
   599   -61
   600   -60
   601   -61
   602   -60
   603   -61
   604   -60
   605   -61
   606   -60
   607   -61
   608   -60
   609   -61
   610   -60
   611   -61
   612   -60
   613   -61
   614   -61
   615   -60
   616   -61
   617   -60
   618   -61
   619   -60
   620   -62
   621   -60
   622   -61
   623   -60
   624   -61
   625   -60
   626   -61
   627   -60
   628   -61
   629   -60
   630   -60
   631   -61
   632   -60
   633   -61
   634   -60
   635   -61
   636   -60
   637   -61
   638   -60
   639   -61
   640   -60
   641   -61
   642   -60
   643   -61
   644   -60
   645   -61
   646   -61
   647   -60
   648   -61
   649   -60
   650   -61
   651   -60
   652   -62
   653   -60
   654   -61
   655   -60
   656   -61
   657   -60
   658   -61
   659   -60
   660   -61
   661   -60
   662   -61
   663   -61
   664   -60
   665   -61
   666   -60
   667   -61
   668   -60
   669   -61
   670   -60
   671   -61
   672   -60
   673   -61
   674   -60
   675   -61
   676   -60
   677   -61
   678   -61
   679   -60
   680   -61
   681   -60
   682   -61
   683   -60
   684   -61
   685   -60
   686   -61
   687   -60
   688   -61
   689   -60
   690   -61
   691   -60
   692   -61
   693   -60
   694   -60
   695   -61
   696   -60
   697   -61
   698   -60
   699   -61
   700   -60
   701   -61
   702   -60
   703   -61
   704   -60
   705   -61
   706   -60
   707   -61
   708   -60
   709   -61
   710   -60
   711   -60
   712   -61
   713   -60
   714   -61
   715   -60
   716   -61
   717   -60
   718   -61
   719   -60
   720   -62
   721   -60
   722   -61
   723   -60
   724   -61
   725   -60
   726   -61
   727   -61
   728   -60
   729   -61
   730   -60
   731   -61
   732   -60
   733   -61
   734   -60
   735   -62
   736   -60
   737   -61
   738   -60
   739   -61
   740   -60
   741   -61
   742   -61
   743   -61
   744   -60
   745   -60
   746   -61
   747   -60
   748   -61
   749   -60
   750   -61
   751   -60
   752   -61
   753   -60
   754   -61
   755   -60
   756   -61
   757   -60
   758   -61
   759   -61
   760   -61
   761   -61
   762   -60
   763   -61
   764   -60
   765   -61
   766   -60
   767   -62
   768   -60
   769   -61
   770   -60
   771   -61
   772   -60
   773   -61
   774   -60
   775   -61
   776   -61
   777   -60
   778   -61
   779   -60
   780   -61
   781   -60
   782   -61
   783   -60
   784   -61
   785   -60
   786   -61
   787   -60
   788   -61
   789   -60
   790   -61
   791   -61
   792   -61
   793   -61
   794   -60
   795   -61
   796   -60
   797   -62
   798   -60
   799   -61
   800   -60
   801   -61
   802   -60
   803   -61
   804   -60
   805   -61
   806   -60
   807   -61
   808   -61
   809   -61
   810   -61
   811   -60
   812   -61
   813   -60
   814   -62
   815   -60
   816   -61
   817   -60
   818   -61
   819   -60
   820   -61
   821   -60
   822   -61
   823   -60
   824   -60
   825   -61
   826   -61
   827   -61
   828   -60
   829   -61
   830   -60
   831   -61
   832   -60
   833   -61
   834   -60
   835   -61
   836   -60
   837   -61
   838   -60
   839   -61
   840   -61
   841   -60
   842   -61
   843   -60
   844   -61
   845   -60
   846   -61
   847   -60
   848   -61
   849   -60
   850   -61
   851   -60
   852   -61
   853   -60
   854   -61
   855   -60
   856   -61
   857   -61
   858   -60
   859   -61
   860   -60
   861   -61
   862   -60
   863   -61
   864   -60
   865   -62
   866   -60
   867   -62
   868   -60
   869   -61
   870   -60
   871   -61
   872   -60
   873   -61
   874   -61
   875   -61
   876   -61
   877   -60
   878   -61
   879   -60
   880   -61
   881   -60
   882   -62
   883   -60
   884   -62
   885   -60
   886   -61
   887   -60
   888   -61
   889   -60
   890   -61
   891   -61
   892   -60
   893   -61
   894   -60
   895   -61
   896   -60
   897   -62
   898   -60
   899   -62
   900   -60
   901   -61
   902   -60
   903   -61
   904   -60
   905   -61
   906   -61
   907   -60
   908   -61
   909   -60
   910   -61
   911   -60
   912   -61
   913   -60
   914   -61
   915   -60
   916   -61
   917   -60
   918   -61
   919   -60
   920   -61
   921   -61
   922   -61
   923   -61
   924   -60
   925   -61
   926   -60
   927   -61
   928   -60
   929   -62
   930   -60
   931   -62
   932   -60
   933   -62
   934   -60
   935   -61
   936   -60
   937   -61
   938   -60
   939   -61
   940   -61
   941   -60
   942   -61
   943   -60
   944   -61
   945   -60
   946   -62
   947   -60
   948   -61
   949   -60
   950   -61
   951   -60
   952   -61
   953   -60
   954   -61
   955   -61
   956   -60
   957   -61
   958   -60
   959   -61
   960   -60
   961   -61
   962   -60
   963   -61
   964   -60
   965   -62
   966   -60
   967   -61
   968   -60
   969   -61
   970   -60
   971   -61
   972   -61
   973   -60
   974   -61
   975   -60
   976   -61
   977   -60
   978   -61
   979   -60
   980   -62
   981   -60
   982   -61
   983   -60
   984   -61
   985   -61
   986   -61
   987   -61
   988   -60
   989   -61
   990   -60
   991   -61
   992   -60
   993   -62
   994   -60
   995   -61
   996   -60
   997   -62
   998   -60
   999   -61
