   0   0
   1   -61
   2   -60
   3   -62
   4   -60
   5   -62
   6   -60
   7   -62
   8   -60
   9   -62
   10   -60
   11   -61
   12   -60
   13   -61
   14   -61
   15   -61
   16   -61
   17   -61
   18   -62
   19   -61
   20   -62
   21   -60
   22   -62
   23   -60
   24   -62
   25   -60
   26   -62
   27   -61
   28   -61
   29   -61
   30   -61
   31   -61
   32   -61
   33   -61
   34   -61
   35   -61
   36   -61
   37   -62
   38   -61
   39   -62
   40   -60
   41   -62
   42   -61
   43   -62
   44   -61
   45   -61
   46   -61
   47   -61
   48   -61
   49   -61
   50   -61
   51   -61
   52   -62
   53   -60
   54   -61
   55   -60
   56   -62
   57   -61
   58   -62
   59   -61
   60   -61
   61   -61
   62   -61
   63   -61
   64   -61
   65   -62
   66   -61
   67   -62
   68   -60
   69   -62
   70   -60
   71   -62
   72   -60
   73   -62
   74   -60
   75   -62
   76   -60
   77   -62
   78   -61
   79   -61
   80   -61
   81   -61
   82   -62
   83   -61
   84   -62
   85   -61
   86   -62
   87   -60
   88   -62
   89   -60
   90   -62
   91   -60
   92   -61
   93   -60
   94   -62
   95   -61
   96   -61
   97   -61
   98   -61
   99   -62
   100   -61
   101   -62
   102   -60
   103   -62
   104   -60
   105   -62
   106   -60
   107   -62
   108   -61
   109   -62
   110   -60
   111   -61
   112   -61
   113   -61
   114   -61
   115   -61
   116   -62
   117   -61
   118   -62
   119   -60
   120   -61
   121   -61
   122   -62
   123   -60
   124   -62
   125   -61
   126   -62
   127   -61
   128   -61
   129   -61
   130   -61
   131   -61
   132   -60
   133   -62
   134   -60
   135   -62
   136   -60
   137   -62
   138   -60
   139   -62
   140   -60
   141   -62
   142   -61
   143   -62
   144   -61
   145   -61
   146   -61
   147   -61
   148   -61
   149   -61
   150   -62
   151   -60
   152   -62
   153   -60
   154   -62
   155   -60
   156   -62
   157   -60
   158   -61
   159   -60
   160   -62
   161   -61
   162   -61
   163   -61
   164   -61
   165   -61
   166   -61
   167   -61
   168   -61
   169   -62
   170   -60
   171   -62
   172   -60
   173   -62
   174   -61
   175   -61
   176   -61
   177   -61
   178   -61
   179   -61
   180   -61
   181   -61
   182   -61
   183   -60
   184   -62
   185   -60
   186   -62
   187   -60
   188   -62
   189   -60
   190   -62
   191   -61
   192   -61
   193   -61
   194   -60
   195   -61
   196   -60
   197   -62
   198   -61
   199   -61
   200   -61
   201   -59
   202   -17
   203   47
   204   54
   205   36
   206   21
   207   15
   208   14
   209   15
   210   15
   211   17
   212   15
   213   16
   214   14
   215   16
   216   14
   217   17
   218   14
   219   16
   220   13
   221   15
   222   14
   223   17
   224   15
   225   15
   226   14
   227   15
   228   15
   229   15
   230   15
   231   15
   232   15
   233   14
   234   16
   235   14
   236   16
   237   14
   238   16
   239   15
   240   16
   241   15
   242   15
   243   14
   244   14
   245   15
   246   15
   247   15
   248   14
   249   15
   250   15
   251   16
   252   15
   253   16
   254   15
   255   15
   256   14
   257   15
   258   15
   259   15
   260   15
   261   15
   262   16
   263   15
   264   16
   265   14
   266   16
   267   14
   268   16
   269   14
   270   16
   271   14
   272   16
   273   15
   274   16
   275   15
   276   15
   277   15
   278   15
   279   15
   280   15
   281   16
   282   15
   283   16
   284   14
   285   16
   286   14
   287   16
   288   15
   289   16
   290   14
   291   15
   292   15
   293   15
   294   15
   295   15
   296   16
   297   15
   298   16
   299   15
   300   16
   301   14
   302   16
   303   15
   304   15
   305   15
   306   16
   307   15
   308   15
   309   16
   310   15
   311   16
   312   15
   313   16
   314   14
   315   16
   316   14
   317   16
   318   14
   319   16
   320   14
   321   16
   322   15
   323   16
   324   15
   325   15
   326   15
   327   15
   328   15
   329   14
   330   16
   331   14
   332   16
   333   14
   334   16
   335   14
   336   16
   337   14
   338   16
   339   14
   340   15
   341   15
   342   15
   343   15
   344   15
   345   15
   346   14
   347   15
   348   14
   349   16
   350   14
   351   16
   352   15
   353   16
   354   14
   355   15
   356   14
   357   15
   358   15
   359   15
   360   15
   361   14
   362   15
   363   14
   364   15
   365   14
   366   15
   367   14
   368   15
   369   14
   370   15
   371   14
   372   15
   373   15
   374   15
   375   15
   376   14
   377   15
   378   14
   379   15
   380   14
   381   15
   382   13
   383   15
   384   13
   385   15
   386   13
   387   14
   388   13
   389   14
   390   13
   391   13
   392   13
   393   12
   394   13
   395   11
   396   12
   397   10
   398   11
   399   9
   400   10
   401   8
   402   9
   403   7
   404   7
   405   5
   406   5
   407   4
   408   3
   409   2
   410   1
   411   0
   412   -2
   413   -2
   414   -5
   415   -5
   416   -8
   417   -8
   418   -11
   419   -11
   420   -14
   421   -14
   422   -16
   423   -18
   424   -20
   425   -21
   426   -22
   427   -25
   428   -26
   429   -28
   430   -28
   431   -31
   432   -32
   433   -35
   434   -35
   435   -38
   436   -38
   437   -40
   438   -40
   439   -42
   440   -43
   441   -44
   442   -46
   443   -46
   444   -48
   445   -48
   446   -50
   447   -49
   448   -52
   449   -51
   450   -53
   451   -52
   452   -54
   453   -53
   454   -55
   455   -55
   456   -56
   457   -56
   458   -56
   459   -57
   460   -57
   461   -58
   462   -57
   463   -59
   464   -57
   465   -60
   466   -58
   467   -60
   468   -58
   469   -60
   470   -58
   471   -60
   472   -59
   473   -60
   474   -59
   475   -60
   476   -60
   477   -60
   478   -60
   479   -60
   480   -61
   481   -59
   482   -61
   483   -60
   484   -61
   485   -60
   486   -61
   487   -60
   488   -60
   489   -60
   490   -60
   491   -60
   492   -60
   493   -61
   494   -60
   495   -61
   496   -60
   497   -61
   498   -59
   499   -61
   500   -60
   501   -61
   502   -60
   503   -61
   504   -60
   505   -60
   506   -60
   507   -60
   508   -61
   509   -60
   510   -61
   511   -60
   512   -62
   513   -59
   514   -61
   515   -59
   516   -61
   517   -59
   518   -61
   519   -60
   520   -61
   521   -60
   522   -61
   523   -61
   524   -60
   525   -61
   526   -60
   527   -61
   528   -60
   529   -61
   530   -60
   531   -61
   532   -60
   533   -61
   534   -60
   535   -61
   536   -60
   537   -61
   538   -60
   539   -61
   540   -61
   541   -60
   542   -61
   543   -60
   544   -61
   545   -60
   546   -61
   547   -60
   548   -61
   549   -60
   550   -61
   551   -60
   552   -61
   553   -60
   554   -61
   555   -61
   556   -61
   557   -61
   558   -60
   559   -61
   560   -60
   561   -62
   562   -60
   563   -61
   564   -60
   565   -62
   566   -60
   567   -61
   568   -60
   569   -61
   570   -60
   571   -61
   572   -61
   573   -60
   574   -61
   575   -60
   576   -61
   577   -60
   578   -62
   579   -60
   580   -62
   581   -60
   582   -61
   583   -60
   584   -61
   585   -60
   586   -61
   587   -61
   588   -61
   589   -61
   590   -60
   591   -61
   592   -60
   593   -62
   594   -60
   595   -61
   596   -60
   597   -61
   598   -60
   599   -61
   600   -60
   601   -61
   602   -60
   603   -61
   604   -61
   605   -61
   606   -61
   607   -61
   608   -61
   609   -60
   610   -61
   611   -60
   612   -61
   613   -60
   614   -61
   615   -60
   616   -61
   617   -61
   618   -61
   619   -60
   620   -60
   621   -61
   622   -61
   623   -61
   624   -60
   625   -62
   626   -60
   627   -62
   628   -60
   629   -62
   630   -60
   631   -61
   632   -60
   633   -61
   634   -60
   635   -61
   636   -61
   637   -61
   638   -61
   639   -60
   640   -62
   641   -60
   642   -62
   643   -60
   644   -62
   645   -60
   646   -62
   647   -60
   648   -62
   649   -60
   650   -62
   651   -60
   652   -61
   653   -60
   654   -61
   655   -61
   656   -60
   657   -61
   658   -60
   659   -62
   660   -60
   661   -62
   662   -60
   663   -62
   664   -60
   665   -61
   666   -60
   667   -61
   668   -60
   669   -61
   670   -61
   671   -61
   672   -61
   673   -60
   674   -61
   675   -60
   676   -62
   677   -60
   678   -62
   679   -60
   680   -62
   681   -60
   682   -61
   683   -60
   684   -61
   685   -61
   686   -61
   687   -61
   688   -60
   689   -61
   690   -60
   691   -62
   692   -60
   693   -62
   694   -60
   695   -62
   696   -60
   697   -61
   698   -60
   699   -61
   700   -60
   701   -61
   702   -61
   703   -61
   704   -61
   705   -60
   706   -61
   707   -60
   708   -62
   709   -60
   710   -62
   711   -60
   712   -62
   713   -60
   714   -62
   715   -60
   716   -61
   717   -60
   718   -61
   719   -61
   720   -61
   721   -61
   722   -61
   723   -61
   724   -60
   725   -61
   726   -60
   727   -62
   728   -60
   729   -62
   730   -60
   731   -61
   732   -60
   733   -61
   734   -61
   735   -61
   736   -61
   737   -61
   738   -61
   739   -60
   740   -61
   741   -60
   742   -62
   743   -60
   744   -62
   745   -60
   746   -61
   747   -60
   748   -61
   749   -61
   750   -61
   751   -61
   752   -61
   753   -61
   754   -60
   755   -61
   756   -60
   757   -62
   758   -60
   759   -62
   760   -60
   761   -62
   762   -60
   763   -62
   764   -60
   765   -62
   766   -61
   767   -61
   768   -61
   769   -61
   770   -61
   771   -60
   772   -61
   773   -60
   774   -62
   775   -60
   776   -62
   777   -60
   778   -61
   779   -60
   780   -62
   781   -60
   782   -61
   783   -60
   784   -61
   785   -61
   786   -61
   787   -61
   788   -60
   789   -61
   790   -60
   791   -62
   792   -60
   793   -62
   794   -60
   795   -61
   796   -60
   797   -62
   798   -60
   799   -61
   800   -61
   801   -61
   802   -61
   803   -61
   804   -61
   805   -60
   806   -61
   807   -60
   808   -62
   809   -60
   810   -62
   811   -60
   812   -61
   813   -60
   814   -61
   815   -60
   816   -61
   817   -61
   818   -61
   819   -61
   820   -60
   821   -61
   822   -60
   823   -62
   824   -60
   825   -62
   826   -60
   827   -62
   828   -60
   829   -62
   830   -60
   831   -61
   832   -61
   833   -61
   834   -61
   835   -60
   836   -61
   837   -60
   838   -62
   839   -60
   840   -62
   841   -60
   842   -62
   843   -60
   844   -62
   845   -60
   846   -62
   847   -60
   848   -61
   849   -61
   850   -61
   851   -61
   852   -60
   853   -61
   854   -60
   855   -62
   856   -60
   857   -62
   858   -60
   859   -62
   860   -60
   861   -62
   862   -60
   863   -61
   864   -60
   865   -61
   866   -61
   867   -61
   868   -61
   869   -60
   870   -61
   871   -60
   872   -62
   873   -60
   874   -62
   875   -60
   876   -62
   877   -60
   878   -61
   879   -61
   880   -62
   881   -61
   882   -61
   883   -61
   884   -60
   885   -61
   886   -60
   887   -62
   888   -60
   889   -62
   890   -60
   891   -62
   892   -60
   893   -62
   894   -60
   895   -62
   896   -60
   897   -61
   898   -61
   899   -61
   900   -61
   901   -60
   902   -61
   903   -60
   904   -62
   905   -60
   906   -62
   907   -60
   908   -62
   909   -60
   910   -62
   911   -60
   912   -62
   913   -60
   914   -61
   915   -60
   916   -61
   917   -61
   918   -61
   919   -61
   920   -60
   921   -62
   922   -60
   923   -62
   924   -60
   925   -62
   926   -60
   927   -62
   928   -60
   929   -61
   930   -60
   931   -61
   932   -61
   933   -60
   934   -61
   935   -61
   936   -61
   937   -60
   938   -62
   939   -60
   940   -61
   941   -60
   942   -62
   943   -60
   944   -62
   945   -60
   946   -61
   947   -61
   948   -61
   949   -61
   950   -60
   951   -61
   952   -60
   953   -62
   954   -60
   955   -62
   956   -60
   957   -62
   958   -60
   959   -62
   960   -60
   961   -62
   962   -60
   963   -61
   964   -60
   965   -61
   966   -61
   967   -60
   968   -62
   969   -60
   970   -62
   971   -60
   972   -62
   973   -60
   974   -62
   975   -60
   976   -62
   977   -60
   978   -62
   979   -61
   980   -61
   981   -61
   982   -61
   983   -61
   984   -60
   985   -61
   986   -60
   987   -61
   988   -60
   989   -62
   990   -60
   991   -62
   992   -60
   993   -61
   994   -61
   995   -61
   996   -61
   997   -61
   998   -61
   999   -60
