   0   0
   1   -68
   2   -69
   3   -69
   4   -69
   5   -69
   6   -68
   7   -69
   8   -67
   9   -67
   10   -66
   11   -66
   12   -66
   13   -66
   14   -67
   15   -67
   16   -67
   17   -67
   18   -68
   19   -68
   20   -68
   21   -69
   22   -68
   23   -68
   24   -67
   25   -67
   26   -67
   27   -66
   28   -66
   29   -66
   30   -66
   31   -67
   32   -67
   33   -68
   34   -68
   35   -69
   36   -69
   37   -68
   38   -69
   39   -68
   40   -68
   41   -67
   42   -68
   43   -66
   44   -66
   45   -66
   46   -66
   47   -67
   48   -67
   49   -67
   50   -68
   51   -68
   52   -68
   53   -69
   54   -69
   55   -69
   56   -67
   57   -68
   58   -66
   59   -67
   60   -66
   61   -67
   62   -66
   63   -67
   64   -66
   65   -67
   66   -68
   67   -67
   68   -69
   69   -69
   70   -68
   71   -67
   72   -68
   73   -67
   74   -67
   75   -67
   76   -66
   77   -66
   78   -66
   79   -67
   80   -66
   81   -68
   82   -68
   83   -68
   84   -69
   85   -69
   86   -69
   87   -69
   88   -68
   89   -68
   90   -67
   91   -66
   92   -66
   93   -66
   94   -66
   95   -66
   96   -66
   97   -67
   98   -67
   99   -68
   100   -68
   101   -68
   102   -69
   103   -68
   104   -68
   105   -68
   106   -67
   107   -66
   108   -66
   109   -66
   110   -66
   111   -66
   112   -67
   113   -66
   114   -67
   115   -68
   116   -68
   117   -69
   118   -69
   119   -69
   120   -69
   121   -68
   122   -68
   123   -67
   124   -67
   125   -66
   126   -66
   127   -66
   128   -66
   129   -66
   130   -67
   131   -67
   132   -68
   133   -68
   134   -68
   135   -69
   136   -69
   137   -68
   138   -68
   139   -67
   140   -67
   141   -66
   142   -66
   143   -65
   144   -65
   145   -66
   146   -66
   147   -67
   148   -68
   149   -68
   150   -68
   151   -69
   152   -69
   153   -69
   154   -68
   155   -68
   156   -67
   157   -67
   158   -66
   159   -67
   160   -66
   161   -66
   162   -67
   163   -68
   164   -67
   165   -68
   166   -68
   167   -68
   168   -69
   169   -69
   170   -68
   171   -67
   172   -67
   173   -67
   174   -66
   175   -66
   176   -66
   177   -66
   178   -66
   179   -67
   180   -67
   181   -67
   182   -68
   183   -69
   184   -69
   185   -68
   186   -69
   187   -68
   188   -67
   189   -67
   190   -67
   191   -67
   192   -66
   193   -66
   194   -67
   195   -67
   196   -67
   197   -68
   198   -68
   199   -68
   200   -69
   201   -41
   202   10
   203   -44
   204   -48
   205   -40
   206   -38
   207   -39
   208   -38
   209   -37
   210   -38
   211   -38
   212   -38
   213   -39
   214   -40
   215   -39
   216   -40
   217   -40
   218   -40
   219   -40
   220   -38
   221   -38
   222   -39
   223   -37
   224   -37
   225   -37
   226   -37
   227   -37
   228   -38
   229   -38
   230   -40
   231   -39
   232   -40
   233   -40
   234   -40
   235   -39
   236   -39
   237   -38
   238   -37
   239   -38
   240   -38
   241   -36
   242   -37
   243   -37
   244   -37
   245   -38
   246   -39
   247   -39
   248   -39
   249   -40
   250   -40
   251   -39
   252   -39
   253   -39
   254   -38
   255   -37
   256   -37
   257   -37
   258   -37
   259   -37
   260   -38
   261   -38
   262   -39
   263   -40
   264   -40
   265   -40
   266   -41
   267   -42
   268   -40
   269   -40
   270   -40
   271   -39
   272   -38
   273   -38
   274   -38
   275   -38
   276   -38
   277   -38
   278   -39
   279   -39
   280   -39
   281   -40
   282   -40
   283   -40
   284   -40
   285   -40
   286   -39
   287   -38
   288   -38
   289   -38
   290   -38
   291   -38
   292   -38
   293   -38
   294   -39
   295   -39
   296   -40
   297   -41
   298   -41
   299   -41
   300   -41
   301   -41
   302   -40
   303   -40
   304   -40
   305   -39
   306   -39
   307   -38
   308   -39
   309   -39
   310   -40
   311   -40
   312   -41
   313   -41
   314   -41
   315   -41
   316   -41
   317   -41
   318   -40
   319   -40
   320   -39
   321   -39
   322   -38
   323   -39
   324   -38
   325   -39
   326   -39
   327   -40
   328   -40
   329   -41
   330   -42
   331   -42
   332   -42
   333   -42
   334   -41
   335   -41
   336   -41
   337   -40
   338   -40
   339   -40
   340   -39
   341   -40
   342   -40
   343   -40
   344   -42
   345   -42
   346   -43
   347   -42
   348   -43
   349   -42
   350   -42
   351   -41
   352   -40
   353   -40
   354   -40
   355   -39
   356   -39
   357   -40
   358   -40
   359   -40
   360   -41
   361   -42
   362   -42
   363   -43
   364   -42
   365   -43
   366   -43
   367   -42
   368   -41
   369   -41
   370   -41
   371   -40
   372   -40
   373   -40
   374   -40
   375   -41
   376   -41
   377   -43
   378   -43
   379   -43
   380   -44
   381   -44
   382   -44
   383   -43
   384   -43
   385   -42
   386   -42
   387   -40
   388   -41
   389   -40
   390   -41
   391   -41
   392   -41
   393   -42
   394   -43
   395   -43
   396   -43
   397   -44
   398   -45
   399   -44
   400   -44
   401   -44
   402   -44
   403   -43
   404   -44
   405   -43
   406   -43
   407   -45
   408   -45
   409   -46
   410   -47
   411   -47
   412   -48
   413   -48
   414   -49
   415   -49
   416   -49
   417   -49
   418   -49
   419   -49
   420   -48
   421   -49
   422   -49
   423   -49
   424   -50
   425   -51
   426   -52
   427   -53
   428   -54
   429   -54
   430   -55
   431   -55
   432   -56
   433   -55
   434   -55
   435   -55
   436   -56
   437   -54
   438   -56
   439   -56
   440   -57
   441   -58
   442   -59
   443   -60
   444   -62
   445   -62
   446   -62
   447   -63
   448   -62
   449   -62
   450   -62
   451   -62
   452   -62
   453   -62
   454   -62
   455   -61
   456   -63
   457   -63
   458   -63
   459   -64
   460   -65
   461   -66
   462   -66
   463   -66
   464   -66
   465   -66
   466   -65
   467   -65
   468   -65
   469   -64
   470   -64
   471   -64
   472   -65
   473   -65
   474   -65
   475   -66
   476   -67
   477   -67
   478   -68
   479   -68
   480   -68
   481   -68
   482   -68
   483   -66
   484   -67
   485   -66
   486   -65
   487   -66
   488   -66
   489   -66
   490   -66
   491   -68
   492   -67
   493   -68
   494   -69
   495   -69
   496   -68
   497   -68
   498   -67
   499   -67
   500   -66
   501   -66
   502   -66
   503   -65
   504   -66
   505   -65
   506   -66
   507   -66
   508   -67
   509   -67
   510   -68
   511   -68
   512   -68
   513   -68
   514   -68
   515   -68
   516   -67
   517   -66
   518   -66
   519   -66
   520   -65
   521   -66
   522   -66
   523   -67
   524   -67
   525   -67
   526   -68
   527   -69
   528   -69
   529   -68
   530   -68
   531   -68
   532   -66
   533   -67
   534   -67
   535   -66
   536   -66
   537   -66
   538   -66
   539   -66
   540   -67
   541   -67
   542   -68
   543   -68
   544   -68
   545   -68
   546   -68
   547   -67
   548   -67
   549   -67
   550   -67
   551   -66
   552   -65
   553   -66
   554   -66
   555   -66
   556   -67
   557   -68
   558   -68
   559   -68
   560   -69
   561   -69
   562   -67
   563   -68
   564   -68
   565   -67
   566   -67
   567   -66
   568   -66
   569   -65
   570   -66
   571   -66
   572   -66
   573   -67
   574   -67
   575   -68
   576   -69
   577   -68
   578   -69
   579   -68
   580   -67
   581   -67
   582   -66
   583   -66
   584   -65
   585   -66
   586   -66
   587   -66
   588   -67
   589   -67
   590   -68
   591   -68
   592   -68
   593   -69
   594   -68
   595   -69
   596   -68
   597   -68
   598   -67
   599   -66
   600   -66
   601   -66
   602   -66
   603   -66
   604   -66
   605   -67
   606   -68
   607   -68
   608   -69
   609   -69
   610   -68
   611   -68
   612   -68
   613   -68
   614   -67
   615   -66
   616   -65
   617   -66
   618   -66
   619   -66
   620   -66
   621   -66
   622   -67
   623   -67
   624   -68
   625   -68
   626   -68
   627   -68
   628   -68
   629   -68
   630   -67
   631   -67
   632   -66
   633   -66
   634   -66
   635   -66
   636   -66
   637   -67
   638   -67
   639   -67
   640   -68
   641   -69
   642   -69
   643   -69
   644   -69
   645   -68
   646   -68
   647   -67
   648   -67
   649   -66
   650   -66
   651   -66
   652   -66
   653   -66
   654   -67
   655   -67
   656   -68
   657   -68
   658   -68
   659   -68
   660   -68
   661   -67
   662   -67
   663   -67
   664   -67
   665   -66
   666   -66
   667   -65
   668   -66
   669   -67
   670   -66
   671   -67
   672   -67
   673   -68
   674   -69
   675   -68
   676   -68
   677   -68
   678   -68
   679   -67
   680   -67
   681   -67
   682   -66
   683   -66
   684   -66
   685   -66
   686   -67
   687   -67
   688   -67
   689   -68
   690   -69
   691   -68
   692   -68
   693   -68
   694   -67
   695   -67
   696   -67
   697   -66
   698   -66
   699   -66
   700   -66
   701   -66
   702   -66
   703   -66
   704   -67
   705   -68
   706   -68
   707   -69
   708   -68
   709   -69
   710   -69
   711   -68
   712   -67
   713   -67
   714   -66
   715   -67
   716   -66
   717   -66
   718   -67
   719   -67
   720   -68
   721   -68
   722   -68
   723   -69
   724   -68
   725   -69
   726   -68
   727   -68
   728   -67
   729   -67
   730   -66
   731   -66
   732   -66
   733   -66
   734   -66
   735   -66
   736   -67
   737   -67
   738   -68
   739   -68
   740   -68
   741   -68
   742   -68
   743   -67
   744   -68
   745   -67
   746   -67
   747   -66
   748   -66
   749   -66
   750   -67
   751   -67
   752   -68
   753   -68
   754   -68
   755   -68
   756   -69
   757   -69
   758   -69
   759   -69
   760   -68
   761   -67
   762   -67
   763   -66
   764   -66
   765   -66
   766   -66
   767   -65
   768   -66
   769   -67
   770   -67
   771   -67
   772   -68
   773   -68
   774   -68
   775   -68
   776   -68
   777   -67
   778   -67
   779   -66
   780   -66
   781   -66
   782   -66
   783   -66
   784   -67
   785   -67
   786   -68
   787   -68
   788   -68
   789   -69
   790   -69
   791   -69
   792   -68
   793   -68
   794   -67
   795   -67
   796   -66
   797   -66
   798   -66
   799   -67
   800   -66
   801   -67
   802   -67
   803   -67
   804   -68
   805   -68
   806   -67
   807   -68
   808   -68
   809   -67
   810   -67
   811   -66
   812   -66
   813   -65
   814   -66
   815   -66
   816   -66
   817   -66
   818   -67
   819   -68
   820   -68
   821   -69
   822   -69
   823   -69
   824   -68
   825   -69
   826   -68
   827   -67
   828   -67
   829   -67
   830   -67
   831   -67
   832   -66
   833   -67
   834   -67
   835   -67
   836   -68
   837   -68
   838   -68
   839   -68
   840   -68
   841   -67
   842   -67
   843   -67
   844   -66
   845   -66
   846   -65
   847   -66
   848   -66
   849   -66
   850   -67
   851   -67
   852   -68
   853   -68
   854   -69
   855   -69
   856   -68
   857   -68
   858   -68
   859   -68
   860   -67
   861   -67
   862   -67
   863   -66
   864   -67
   865   -67
   866   -67
   867   -68
   868   -68
   869   -68
   870   -68
   871   -69
   872   -68
   873   -68
   874   -67
   875   -67
   876   -67
   877   -66
   878   -66
   879   -66
   880   -65
   881   -66
   882   -66
   883   -67
   884   -67
   885   -67
   886   -68
   887   -68
   888   -69
   889   -68
   890   -68
   891   -68
   892   -67
   893   -67
   894   -67
   895   -67
   896   -67
   897   -67
   898   -67
   899   -68
   900   -67
   901   -68
   902   -68
   903   -68
   904   -68
   905   -68
   906   -68
   907   -67
   908   -67
   909   -67
   910   -66
   911   -66
   912   -66
   913   -66
   914   -66
   915   -67
   916   -67
   917   -67
   918   -67
   919   -68
   920   -68
   921   -68
   922   -68
   923   -68
   924   -67
   925   -68
   926   -66
   927   -67
   928   -67
   929   -66
   930   -67
   931   -67
   932   -68
   933   -68
   934   -69
   935   -68
   936   -68
   937   -69
   938   -68
   939   -68
   940   -68
   941   -68
   942   -67
   943   -66
   944   -66
   945   -66
   946   -66
   947   -66
   948   -67
   949   -67
   950   -67
   951   -68
   952   -68
   953   -68
   954   -68
   955   -68
   956   -67
   957   -67
   958   -67
   959   -67
   960   -67
   961   -66
   962   -66
   963   -67
   964   -67
   965   -68
   966   -67
   967   -68
   968   -69
   969   -69
   970   -68
   971   -69
   972   -68
   973   -68
   974   -67
   975   -67
   976   -66
   977   -66
   978   -66
   979   -66
   980   -66
   981   -66
   982   -67
   983   -67
   984   -68
   985   -68
   986   -68
   987   -69
   988   -67
   989   -67
   990   -67
   991   -67
   992   -66
   993   -66
   994   -66
   995   -66
   996   -66
   997   -67
   998   -67
   999   -68
