   0   0
   1   -67
   2   -67
   3   -68
   4   -68
   5   -69
   6   -69
   7   -69
   8   -69
   9   -68
   10   -67
   11   -67
   12   -66
   13   -66
   14   -66
   15   -66
   16   -66
   17   -67
   18   -67
   19   -68
   20   -69
   21   -69
   22   -69
   23   -69
   24   -69
   25   -69
   26   -68
   27   -67
   28   -67
   29   -66
   30   -65
   31   -66
   32   -66
   33   -66
   34   -67
   35   -67
   36   -68
   37   -69
   38   -69
   39   -69
   40   -69
   41   -68
   42   -68
   43   -67
   44   -67
   45   -66
   46   -66
   47   -66
   48   -66
   49   -66
   50   -66
   51   -67
   52   -68
   53   -68
   54   -69
   55   -69
   56   -70
   57   -69
   58   -68
   59   -68
   60   -67
   61   -66
   62   -66
   63   -66
   64   -66
   65   -66
   66   -66
   67   -67
   68   -68
   69   -68
   70   -69
   71   -69
   72   -69
   73   -69
   74   -68
   75   -68
   76   -67
   77   -67
   78   -66
   79   -66
   80   -65
   81   -66
   82   -66
   83   -67
   84   -67
   85   -68
   86   -68
   87   -69
   88   -69
   89   -69
   90   -69
   91   -69
   92   -68
   93   -67
   94   -67
   95   -66
   96   -66
   97   -66
   98   -66
   99   -66
   100   -67
   101   -68
   102   -68
   103   -69
   104   -69
   105   -69
   106   -69
   107   -68
   108   -68
   109   -67
   110   -66
   111   -66
   112   -66
   113   -66
   114   -66
   115   -66
   116   -67
   117   -67
   118   -68
   119   -69
   120   -69
   121   -69
   122   -69
   123   -69
   124   -68
   125   -68
   126   -67
   127   -66
   128   -66
   129   -66
   130   -66
   131   -66
   132   -67
   133   -67
   134   -68
   135   -68
   136   -69
   137   -69
   138   -69
   139   -69
   140   -69
   141   -68
   142   -67
   143   -66
   144   -66
   145   -65
   146   -65
   147   -65
   148   -66
   149   -67
   150   -67
   151   -68
   152   -69
   153   -69
   154   -69
   155   -69
   156   -69
   157   -69
   158   -67
   159   -67
   160   -66
   161   -66
   162   -66
   163   -66
   164   -66
   165   -66
   166   -67
   167   -68
   168   -69
   169   -69
   170   -69
   171   -69
   172   -69
   173   -68
   174   -68
   175   -67
   176   -66
   177   -66
   178   -66
   179   -65
   180   -66
   181   -66
   182   -67
   183   -68
   184   -69
   185   -69
   186   -69
   187   -69
   188   -69
   189   -69
   190   -68
   191   -67
   192   -67
   193   -66
   194   -65
   195   -66
   196   -66
   197   -66
   198   -66
   199   -68
   200   -69
   201   -47
   202   -2
   203   -52
   204   -58
   205   -52
   206   -49
   207   -50
   208   -48
   209   -47
   210   -47
   211   -47
   212   -46
   213   -47
   214   -47
   215   -47
   216   -49
   217   -49
   218   -50
   219   -50
   220   -49
   221   -49
   222   -50
   223   -49
   224   -48
   225   -48
   226   -46
   227   -46
   228   -47
   229   -46
   230   -47
   231   -47
   232   -48
   233   -49
   234   -50
   235   -50
   236   -50
   237   -50
   238   -49
   239   -49
   240   -49
   241   -47
   242   -47
   243   -47
   244   -46
   245   -47
   246   -47
   247   -47
   248   -47
   249   -49
   250   -49
   251   -50
   252   -50
   253   -50
   254   -50
   255   -49
   256   -48
   257   -48
   258   -48
   259   -47
   260   -47
   261   -47
   262   -47
   263   -48
   264   -48
   265   -49
   266   -50
   267   -50
   268   -51
   269   -51
   270   -51
   271   -50
   272   -50
   273   -49
   274   -48
   275   -48
   276   -47
   277   -47
   278   -47
   279   -48
   280   -48
   281   -49
   282   -49
   283   -50
   284   -51
   285   -51
   286   -51
   287   -51
   288   -50
   289   -49
   290   -49
   291   -48
   292   -47
   293   -47
   294   -47
   295   -48
   296   -49
   297   -49
   298   -50
   299   -51
   300   -52
   301   -52
   302   -52
   303   -52
   304   -51
   305   -50
   306   -50
   307   -49
   308   -49
   309   -48
   310   -48
   311   -48
   312   -48
   313   -49
   314   -50
   315   -51
   316   -51
   317   -52
   318   -52
   319   -52
   320   -52
   321   -51
   322   -50
   323   -49
   324   -49
   325   -48
   326   -49
   327   -48
   328   -49
   329   -49
   330   -50
   331   -51
   332   -51
   333   -53
   334   -52
   335   -52
   336   -53
   337   -52
   338   -51
   339   -50
   340   -50
   341   -49
   342   -49
   343   -49
   344   -49
   345   -49
   346   -50
   347   -51
   348   -52
   349   -52
   350   -52
   351   -53
   352   -52
   353   -52
   354   -51
   355   -51
   356   -50
   357   -50
   358   -49
   359   -49
   360   -49
   361   -49
   362   -50
   363   -51
   364   -52
   365   -52
   366   -53
   367   -53
   368   -53
   369   -53
   370   -53
   371   -52
   372   -51
   373   -51
   374   -50
   375   -50
   376   -49
   377   -50
   378   -51
   379   -51
   380   -52
   381   -53
   382   -53
   383   -53
   384   -53
   385   -53
   386   -53
   387   -52
   388   -52
   389   -51
   390   -50
   391   -50
   392   -50
   393   -50
   394   -51
   395   -51
   396   -52
   397   -52
   398   -54
   399   -54
   400   -54
   401   -54
   402   -54
   403   -53
   404   -52
   405   -52
   406   -51
   407   -51
   408   -50
   409   -51
   410   -51
   411   -51
   412   -52
   413   -53
   414   -54
   415   -55
   416   -54
   417   -55
   418   -54
   419   -54
   420   -53
   421   -52
   422   -51
   423   -51
   424   -51
   425   -51
   426   -51
   427   -51
   428   -52
   429   -53
   430   -54
   431   -54
   432   -55
   433   -55
   434   -55
   435   -55
   436   -54
   437   -54
   438   -53
   439   -52
   440   -51
   441   -51
   442   -51
   443   -52
   444   -52
   445   -53
   446   -54
   447   -54
   448   -55
   449   -55
   450   -56
   451   -55
   452   -54
   453   -54
   454   -53
   455   -52
   456   -52
   457   -52
   458   -52
   459   -52
   460   -52
   461   -53
   462   -54
   463   -55
   464   -56
   465   -56
   466   -56
   467   -56
   468   -56
   469   -55
   470   -55
   471   -54
   472   -53
   473   -53
   474   -53
   475   -53
   476   -54
   477   -55
   478   -55
   479   -56
   480   -57
   481   -58
   482   -58
   483   -58
   484   -58
   485   -57
   486   -57
   487   -56
   488   -55
   489   -56
   490   -55
   491   -55
   492   -55
   493   -56
   494   -58
   495   -58
   496   -59
   497   -60
   498   -61
   499   -61
   500   -61
   501   -61
   502   -60
   503   -59
   504   -59
   505   -59
   506   -58
   507   -59
   508   -59
   509   -60
   510   -60
   511   -62
   512   -62
   513   -63
   514   -63
   515   -64
   516   -64
   517   -64
   518   -63
   519   -63
   520   -62
   521   -62
   522   -61
   523   -61
   524   -61
   525   -62
   526   -63
   527   -64
   528   -64
   529   -65
   530   -66
   531   -66
   532   -66
   533   -66
   534   -66
   535   -66
   536   -65
   537   -64
   538   -64
   539   -63
   540   -63
   541   -64
   542   -65
   543   -66
   544   -66
   545   -66
   546   -68
   547   -68
   548   -68
   549   -68
   550   -68
   551   -67
   552   -66
   553   -66
   554   -65
   555   -64
   556   -65
   557   -65
   558   -65
   559   -65
   560   -66
   561   -67
   562   -68
   563   -68
   564   -69
   565   -69
   566   -68
   567   -68
   568   -67
   569   -67
   570   -66
   571   -65
   572   -65
   573   -65
   574   -65
   575   -66
   576   -67
   577   -67
   578   -68
   579   -69
   580   -69
   581   -69
   582   -69
   583   -68
   584   -68
   585   -67
   586   -67
   587   -66
   588   -65
   589   -65
   590   -65
   591   -66
   592   -66
   593   -67
   594   -68
   595   -68
   596   -69
   597   -69
   598   -69
   599   -69
   600   -68
   601   -67
   602   -67
   603   -66
   604   -66
   605   -65
   606   -65
   607   -66
   608   -66
   609   -67
   610   -68
   611   -69
   612   -69
   613   -69
   614   -69
   615   -69
   616   -69
   617   -68
   618   -67
   619   -66
   620   -66
   621   -65
   622   -65
   623   -66
   624   -66
   625   -67
   626   -67
   627   -68
   628   -68
   629   -69
   630   -69
   631   -69
   632   -69
   633   -68
   634   -67
   635   -66
   636   -66
   637   -66
   638   -65
   639   -65
   640   -66
   641   -66
   642   -67
   643   -68
   644   -68
   645   -69
   646   -69
   647   -69
   648   -69
   649   -68
   650   -68
   651   -67
   652   -66
   653   -66
   654   -65
   655   -65
   656   -66
   657   -66
   658   -67
   659   -67
   660   -68
   661   -68
   662   -69
   663   -69
   664   -68
   665   -68
   666   -67
   667   -67
   668   -66
   669   -66
   670   -65
   671   -65
   672   -66
   673   -66
   674   -66
   675   -67
   676   -68
   677   -69
   678   -69
   679   -69
   680   -69
   681   -69
   682   -68
   683   -68
   684   -67
   685   -66
   686   -66
   687   -65
   688   -65
   689   -66
   690   -66
   691   -67
   692   -67
   693   -68
   694   -69
   695   -69
   696   -69
   697   -69
   698   -68
   699   -67
   700   -67
   701   -67
   702   -65
   703   -65
   704   -65
   705   -65
   706   -66
   707   -67
   708   -67
   709   -68
   710   -69
   711   -69
   712   -69
   713   -69
   714   -69
   715   -68
   716   -68
   717   -67
   718   -66
   719   -66
   720   -66
   721   -65
   722   -66
   723   -66
   724   -67
   725   -67
   726   -68
   727   -69
   728   -69
   729   -69
   730   -69
   731   -68
   732   -68
   733   -66
   734   -66
   735   -65
   736   -65
   737   -65
   738   -66
   739   -66
   740   -67
   741   -67
   742   -68
   743   -69
   744   -69
   745   -69
   746   -69
   747   -69
   748   -68
   749   -68
   750   -67
   751   -66
   752   -66
   753   -66
   754   -66
   755   -66
   756   -66
   757   -67
   758   -68
   759   -68
   760   -69
   761   -69
   762   -69
   763   -68
   764   -68
   765   -67
   766   -67
   767   -66
   768   -66
   769   -65
   770   -65
   771   -66
   772   -66
   773   -67
   774   -67
   775   -68
   776   -69
   777   -69
   778   -69
   779   -69
   780   -68
   781   -68
   782   -67
   783   -67
   784   -66
   785   -66
   786   -66
   787   -66
   788   -66
   789   -67
   790   -68
   791   -68
   792   -69
   793   -69
   794   -69
   795   -69
   796   -68
   797   -68
   798   -67
   799   -66
   800   -66
   801   -65
   802   -65
   803   -65
   804   -65
   805   -66
   806   -67
   807   -67
   808   -68
   809   -69
   810   -69
   811   -69
   812   -69
   813   -68
   814   -68
   815   -67
   816   -67
   817   -66
   818   -66
   819   -66
   820   -66
   821   -66
   822   -67
   823   -68
   824   -68
   825   -69
   826   -69
   827   -69
   828   -69
   829   -68
   830   -68
   831   -67
   832   -67
   833   -66
   834   -65
   835   -65
   836   -66
   837   -66
   838   -66
   839   -67
   840   -68
   841   -68
   842   -69
   843   -69
   844   -69
   845   -69
   846   -68
   847   -68
   848   -67
   849   -66
   850   -66
   851   -66
   852   -66
   853   -66
   854   -66
   855   -67
   856   -68
   857   -69
   858   -69
   859   -69
   860   -69
   861   -69
   862   -68
   863   -68
   864   -67
   865   -67
   866   -66
   867   -65
   868   -65
   869   -66
   870   -66
   871   -66
   872   -67
   873   -68
   874   -68
   875   -69
   876   -69
   877   -69
   878   -68
   879   -68
   880   -68
   881   -67
   882   -66
   883   -66
   884   -66
   885   -66
   886   -66
   887   -67
   888   -67
   889   -68
   890   -68
   891   -69
   892   -69
   893   -69
   894   -68
   895   -68
   896   -68
   897   -67
   898   -66
   899   -66
   900   -65
   901   -66
   902   -66
   903   -66
   904   -67
   905   -67
   906   -68
   907   -68
   908   -69
   909   -69
   910   -68
   911   -68
   912   -67
   913   -67
   914   -66
   915   -66
   916   -65
   917   -66
   918   -66
   919   -66
   920   -67
   921   -68
   922   -68
   923   -69
   924   -69
   925   -69
   926   -69
   927   -69
   928   -68
   929   -68
   930   -67
   931   -66
   932   -66
   933   -66
   934   -66
   935   -66
   936   -66
   937   -67
   938   -68
   939   -68
   940   -68
   941   -68
   942   -69
   943   -69
   944   -68
   945   -67
   946   -67
   947   -66
   948   -66
   949   -66
   950   -66
   951   -66
   952   -66
   953   -67
   954   -68
   955   -68
   956   -68
   957   -69
   958   -69
   959   -69
   960   -69
   961   -68
   962   -68
   963   -67
   964   -66
   965   -66
   966   -66
   967   -66
   968   -66
   969   -66
   970   -67
   971   -68
   972   -68
   973   -68
   974   -69
   975   -68
   976   -68
   977   -68
   978   -67
   979   -67
   980   -66
   981   -66
   982   -66
   983   -65
   984   -66
   985   -67
   986   -67
   987   -67
   988   -68
   989   -69
   990   -69
   991   -69
   992   -69
   993   -68
   994   -68
   995   -67
   996   -67
   997   -66
   998   -66
   999   -66
